21
5
10800
0
997
902
1080
1317
1270
1097
1397
1179
1442
1284
1303
1174
1324
1183
936
1172
1339
919
1268
1052
0 1285 1085 940 972 582 718 1432 738 1285 1137 764 1105 601 435 1465 953 1013 808 1112 1472 
1259 0 1082 766 547 827 723 1146 677 1038 1173 1701 1065 757 1608 743 1954 908 1931 1114 1218 
1119 1080 0 518 785 690 594 623 614 440 106 1564 37 620 1468 738 1800 337 1788 36 473 
927 773 564 0 420 487 394 703 371 544 655 1376 560 424 1283 734 1612 243 1600 591 716 
1055 597 799 481 0 555 383 927 360 766 890 1437 782 502 1344 759 1673 643 1661 831 948 
616 848 620 487 517 0 151 977 171 817 711 1012 640 115 945 1030 1238 546 1246 647 994 
703 723 639 395 374 181 0 893 46 734 730 1139 659 266 1023 939 1346 532 1334 666 906 
1474 1158 651 692 888 1039 934 0 922 499 742 1959 634 972 1845 439 2218 638 2185 683 827 
725 677 661 367 346 203 54 865 0 706 752 1139 681 288 1035 915 1370 504 1358 688 878 
1152 848 346 379 575 720 620 449 597 0 412 1600 309 650 1501 571 1848 369 1829 382 451 
1152 1193 113 615 882 753 691 720 711 470 0 1600 123 717 1501 835 1848 434 1829 90 543 
749 1692 1485 1338 1364 1010 1146 1827 1166 1679 1551 0 1505 1001 519 1877 529 1411 595 1512 1878 
1134 1072 37 529 782 705 609 603 629 403 123 1600 0 635 1483 718 1848 348 1829 73 477 
563 797 605 459 485 114 236 951 256 783 696 949 625 0 858 1012 1143 531 1179 632 978 
450 1541 1373 1187 1213 831 982 1675 1002 1528 1421 518 1393 849 0 1719 543 1299 435 1400 1715 
1474 752 828 676 757 1033 968 439 945 828 926 1959 811 972 1845 0 2218 751 2185 860 1063 
863 1823 1616 1469 1495 1111 1247 1968 1267 1817 1683 529 1636 1132 543 2012 0 1542 182 1643 1977 
1055 911 338 237 576 595 506 641 502 506 429 1527 335 532 1404 748 1763 0 1751 365 678 
807 1870 1653 1506 1532 1148 1284 2002 1304 1849 1720 611 1673 1169 432 2039 182 1579 0 1680 2031 
1189 1167 60 562 829 734 638 667 658 438 70 1623 73 664 1530 782 1860 381 1847 0 511 
1526 1215 466 741 939 1099 1004 818 981 384 544 2039 482 1024 1893 934 2248 731 2234 498 0 
0 1545 1346 1156 1210 682 822 1736 914 1497 1443 945 1392 701 516 1835 1228 1258 1067 1394 1752 
1567 0 1335 1069 861 1081 1026 1547 951 1308 1462 2004 1347 990 1945 1113 2315 1228 2302 1392 1563 
1339 1363 0 767 967 885 759 870 845 542 176 1783 114 782 1731 1002 2074 527 2080 95 584 
1106 1043 726 0 554 589 463 967 549 731 848 1560 687 486 1508 1004 1833 350 1887 775 923 
1184 807 929 553 0 705 495 1129 468 917 1023 1597 872 602 1545 994 1878 777 1915 979 1132 
777 1014 696 614 674 0 158 1198 244 975 845 1255 749 134 1139 1267 1528 610 1567 764 1243 
860 895 732 650 521 239 0 1231 86 1025 881 1312 785 320 1211 1310 1585 646 1624 800 1269 
1709 1416 826 885 1012 1216 1135 0 1155 720 934 2153 787 1132 2073 610 2454 775 2429 875 1107 
913 820 779 671 463 286 77 1296 0 1049 926 1343 832 367 1297 1301 1616 693 1655 847 1317 
1321 1069 493 518 628 872 762 627 814 0 594 1758 455 769 1706 733 2062 443 2053 543 570 
1479 1458 160 897 1057 1025 889 998 930 585 0 1885 174 917 1848 1071 2203 641 2183 113 686 
896 1955 1766 1567 1608 1112 1269 2151 1289 1905 1827 0 1832 1134 651 2247 795 1678 839 1843 2102 
1293 1299 39 724 870 845 719 802 805 563 166 1730 0 742 1678 919 2013 467 2036 88 623 
725 989 721 639 649 129 273 1219 359 975 870 1217 774 0 1086 1288 1490 635 1529 789 1243 
527 1811 1627 1428 1469 974 1131 1969 1151 1759 1691 676 1673 995 0 2119 733 1539 568 1675 1987 
1800 1114 968 947 1000 1307 1190 638 1210 1008 1078 2248 950 1223 2187 0 2549 919 2524 1025 1251 
1044 2130 1922 1716 1757 1261 1418 2292 1438 2052 2033 733 1931 1283 698 2436 0 1831 243 1975 2239 
1245 1172 452 353 737 768 642 852 728 656 601 1656 466 665 1604 973 1921 0 1990 520 836 
958 2185 1975 1758 1799 1303 1460 2313 1480 2080 2156 803 1984 1325 501 2462 220 1891 0 2028 2267 
1393 1397 92 829 1009 958 821 950 914 534 97 1834 106 844 1785 1033 2203 573 2137 0 635 
1908 1551 578 1016 1161 1390 1277 1115 1297 518 679 2322 584 1306 2254 1295 2623 971 2598 646 0 
0 1538 1291 1140 1122 725 874 1702 900 1473 1381 864 1289 746 550 1777 1143 1167 975 1324 1636 
1422 0 1228 968 692 982 826 1440 748 1211 1317 1885 1211 882 1825 1033 2251 1102 2214 1262 1374 
1309 1312 0 734 931 845 733 817 759 554 106 1756 64 757 1697 951 2161 496 2074 36 511 
1123 935 664 0 510 585 473 845 499 685 758 1433 657 497 1374 919 1737 333 1748 700 828 
1123 741 806 544 0 561 466 1012 399 827 900 1410 799 473 1351 1088 1714 690 1725 842 967 
810 961 684 578 570 0 174 1151 200 955 776 1084 728 157 1069 1264 1371 641 1382 706 1102 
898 778 684 569 396 197 0 1094 52 917 776 1160 728 302 1130 1199 1458 641 1469 706 1046 
1654 1396 784 892 1005 1198 1097 0 1049 710 878 2107 777 1086 2065 646 2426 805 2425 820 1017 
946 726 746 561 388 259 94 1083 0 899 838 1218 790 364 1177 1191 1522 703 1533 768 1046 
1274 1011 426 525 626 809 737 575 739 0 504 1728 449 721 1669 749 2059 487 2063 458 517 
1291 1396 180 853 1008 958 852 894 878 620 0 1706 145 876 1647 1042 2029 614 2041 120 587 
898 1946 1691 1542 1513 1123 1291 2082 1323 1896 1781 0 1689 1148 617 2185 659 1567 755 1724 2053 
1291 1271 69 710 862 826 714 758 740 553 128 1736 0 738 1677 934 2059 469 2069 105 541 
767 935 650 544 522 131 269 1094 295 917 742 1050 694 0 1014 1199 1333 607 1355 672 1046 
489 1709 1467 1318 1289 898 1082 1849 1114 1645 1557 629 1465 922 0 1951 704 1343 525 1500 1815 
1731 1016 875 922 1002 1275 1163 577 1134 955 967 2193 868 1163 2165 0 2512 896 2511 915 1102 
1111 2108 1854 1713 1684 1294 1462 2269 1494 2078 1945 683 1865 1319 668 2364 0 1738 217 1877 2240 
1221 1181 445 365 753 696 584 810 610 684 539 1623 439 608 1564 951 1967 0 1948 478 827 
916 2108 1854 1713 1684 1294 1462 2269 1494 2078 1945 769 1865 1319 461 2364 235 1738 0 1877 2240 
1357 1363 106 809 991 922 813 857 839 592 70 1765 99 837 1706 1007 2161 568 2074 0 559 
1759 1527 494 968 1116 1303 1186 1075 1138 484 573 2265 537 1191 2228 1191 2584 983 2583 526 0 
0 1571 1265 1146 1225 675 829 1793 871 1685 1355 847 1300 701 504 1853 1156 1234 972 1285 1767 
1576 0 1354 977 731 1071 1002 1543 977 1435 1444 1983 1366 961 1974 1103 2270 1216 2330 1374 1594 
1333 1335 0 674 886 809 670 732 712 519 106 1678 37 702 1637 972 1956 449 1946 36 526 
1181 1006 718 0 506 616 477 883 519 777 810 1538 732 509 1497 974 1830 382 1797 740 946 
1282 753 921 542 0 700 461 1075 471 992 1014 1624 890 617 1583 1033 1922 789 1889 948 1120 
787 1104 724 634 673 0 211 1217 253 1108 816 1226 747 184 1169 1350 1516 706 1485 746 1254 
890 827 703 613 462 239 0 1217 67 1089 795 1319 726 340 1284 1324 1609 685 1578 725 1228 
1837 1560 865 970 1118 1354 1239 0 1264 737 952 2258 837 1244 2265 619 2527 892 2605 894 1120 
976 760 758 645 445 294 71 1217 0 1089 850 1392 781 395 1351 1354 1682 740 1651 780 1242 
1449 1104 466 529 648 939 787 550 829 0 534 1799 463 819 1758 775 2128 518 2069 498 552 
1427 1429 113 777 1003 919 773 829 815 559 0 1753 134 805 1712 1066 2050 552 2028 90 604 
877 1997 1684 1589 1670 1104 1281 2282 1306 2103 1774 0 1719 1150 631 2294 711 1653 746 1704 2206 
1344 1308 58 681 856 816 677 702 719 553 123 1691 0 709 1650 936 1991 456 1962 75 578 
754 1006 679 589 649 141 294 1169 336 1089 771 1187 702 0 1130 1303 1420 661 1419 701 1193 
539 1867 1549 1454 1535 958 1135 2138 1160 1967 1639 598 1584 1015 0 2158 630 1518 510 1569 2074 
1835 1128 1213 945 990 1343 1228 589 1253 1258 1303 2258 1193 1233 2265 0 2527 1055 2603 1240 1424 
1038 2134 1838 1743 1844 1258 1435 2444 1460 2283 1927 649 1873 1304 695 2447 0 1808 250 1857 2383 
1282 1184 404 313 735 761 622 799 664 691 496 1647 414 654 1606 1032 1933 0 1915 426 872 
990 2264 1985 1862 1941 1365 1542 2591 1567 2430 2074 730 2016 1411 507 2545 202 1929 0 2004 2530 
1386 1396 60 724 931 859 720 776 762 557 70 1729 81 752 1688 997 2036 499 1999 0 565 
1862 1560 520 970 1118 1376 1261 1030 1286 449 588 2279 529 1266 2275 1244 2548 967 2605 552 0 
0 1457 1202 1072 1079 670 821 1593 866 1449 1219 768 1238 693 468 1680 960 1180 859 1224 1613 
1370 0 1196 859 588 874 817 1182 749 1226 1287 1706 1216 794 1631 760 1911 1003 1934 1223 1390 
1257 1210 0 535 812 722 649 698 694 446 106 1561 37 642 1486 809 1755 366 1785 36 473 
1055 824 579 0 456 499 437 916 442 715 670 1379 582 430 1304 778 1573 258 1603 606 951 
1087 604 840 508 0 545 436 1090 384 917 935 1398 860 465 1323 857 1592 664 1622 867 1130 
730 886 649 524 564 0 161 1177 206 1023 740 1087 669 115 1045 1091 1274 575 1307 676 1129 
845 820 694 560 444 209 0 1177 86 1007 785 1194 714 296 1154 1127 1388 620 1418 721 1164 
1561 1248 663 711 875 1069 1005 0 967 499 754 1908 646 993 1845 468 2105 656 2146 695 865 
875 734 724 474 358 239 78 1090 0 917 815 1225 744 326 1163 1045 1419 617 1449 751 1130 
1288 880 346 410 574 758 701 473 649 0 412 1605 309 678 1530 628 1799 395 1829 382 516 
1265 1270 113 638 931 772 752 795 797 476 0 1592 123 745 1517 910 1786 469 1829 90 543 
939 1958 1735 1592 1585 1194 1335 2112 1360 1957 1779 0 1755 1214 520 2180 529 1674 613 1762 2146 
1266 1145 37 543 792 734 661 678 706 409 123 1580 0 654 1505 789 1774 374 1805 73 477 
685 815 625 492 506 114 242 1148 287 955 716 1008 645 0 984 1044 1205 551 1246 652 1095 
447 1657 1440 1297 1290 893 1055 1799 1080 1655 1489 518 1460 917 0 1909 568 1379 459 1467 1827 
1620 801 852 754 851 1120 1052 439 1077 832 945 1959 835 1052 1910 0 2174 769 2185 884 1127 
967 2074 1843 1697 1690 1299 1440 2213 1465 2088 1895 529 1863 1319 543 2273 0 1779 182 1868 2284 
1152 1033 338 244 676 610 548 715 593 547 429 1465 335 541 1390 779 1659 0 1689 365 756 
822 2074 1843 1697 1690 1299 1440 2213 1465 2088 1895 619 1863 1319 432 2273 182 1779 0 1868 2284 
1288 1222 60 585 856 772 699 742 744 444 70 1605 73 692 1530 853 1799 416 1829 0 511 
1654 1340 472 808 972 1162 1085 844 1047 416 550 1987 488 1086 1936 1072 2181 793 2212 504 0 
