13
5
10800
0
2015
2076
2293
2589
2646
2287
2070
1829
2456
2690
2658
2215
0 1378 483 1050 1078 374 688 737 1226 1387 924 1024 334 
1258 0 1023 1762 1787 1111 1260 1397 1274 138 1648 1747 1139 
352 1141 0 745 776 88 462 438 1059 1181 626 730 318 
1051 1938 863 0 581 766 684 604 1735 1936 216 146 971 
1146 2012 952 588 0 843 712 681 1818 2020 403 664 1064 
398 1047 180 885 917 0 374 511 972 1095 766 870 230 
653 1409 380 741 717 468 0 258 1274 1441 615 612 485 
735 1529 491 622 653 471 257 0 1382 1561 503 607 596 
1131 1232 920 1659 1684 1008 1154 1291 0 1257 1545 1644 1023 
1296 139 1092 1843 1859 1180 1329 1466 1311 0 1717 1823 1177 
916 1744 728 272 397 631 549 469 1545 1776 0 303 833 
1088 1963 908 154 620 805 614 643 1759 1972 255 0 1030 
343 1196 322 1027 1058 367 516 653 1119 1232 908 1024 0 
0 1585 606 1415 1423 557 807 1035 1324 1670 1284 1375 427 
1501 0 1203 2060 2104 1320 1502 1735 1464 196 1944 1990 1360 
499 1443 0 943 958 133 560 578 1133 1528 820 885 417 
1336 2200 1071 0 735 969 919 831 2044 2313 276 191 1247 
1336 2227 1096 821 0 996 947 854 2054 2340 568 926 1272 
518 1326 226 1108 1124 0 427 651 1043 1349 969 1062 284 
823 1596 459 843 916 592 0 415 1367 1681 741 757 589 
966 1700 592 771 813 603 329 0 1500 1785 649 714 722 
1232 1443 981 1868 1888 1098 1300 1513 0 1528 1720 1812 1102 
1551 202 1253 2119 2174 1370 1552 1785 1503 0 2005 2049 1410 
1197 2052 921 408 572 807 776 679 1893 2153 0 478 1123 
1415 2342 1165 227 824 1093 824 951 2148 2446 365 0 1341 
432 1467 451 1318 1352 584 652 876 1218 1552 1187 1278 0 
0 1459 564 1195 1245 454 758 857 1279 1504 1123 1141 341 
1406 0 1151 1981 2002 1251 1423 1577 1401 156 1850 1910 1246 
402 1247 0 814 874 89 476 482 1114 1309 713 766 324 
1196 2170 1011 0 641 892 921 783 1878 2204 321 168 1130 
1299 2335 1111 712 0 1010 958 875 2012 2376 541 798 1224 
404 1173 193 960 1021 0 387 612 1008 1239 857 912 235 
711 1580 426 817 915 515 0 397 1310 1625 728 676 542 
947 1793 647 760 820 680 415 0 1527 1842 659 712 763 
1229 1340 954 1750 1800 1054 1267 1421 0 1391 1678 1696 1069 
1430 195 1175 2004 2052 1275 1447 1601 1401 0 1888 1933 1270 
1088 2041 868 362 465 758 766 649 1747 2057 0 348 1003 
1275 2263 1102 190 798 986 744 867 1970 2318 405 0 1215 
359 1309 363 1137 1173 452 557 782 1199 1357 1073 1083 0 
0 1591 614 1431 1368 546 802 995 1391 1671 1286 1398 374 
1480 0 1256 2269 2283 1391 1480 1722 1479 204 2195 2125 1335 
499 1426 0 969 958 150 573 558 1191 1506 843 944 414 
1333 2341 1093 0 755 1016 925 828 2042 2366 266 254 1228 
1413 2362 1165 722 0 1100 947 847 2136 2407 531 886 1300 
461 1260 235 1146 1088 0 423 685 1036 1349 1022 1072 264 
780 1595 457 808 905 607 0 432 1410 1675 701 669 583 
924 1725 598 814 802 700 411 0 1539 1811 692 761 724 
1292 1490 1034 2068 2016 1169 1258 1500 0 1570 1940 1913 1147 
1535 151 1311 2332 2320 1446 1535 1777 1543 0 2268 2188 1390 
1207 2180 973 426 520 873 740 700 1953 2225 0 381 1113 
1348 2341 1100 160 778 1049 698 851 2042 2366 289 0 1235 
445 1454 396 1325 1254 546 584 846 1238 1534 1180 1222 0 
0 1467 560 1275 1296 439 775 856 1303 1517 1147 1245 381 
1447 0 1218 2034 2042 1306 1485 1627 1465 138 1890 2007 1309 
354 1191 0 979 974 89 482 494 1058 1281 796 939 346 
1111 1924 930 0 588 823 721 651 1781 1980 222 177 1059 
1147 1947 985 588 0 868 726 696 1845 2008 403 661 1087 
482 1112 199 1130 1098 0 393 530 972 1202 966 978 257 
758 1467 416 756 779 505 0 279 1311 1517 615 612 533 
853 1540 529 744 733 588 275 0 1459 1590 563 695 646 
1145 1241 921 1721 1733 1009 1188 1330 0 1324 1593 1691 1023 
1380 139 1151 1950 1965 1239 1418 1560 1400 0 1834 1924 1242 
984 1753 810 300 401 696 594 524 1636 1804 0 301 930 
1164 1963 1000 156 652 887 623 715 1845 2045 286 0 1108 
367 1336 393 1275 1296 445 587 724 1188 1386 1147 1185 0 
