23
15
3600
0
1167
960
1381
1415
1320
1467
920
1381
1152
1451
1424
1060
1458
1210
1437
1475
1275
946
1166
1387
1385
1128
0 227 515 1063 1544 1175 846 1981 1308 1933 1456 1659 1252 621 1545 666 1712 1078 729 1322 1472 662 871 
249 0 608 1236 1725 1355 1027 2171 1489 2122 1637 1844 1425 833 1725 843 1903 1258 912 1502 1653 874 1116 
486 608 0 692 1163 804 482 1600 926 1552 1089 1287 880 338 1181 302 1340 707 365 957 1091 363 1005 
1019 1222 753 0 1062 687 514 1504 824 1456 1009 1192 278 834 1088 483 1245 590 435 834 994 704 1541 
1557 1760 1291 1025 0 371 801 668 384 619 926 822 1214 1341 172 989 875 646 1006 354 253 1211 2067 
1195 1398 888 652 380 0 444 1036 370 1003 842 678 840 1004 376 632 731 275 637 147 532 853 1692 
808 1023 545 487 730 402 0 1180 493 1130 705 856 675 640 772 289 914 304 294 549 658 510 1283 
2026 2225 1730 1486 668 1044 1207 0 784 493 1344 1101 1675 1785 840 1434 1223 1127 1439 961 671 1655 2452 
1268 1471 1011 786 381 372 513 823 0 760 638 534 981 1128 433 743 587 421 748 240 309 968 1765 
1912 2111 1639 1412 619 962 1133 493 701 0 1193 962 1601 1694 762 1343 1074 1037 1348 878 535 1564 2407 
1479 1682 1213 959 919 822 678 1326 678 1182 0 596 1140 1263 971 915 659 770 918 804 843 1133 2016 
1879 2078 1600 1351 980 867 1072 1099 647 963 592 0 1540 1655 1033 1304 278 916 1309 849 792 1525 2407 
1119 1322 855 280 1163 789 616 1600 926 1552 1110 1289 0 944 1164 585 1342 692 537 936 1091 806 1616 
596 781 318 836 1325 951 627 1771 1098 1723 1251 1449 1026 0 1321 393 1502 852 481 1098 1262 356 1052 
1450 1653 1184 936 195 283 727 824 341 736 886 782 1140 1254 0 899 835 523 916 254 248 1124 1952 
636 821 366 465 935 578 256 1383 696 1335 855 1066 653 385 971 0 1119 481 88 725 861 255 1116 
2026 2225 1735 1467 1178 1060 1188 1294 835 1150 610 288 1656 1790 1230 1439 0 1127 1444 1042 992 1660 2457 
1064 1267 790 554 599 267 281 1097 418 1049 630 749 742 885 595 534 802 0 539 323 583 755 1541 
662 847 399 457 969 612 290 1427 730 1379 889 1106 645 460 983 88 1159 515 0 759 895 330 1165 
1300 1503 1061 791 347 148 583 971 238 955 789 625 983 1128 343 771 678 346 776 0 425 992 1797 
1479 1682 1213 959 232 490 683 675 266 538 808 704 1168 1270 314 915 757 591 918 430 0 1140 2016 
616 801 338 673 1140 786 464 1577 905 1529 1066 1278 861 357 1164 230 1331 689 318 935 1068 0 1069 
977 1180 1014 1546 2035 1661 1339 2478 1795 2429 1946 2151 1735 1059 2034 1127 2204 1564 1215 1814 1997 1090 0 
0 225 519 1071 1579 1195 857 2227 1499 2203 1655 1863 1298 602 1567 674 1935 1098 737 1343 1716 659 890 
225 0 608 1249 1759 1375 1048 2402 1692 2384 1854 2080 1476 785 1747 835 2133 1278 898 1523 1901 842 1070 
495 608 0 693 1193 809 480 1762 1053 1750 1213 1408 900 384 1181 297 1474 712 360 958 1270 386 1005 
1151 1359 859 0 1100 707 546 1636 920 1653 1107 1311 296 884 1088 510 1377 610 473 854 1144 731 1665 
1658 1876 1275 1058 0 371 815 683 407 682 1036 868 1285 1392 172 989 925 646 1011 354 253 1251 2235 
1259 1467 934 683 380 0 444 1014 372 1003 849 696 890 1042 376 632 749 275 648 147 532 853 1797 
837 1039 608 502 776 402 0 1276 569 1273 713 944 709 672 772 298 1003 304 314 549 752 519 1383 
2410 2544 2004 1698 672 1049 1469 0 838 493 1377 1141 1955 2068 844 1696 1293 1225 1692 1020 676 1909 3019 
1491 1675 1108 882 400 388 597 828 0 760 694 552 1110 1240 456 831 605 439 847 240 325 1099 2051 
2257 2383 1810 1557 619 981 1328 493 758 0 1208 973 1784 1934 776 1555 1109 1133 1551 936 549 1791 2865 
1606 1790 1223 1028 1011 836 713 1332 703 1182 0 596 1255 1354 1077 977 659 775 969 818 937 1213 2161 
1909 2071 1474 1225 895 723 988 1099 605 963 592 0 1452 1600 971 1223 278 768 1219 705 815 1459 2447 
1259 1467 951 280 1193 804 643 1729 1020 1748 1195 1408 0 1042 1181 607 1474 707 570 958 1237 828 1797 
596 779 360 859 1354 980 645 1989 1308 1952 1442 1639 1090 0 1342 411 1705 877 499 1128 1521 374 1168 
1566 1750 1183 977 195 283 727 823 345 736 964 828 1207 1296 0 899 881 523 916 254 248 1155 2131 
650 833 390 470 956 585 256 1534 798 1527 942 1178 677 408 971 0 1244 488 88 732 1017 255 1168 
1909 2071 1474 1225 906 730 996 1254 612 1106 610 288 1452 1600 971 1223 0 775 1219 712 827 1459 2447 
1151 1359 849 590 603 267 305 1130 435 1130 638 767 797 920 599 539 820 0 555 326 626 760 1640 
708 891 465 484 1030 641 312 1583 854 1573 1030 1259 691 483 1018 88 1325 544 0 788 1091 330 1168 
1437 1613 1100 822 347 148 583 971 238 955 796 643 1062 1170 343 771 696 346 787 0 425 1023 1981 
1695 1898 1312 1101 232 500 787 676 288 538 884 749 1328 1438 314 1061 802 629 1057 439 0 1297 2269 
622 805 362 678 1176 793 464 1718 1009 1733 1195 1391 885 380 1164 230 1457 696 318 945 1226 0 1168 
979 1183 1060 1528 2063 1652 1360 2695 1969 2691 2186 2331 1755 1096 2038 1123 2384 1555 1203 1800 2185 1290 0 
0 296 679 1222 1922 1545 1069 2457 1609 2691 1800 2030 1413 791 1952 752 2066 1368 889 1769 1853 980 1053 
264 0 691 1349 2055 1649 1181 2571 1713 2755 1921 2132 1540 1040 2071 870 2168 1472 984 1881 2005 1104 1309 
688 739 0 727 1452 1012 583 2003 1173 2229 1331 1623 970 474 1433 309 1636 886 446 1238 1394 601 1309 
1272 1444 868 0 1415 958 690 1996 1160 2210 1323 1610 375 1080 1379 587 1623 829 524 1207 1381 877 1788 
1751 1994 1397 1156 0 407 932 815 445 787 1246 968 1347 1570 194 1111 1015 710 1117 416 336 1355 2275 
1356 1553 966 695 404 0 524 1120 463 1222 1166 827 941 1195 385 698 863 303 688 252 612 980 1905 
1110 1331 713 583 1008 570 0 1517 713 1561 912 1167 815 896 971 401 1180 405 432 801 951 732 1607 
2413 2689 2075 1849 785 1130 1535 0 833 505 1591 1293 2019 2265 917 1828 1369 1303 1825 1099 717 2057 3056 
1790 2030 1436 1186 479 530 885 971 0 888 918 641 1377 1609 524 1150 677 582 1156 329 420 1394 2275 
2413 2689 2075 1849 792 1082 1535 560 824 0 1591 1143 2019 2265 870 1828 1269 1303 1825 1041 578 2057 3056 
1994 2266 1648 1344 1410 1275 1149 1790 1055 1627 0 813 1620 1818 1448 1362 835 1268 1368 1245 1352 1606 2484 
2401 2677 2063 1847 1201 1233 1514 1294 874 1152 810 0 2019 2246 1239 1810 297 1303 1813 1203 968 2038 3056 
1356 1577 995 401 1487 1093 805 2054 1208 2256 1448 1658 0 1195 1514 702 1671 943 639 1317 1429 980 1905 
773 1003 466 997 1658 1333 834 2248 1379 2428 1579 1844 1220 0 1696 560 1814 1138 697 1547 1600 654 1309 
1633 1894 1279 1027 246 297 821 971 375 895 1160 874 1220 1461 0 1002 937 600 1001 306 319 1246 2166 
852 1011 457 507 1207 771 358 1777 970 2127 1118 1418 739 509 1171 0 1431 661 143 1017 1199 345 1418 
2377 2653 2039 1849 1415 1349 1620 1531 1103 1368 784 365 2019 2225 1453 1787 0 1419 1793 1319 1182 2017 2878 
1313 1519 945 678 744 340 507 1373 581 1413 1017 1001 941 1169 725 681 1015 0 671 466 826 964 1905 
853 1011 458 559 1341 886 473 1895 1093 2187 1274 1543 791 614 1305 148 1556 776 0 1150 1314 450 1418 
1596 1794 1242 959 371 263 781 1099 397 1142 1160 800 1191 1417 352 958 836 531 975 0 516 1202 2166 
1994 2266 1630 1374 342 625 1119 795 365 628 1160 864 1565 1810 420 1344 900 881 1350 631 0 1588 2464 
941 1168 523 732 1452 1012 583 2003 1173 2229 1331 1623 970 513 1433 261 1636 886 398 1238 1394 0 1436 
1123 1344 1212 1699 2371 1983 1536 2904 2073 2833 2279 2468 1859 1290 2400 1231 2504 1840 1342 2163 2313 1283 0 
0 328 645 1125 1681 1330 979 2325 1387 2206 1628 1783 1337 718 1754 692 1863 1238 777 1540 1598 762 1027 
311 0 683 1316 1900 1495 1163 2497 1557 2388 1798 2012 1528 981 1929 861 2023 1403 946 1710 1768 1043 1309 
620 719 0 725 1297 890 555 1961 1022 1855 1274 1424 912 493 1273 289 1506 763 374 1127 1233 508 1128 
1230 1444 865 0 1267 836 640 1908 993 1855 1267 1387 340 980 1243 555 1469 709 516 1042 1204 780 1738 
1848 2082 1540 1276 0 522 1075 918 523 816 1303 1064 1488 1640 254 1264 1146 812 1261 473 367 1487 2301 
1303 1560 1006 778 556 0 572 1232 479 1233 1122 822 954 1108 462 712 884 305 736 278 613 933 1906 
1028 1285 704 579 896 500 0 1438 591 1419 916 982 790 821 929 398 1068 373 422 722 802 623 1596 
2422 2651 2099 1836 891 1250 1547 0 949 580 1805 1493 2054 2185 1041 1840 1575 1435 1827 1221 834 2065 2858 
1466 1723 1184 971 504 516 667 1047 0 955 913 634 1170 1278 540 884 696 597 915 413 410 1125 1976 
2370 2599 2047 1781 897 1193 1495 646 895 0 1727 1329 2009 2144 989 1769 1449 1383 1766 1164 753 2024 2805 
1702 1949 1420 1190 1208 1053 885 1805 922 1638 0 857 1402 1520 1281 1144 861 1028 1141 1076 1125 1367 2207 
1978 2207 1672 1408 1128 909 1122 1512 789 1318 895 0 1620 1772 1201 1396 389 989 1393 898 1045 1619 2436 
1370 1627 1109 493 1495 1070 873 2129 1201 2022 1470 1597 0 1170 1519 788 1679 975 749 1311 1412 1020 1906 
752 1062 463 971 1547 1129 789 2181 1253 2083 1470 1649 1170 0 1578 471 1731 1028 583 1363 1464 445 1309 
1667 1924 1385 1125 252 355 933 1047 423 890 1224 982 1337 1485 0 1109 1068 645 1106 306 287 1332 2174 
753 1015 421 537 1128 689 354 1723 839 1663 1068 1217 748 467 1131 0 1299 562 112 907 1045 269 1226 
1945 2174 1618 1354 1057 878 1068 1579 739 1385 860 341 1566 1718 1130 1342 0 970 1339 848 971 1565 2369 
1230 1487 954 695 810 350 396 1342 505 1346 873 848 912 1058 735 629 925 0 653 431 716 854 1738 
800 1023 468 522 1208 778 443 1805 922 1743 1177 1316 733 555 1188 111 1398 651 0 1008 1125 357 1309 
1524 1781 1242 990 497 236 793 1172 330 1156 1094 763 1202 1327 403 951 825 526 961 0 554 1174 1997 
1724 1970 1442 1190 348 618 899 905 345 675 1122 890 1402 1542 384 1166 958 829 1163 569 0 1389 2207 
756 1062 434 731 1296 883 548 1961 1022 1855 1267 1408 912 448 1272 230 1490 756 342 1127 1233 0 1309 
1161 1418 1260 1726 2327 1924 1574 2893 1995 2815 2262 2436 1942 1297 2339 1270 2447 1822 1346 2155 2223 1331 0 
0 273 671 1202 1725 1300 1000 2305 1408 2249 1683 1844 1361 675 1730 717 1837 1181 830 1527 1640 797 1057 
291 0 680 1393 1923 1515 1183 2480 1622 2451 1867 1991 1552 918 1964 933 2071 1396 1068 1742 1883 1036 1285 
568 703 0 750 1285 881 581 1877 989 1760 1275 1407 930 436 1320 301 1409 785 414 1119 1200 450 1110 
1159 1443 896 0 1239 826 624 1836 933 1714 1258 1371 293 997 1253 570 1373 730 550 1068 1154 790 1627 
1724 1992 1460 1234 0 464 1007 919 498 845 1278 1046 1393 1600 188 1182 1067 739 1231 418 353 1397 2193 
1343 1621 1110 774 513 0 552 1291 435 1268 1100 777 947 1211 440 751 846 289 759 262 658 974 1905 
1028 1312 752 582 855 506 0 1435 548 1357 843 990 753 824 868 421 1007 410 416 742 771 641 1560 
2320 2572 2041 1849 926 1345 1557 0 1023 651 1835 1454 2050 2152 1077 1782 1575 1525 1813 1249 894 2004 2872 
1446 1726 1182 882 480 432 589 1057 0 955 774 576 1052 1281 493 859 645 574 867 354 396 1078 1962 
2121 2373 1861 1651 864 1217 1348 686 839 0 1625 1224 1812 1987 940 1573 1263 1330 1622 1134 713 1788 2626 
1644 1911 1380 1171 1165 1053 852 1745 847 1567 0 815 1330 1520 1207 1102 817 991 1151 1043 1080 1317 2160 
2052 2279 1752 1547 1261 1072 1244 1525 883 1246 774 0 1706 1871 1308 1474 323 1184 1523 1062 1123 1689 2519 
1228 1512 942 287 1321 888 686 1914 1004 1796 1318 1431 0 1074 1320 632 1433 792 612 1125 1236 852 1696 
681 917 433 996 1546 1145 826 2128 1229 2071 1519 1653 1148 0 1575 441 1655 1003 558 1372 1461 410 1265 
1644 1911 1380 1142 255 361 899 1081 413 955 1189 990 1301 1520 0 1102 1003 636 1151 315 354 1317 2160 
739 1004 470 534 1103 707 407 1692 795 1580 1055 1246 705 455 1151 0 1248 611 117 961 1030 272 1285 
2217 2469 1937 1765 1551 1350 1462 1759 1167 1480 787 359 1935 2057 1598 1679 0 1463 1728 1340 1337 1898 2805 
1239 1523 981 669 830 343 392 1411 523 1318 818 990 840 1074 776 646 980 0 654 490 746 866 1707 
755 1004 491 587 1152 734 434 1720 822 1608 1099 1261 758 582 1178 152 1263 638 0 984 1067 399 1291 
1557 1829 1293 1064 490 274 743 1221 337 1147 931 679 1223 1433 417 1015 748 489 1064 0 560 1230 2077 
1644 1911 1380 1171 349 650 853 897 347 674 1100 840 1330 1520 374 1102 923 838 1151 604 0 1317 2160 
750 1004 481 776 1379 980 649 1974 1062 1882 1341 1486 947 466 1394 264 1488 853 381 1191 1294 0 1291 
1143 1427 1265 1739 2264 1837 1531 2867 1984 2781 2185 2367 1932 1281 2273 1283 2447 1744 1414 2074 2208 1304 0 
0 309 666 1150 1681 1263 962 2224 1399 2157 1627 1798 1334 676 1691 714 1865 1160 822 1460 1660 761 1060 
286 0 677 1290 1864 1419 1113 2384 1554 2308 1782 1958 1474 932 1876 861 2022 1316 962 1616 1812 1013 1310 
580 686 0 735 1344 914 551 1936 1062 1855 1262 1461 930 445 1342 313 1522 798 421 1140 1323 449 1162 
1164 1375 879 0 1277 866 644 1852 993 1755 1240 1399 340 1021 1305 610 1460 742 539 1090 1256 826 1683 
1673 1898 1362 1155 0 440 968 870 448 827 1223 1035 1339 1490 197 1112 1056 738 1120 502 366 1328 2170 
1235 1441 946 698 468 0 546 1240 493 1262 1101 873 912 1090 433 696 900 310 676 276 681 920 1754 
990 1242 692 565 886 527 0 1472 575 1389 909 1035 805 879 917 441 1056 403 421 745 869 657 1475 
2303 2561 2001 1756 895 1270 1457 0 959 610 1674 1428 1933 2173 1021 1732 1533 1399 1740 1215 829 1956 2805 
1427 1642 1116 898 451 467 625 1050 0 981 882 654 1116 1280 481 896 681 535 876 327 434 1118 1972 
2178 2425 1865 1624 816 1144 1325 650 794 0 1505 1170 1812 2043 881 1600 1261 1272 1608 1093 622 1820 2629 
1650 1881 1339 1127 1191 1039 827 1757 859 1643 0 860 1311 1467 1256 1089 828 977 1097 1016 1170 1305 2170 
2013 2230 1659 1433 1137 940 1134 1510 793 1330 854 0 1617 1787 1202 1409 374 1003 1417 924 1122 1625 2455 
1235 1413 925 280 1315 906 687 1880 1033 1793 1281 1436 0 1076 1334 653 1497 785 582 1132 1294 869 1754 
674 928 407 936 1489 1112 738 2058 1207 1987 1436 1606 1160 0 1536 440 1667 1011 553 1288 1468 412 1242 
1551 1766 1240 1052 252 332 866 1069 419 955 1223 997 1236 1378 0 1000 1023 630 997 394 368 1216 2087 
680 923 414 539 1122 717 346 1708 820 1620 1050 1255 779 488 1118 0 1316 593 113 957 1107 266 1242 
1956 2218 1627 1401 1130 914 1102 1582 775 1402 845 388 1585 1755 1195 1377 0 980 1385 903 1106 1593 2455 
1164 1345 856 607 796 348 396 1428 522 1370 880 944 847 1021 761 605 937 0 585 434 816 821 1662 
777 1041 511 535 1191 778 407 1757 881 1669 1116 1294 775 610 1189 146 1355 654 0 1021 1170 388 1352 
1427 1642 1116 906 447 215 749 1227 369 1190 1045 801 1116 1280 412 899 828 468 879 0 643 1118 1972 
1733 1952 1422 1199 340 648 928 928 365 639 1153 944 1383 1550 405 1172 966 820 1180 664 0 1388 2203 
745 990 478 751 1344 914 558 1936 1062 1855 1262 1461 952 496 1342 260 1522 805 373 1144 1323 0 1329 
1068 1320 1162 1631 2192 1749 1443 2775 1876 2755 2105 2302 1831 1220 2165 1199 2345 1646 1288 1956 2159 1255 0 
0 276 641 1157 1645 1263 976 2236 1390 2158 1601 1767 1370 666 1694 713 1837 1139 809 1508 1642 736 1005 
279 0 667 1291 1795 1417 1108 2363 1540 2348 1751 1907 1504 910 1871 861 1981 1293 976 1662 1792 973 1210 
556 638 0 701 1224 825 530 1788 965 1725 1193 1342 947 463 1250 283 1398 752 379 1096 1221 429 1063 
1168 1320 791 0 1166 750 564 1730 900 1667 1169 1273 316 944 1138 539 1329 677 458 1030 1163 744 1550 
1902 1995 1439 1199 0 474 998 873 468 793 1199 982 1412 1588 188 1205 1049 779 1191 398 296 1421 2259 
1421 1461 953 707 462 0 534 1225 458 1177 1050 778 947 1139 408 712 853 305 732 230 594 920 1905 
922 1195 616 543 799 448 0 1383 553 1315 866 944 757 779 828 380 1000 355 384 663 730 585 1402 
2373 2586 2048 1825 926 1265 1538 0 999 584 1765 1368 2004 2154 1034 1821 1496 1486 1806 1263 858 2062 2805 
1528 1598 1089 883 423 476 616 996 0 955 797 600 1133 1246 478 848 675 583 868 348 354 1079 1952 
2211 2346 1800 1569 792 1111 1289 598 778 0 1516 1126 1782 1923 878 1566 1243 1279 1552 1050 609 1782 2620 
1764 1840 1325 1113 1110 1002 815 1660 837 1597 0 806 1326 1474 1168 1091 860 976 1070 1000 1104 1307 2150 
2020 2192 1611 1389 1059 911 1109 1415 774 1209 862 0 1602 1760 1117 1377 337 1026 1363 858 1033 1593 2410 
1331 1409 898 302 1259 857 671 1854 1004 1760 1271 1378 0 1107 1293 646 1434 784 565 1116 1256 851 1722 
677 927 463 936 1448 1071 752 2051 1193 1942 1400 1570 1174 0 1500 447 1626 965 556 1310 1445 408 1210 
1789 1886 1350 1113 215 379 929 990 421 831 1143 944 1326 1499 0 1116 1000 684 1102 303 288 1332 2150 
694 929 395 513 1012 630 335 1605 771 1512 971 1187 727 449 1035 0 1243 557 109 845 986 255 1210 
1934 2038 1504 1294 966 821 1039 1543 683 1337 797 330 1507 1653 1029 1270 0 943 1256 767 903 1486 2297 
1233 1366 844 603 752 331 347 1335 506 1262 819 875 817 1044 711 608 958 0 628 420 683 813 1606 
717 949 418 515 1078 684 389 1660 825 1595 1036 1203 729 525 1070 90 1259 611 0 899 1033 331 1210 
1596 1666 1157 889 419 219 716 1154 353 1121 980 714 1133 1285 365 894 789 480 916 0 551 1118 1969 
1810 1905 1371 1172 307 644 871 825 358 623 1102 855 1385 1520 375 1137 937 838 1123 568 0 1353 2183 
771 1037 492 734 1248 851 556 1852 990 1749 1222 1378 975 442 1291 251 1434 778 360 1116 1245 0 1293 
1127 1366 1141 1587 2132 1724 1415 2729 1852 2768 2057 2231 1800 1193 2137 1218 2305 1600 1290 1930 2102 1238 0 
0 254 645 1133 1736 1341 952 2301 1416 2237 1622 1797 1327 676 1724 703 1858 1155 800 1568 1673 712 1005 
313 0 677 1331 1945 1538 1121 2528 1624 2464 1843 2054 1525 950 1946 888 2061 1352 973 1765 1922 981 1285 
599 692 0 711 1331 947 556 1887 1011 1775 1225 1392 941 376 1328 294 1453 799 391 1176 1268 396 1082 
1115 1354 816 0 1241 820 581 1755 932 1685 1155 1309 320 888 1239 526 1370 700 476 1076 1178 738 1610 
1893 2137 1558 1271 0 484 984 891 458 815 1184 975 1465 1685 247 1312 1055 770 1313 441 362 1536 2319 
1304 1563 1011 761 531 0 568 1257 499 1187 1097 944 969 1102 430 728 906 286 743 227 625 944 1856 
996 1255 630 601 881 591 0 1452 627 1385 875 1011 817 712 945 350 1081 417 352 746 847 562 1425 
2352 2596 2048 1752 863 1221 1463 0 949 551 1660 1333 1918 2316 981 1810 1496 1397 1794 1204 872 2032 2821 
1479 1716 1176 906 439 455 610 1053 0 955 822 813 1134 1239 488 869 682 603 884 373 405 1090 1963 
2319 2563 2015 1697 859 1251 1408 618 879 0 1597 1086 1871 2270 1012 1753 1255 1322 1739 1143 766 1986 2821 
1716 1966 1413 1133 1165 1063 811 1699 870 1477 0 944 1327 1509 1192 1151 866 980 1156 1033 1102 1360 2161 
2019 2263 1703 1385 1099 880 1096 1444 759 1155 834 0 1579 1799 1126 1441 328 1032 1427 856 1033 1650 2457 
1249 1492 953 334 1400 986 722 1944 1080 1855 1305 1461 0 1044 1367 667 1522 841 617 1220 1337 879 1746 
706 919 428 906 1520 1130 743 2063 1200 1975 1390 1581 1134 0 1514 426 1642 992 553 1362 1457 392 1229 
1629 1907 1326 1098 230 317 885 1053 390 881 1123 944 1292 1422 0 1064 971 603 1077 274 314 1273 2078 
727 977 403 498 1090 702 339 1615 804 1551 998 1193 714 411 1117 0 1254 582 127 857 1039 261 1233 
1965 2209 1652 1334 1047 829 1045 1577 708 1288 838 525 1528 1748 1074 1390 0 987 1376 805 1003 1599 2436 
1160 1384 837 593 841 335 301 1393 587 1331 835 975 809 932 746 560 1055 0 575 462 807 772 1637 
761 977 437 500 1185 779 416 1699 881 1629 1075 1269 716 511 1191 128 1330 659 0 1001 1122 361 1233 
1529 1766 1226 989 501 239 739 1212 340 1132 973 944 1206 1309 400 949 778 480 955 0 591 1160 2076 
1758 2006 1455 1133 321 583 826 938 322 682 1040 944 1327 1550 376 1188 898 819 1191 540 0 1401 2270 
736 977 452 717 1331 947 558 1887 1011 1775 1225 1392 941 400 1328 241 1453 801 368 1176 1268 0 1233 
1101 1360 1182 1673 2296 1842 1455 2895 1998 2833 2203 2405 1842 1260 2253 1269 2412 1686 1339 2034 2272 1282 0 
0 279 648 1112 1747 1297 946 2278 1446 2241 1662 1844 1360 670 1682 700 1899 1205 806 1498 1662 811 1088 
297 0 669 1293 1892 1464 1136 2439 1614 2412 1836 1982 1541 910 1883 865 2049 1372 962 1665 1859 1049 1277 
580 686 0 725 1368 924 549 1900 1067 1863 1293 1447 982 452 1309 312 1508 772 418 1128 1283 486 1152 
1171 1345 821 0 1247 813 599 1781 943 1742 1226 1354 322 944 1208 541 1415 669 514 1034 1162 764 1669 
1898 2045 1500 1216 0 451 1034 937 525 854 1271 1037 1464 1622 219 1210 1098 745 1209 415 365 1436 2306 
1405 1567 1109 783 396 0 584 1199 439 1198 1080 809 1040 1201 385 759 837 298 781 238 595 982 1905 
996 1227 670 562 860 551 0 1445 577 1396 866 990 789 805 917 382 1055 407 404 758 808 626 1531 
2335 2567 2013 1742 926 1272 1462 0 959 643 1681 1469 1990 2157 1022 1729 1531 1425 1728 1234 886 1950 2835 
1523 1680 1171 895 433 476 609 1042 0 955 833 634 1160 1293 488 871 662 612 893 298 381 1107 2001 
2328 2560 2006 1739 871 1257 1459 661 934 0 1638 1169 1988 2149 1013 1726 1311 1422 1725 1213 752 1942 2835 
1731 1912 1379 1111 1165 1040 799 1699 849 1602 0 816 1359 1501 1196 1089 844 989 1088 1034 1080 1315 2203 
2285 2517 1997 1687 1392 1166 1407 1474 982 1216 840 0 1935 2110 1423 1674 385 1271 1673 1160 1171 1899 2835 
1287 1426 916 303 1342 914 691 1890 1041 1855 1325 1447 0 1072 1299 633 1508 761 606 1116 1257 856 1785 
672 894 393 912 1531 1095 715 2057 1230 2032 1451 1610 1160 0 1481 434 1671 956 555 1276 1446 412 1229 
1731 1912 1379 1111 235 316 890 1030 464 955 1226 944 1359 1501 0 1089 979 610 1088 280 309 1315 2203 
704 919 404 509 1115 684 317 1650 800 1620 1058 1212 736 452 1099 0 1273 540 121 936 1040 273 1260 
2394 2626 2072 1798 1569 1350 1518 1689 1158 1431 826 407 2060 2224 1600 1792 0 1455 1791 1344 1345 2017 2900 
1287 1443 947 674 729 369 388 1413 540 1340 829 944 957 1108 718 650 958 0 672 445 771 873 1785 
742 973 442 526 1165 729 362 1699 845 1660 1105 1250 753 543 1118 111 1311 585 0 972 1080 364 1302 
1640 1797 1288 1035 405 246 797 1207 304 1166 1080 775 1283 1405 394 993 803 522 1000 0 560 1219 2087 
1898 2130 1535 1251 393 698 967 994 462 808 1226 990 1499 1657 487 1245 1023 991 1244 662 0 1471 2346 
728 973 449 726 1338 901 534 1888 1037 1855 1270 1423 982 453 1287 253 1484 757 374 1114 1253 0 1302 
1151 1382 1204 1640 2279 1828 1497 2858 1994 2822 2195 2354 1888 1234 2242 1227 2421 1733 1306 2096 2294 1268 0 
0 288 646 1176 1806 1288 965 2419 1567 2389 1684 1958 1339 696 1677 711 2012 1234 801 1483 1859 769 1005 
288 0 799 1413 2018 1528 1225 2668 1819 2660 1945 2218 1576 944 1926 955 2272 1474 1058 1723 2159 1002 1253 
607 648 0 716 1380 854 545 1995 1101 1951 1259 1491 932 443 1239 293 1559 803 383 1074 1363 469 1170 
1241 1419 889 0 1334 803 637 1895 1015 1863 1254 1405 354 1028 1193 628 1473 752 578 1030 1277 845 1683 
1915 2117 1558 1269 0 505 1048 816 511 796 1332 1029 1432 1639 281 1237 1097 806 1235 475 367 1442 2310 
1327 1491 1010 733 475 0 545 1176 457 1213 1119 858 932 1186 398 749 847 305 725 219 641 968 1769 
1097 1291 717 583 972 458 0 1438 586 1415 888 984 841 877 841 443 1049 395 427 677 857 701 1537 
2513 2697 2202 1876 895 1268 1553 0 976 588 1769 1414 2058 2283 1031 1859 1521 1473 1859 1218 849 2072 2982 
1505 1693 1202 988 480 452 648 969 0 955 875 674 1147 1367 513 965 663 608 959 325 403 1170 1957 
2407 2591 2096 1806 828 1205 1484 579 888 0 1646 1215 1987 2205 979 1772 1367 1404 1770 1144 734 1994 2867 
1842 2012 1502 1216 1343 1138 883 1767 959 1617 0 852 1379 1583 1346 1181 841 1121 1179 1104 1236 1386 2272 
2375 2559 2064 1775 1425 1194 1455 1395 989 1245 855 0 1967 2170 1429 1743 342 1320 1741 1160 1102 1959 2807 
1269 1464 959 334 1394 867 701 1995 1102 1951 1326 1492 0 1083 1253 692 1560 816 642 1086 1364 920 1711 
746 1004 465 988 1627 1097 776 2246 1369 2197 1483 1759 1147 0 1486 468 1827 1041 578 1292 1631 440 1253 
1673 1894 1370 1066 252 315 856 1014 395 875 1196 944 1229 1451 0 1049 965 616 1047 285 346 1254 2163 
835 1010 447 519 1197 658 349 1722 862 1699 1090 1277 777 448 1056 0 1345 607 110 877 1118 272 1286 
2392 2576 2081 1836 1545 1359 1536 1537 1181 1387 842 417 2058 2205 1549 1764 0 1485 1762 1325 1222 1994 2867 
1260 1429 916 669 773 318 380 1420 529 1397 886 944 912 1083 696 685 958 0 661 387 819 920 1702 
813 1010 425 515 1247 719 410 1827 927 1788 1157 1319 773 527 1106 113 1387 668 0 942 1207 351 1253 
1578 1766 1275 1010 495 257 793 1176 331 1166 1108 846 1176 1400 418 998 835 553 989 0 599 1203 2080 
1842 2012 1502 1216 325 641 880 847 328 642 1108 944 1379 1583 417 1181 895 840 1179 611 0 1386 2272 
843 1090 468 718 1383 857 548 1995 1101 1951 1259 1491 932 434 1242 240 1559 806 350 1076 1363 0 1370 
1117 1344 1273 1745 2412 1904 1557 3100 2212 3066 2345 2597 1935 1301 2320 1289 2651 1806 1390 2115 2567 1384 0 
0 277 638 1335 1945 1524 1071 2656 1814 2664 2031 2363 1525 802 1946 775 2418 1437 868 1716 2094 853 1052 
258 0 692 1467 2067 1650 1203 2795 1988 2803 2177 2478 1657 1022 2068 886 2533 1569 977 1821 2281 1129 1167 
626 644 0 754 1527 1033 619 2175 1366 2173 1500 1844 929 440 1400 291 1870 961 384 1225 1642 480 1167 
1259 1462 952 0 1397 875 677 2036 1246 2050 1334 1690 298 949 1270 535 1746 785 467 1035 1512 768 1665 
1815 2043 1500 1524 0 444 1057 857 584 812 1462 1100 1714 1695 243 1271 1156 782 1345 440 373 1570 2266 
1447 1661 1133 900 425 0 633 1180 468 1151 1251 950 1071 1323 406 885 1009 338 887 190 649 1189 1905 
1136 1338 763 755 1151 629 0 1720 840 1623 1056 1272 929 818 1031 371 1328 489 357 782 1104 637 1515 
2617 2880 2312 2115 886 1231 1651 0 1046 531 1828 1374 2288 2475 1026 2002 1475 1553 2038 1237 832 2361 3083 
1752 2014 1438 1214 589 473 748 1110 0 955 1030 604 1404 1548 622 1073 678 626 1104 360 529 1414 2190 
2588 2851 2283 2115 829 1215 1604 512 929 0 1634 1172 2288 2422 1035 1949 1283 1537 1990 1160 680 2308 3050 
1936 2193 1591 1355 1441 1107 890 1719 946 1533 0 815 1602 1701 1396 1226 870 1109 1246 1123 1325 1567 2339 
2241 2477 1923 1737 1302 920 1214 1337 767 1151 874 0 1953 2051 1200 1562 297 1139 1586 927 1090 1900 2682 
1355 1583 1029 296 1472 958 776 2110 1302 2135 1470 1746 0 1049 1345 634 1806 884 566 1134 1587 867 1761 
728 982 590 979 1819 1292 865 2404 1589 2429 1807 2157 1173 0 1679 482 2212 1205 575 1484 1870 459 1250 
1659 1907 1345 1360 267 298 916 1026 464 853 1340 997 1550 1540 0 1116 1062 636 1190 294 344 1415 2074 
765 1010 418 559 1342 844 422 1993 1188 1982 1309 1632 719 464 1215 0 1688 754 93 1018 1457 283 1250 
2144 2358 1846 1654 1234 838 1122 1463 686 1277 806 323 1848 1923 1120 1470 0 1025 1494 846 1136 1821 2585 
1498 1712 1184 792 743 331 463 1487 715 1504 988 1126 957 1247 724 821 1182 0 779 484 990 1113 1905 
877 1113 530 543 1397 874 446 2036 1188 2030 1352 1632 703 549 1270 117 1688 784 0 1035 1496 368 1283 
1635 1854 1321 1128 390 212 834 1140 378 1106 1275 860 1318 1516 371 1088 937 529 1095 0 586 1391 2074 
1961 2197 1658 1569 403 610 1062 779 428 600 1297 944 1759 1855 467 1410 1002 917 1434 606 0 1728 2440 
888 1182 542 783 1553 1060 646 2202 1373 2173 1540 1844 946 475 1426 263 1875 994 356 1252 1668 0 1359 
1399 1660 1539 2126 2725 2340 1876 3484 2733 3412 2855 3174 2299 1514 2740 1560 3234 2244 1624 2503 2984 1663 0 
0 300 537 1368 1736 1400 1005 2462 1766 2364 1925 2121 1567 670 1728 748 2174 1335 814 1589 1934 735 897 
324 0 620 1474 1844 1506 1105 2545 1885 2465 2022 2237 1673 950 1840 849 2290 1463 918 1695 2033 992 1217 
540 616 0 857 1271 937 554 2009 1351 1982 1530 1764 1065 374 1263 291 1835 951 357 1126 1472 397 1005 
1247 1425 891 0 1176 793 552 1914 1172 1903 1337 1598 349 1067 1168 570 1662 732 460 945 1377 933 1646 
1815 2071 1499 1286 0 417 979 821 500 793 1348 1105 1485 1622 218 1161 1272 722 1224 400 353 1489 2259 
1408 1609 1092 979 496 0 565 1114 428 1130 1209 996 1178 1247 378 795 1083 305 883 149 603 1148 1905 
1018 1237 682 863 948 512 0 1639 825 1581 1172 1318 1065 877 884 366 1382 451 392 661 1103 719 1412 
2536 2794 2237 1953 817 1164 1589 0 946 578 1546 1209 2143 2329 971 1899 1398 1368 1910 1135 778 2167 3050 
1721 1946 1405 1202 493 465 707 971 0 790 1005 738 1401 1521 508 1060 856 563 1062 308 397 1388 2150 
2457 2712 2158 1924 825 1079 1534 550 849 0 1361 1009 2114 2248 877 1818 1198 1313 1851 1054 615 2086 2965 
1821 2071 1500 1241 1296 984 803 1566 868 1380 0 781 1458 1616 1288 1155 693 979 1157 994 1194 1483 2259 
2039 2290 1734 1475 1096 801 1092 1165 739 1022 796 0 1674 1849 1088 1388 312 928 1393 782 899 1716 2457 
1320 1539 1014 299 1279 898 657 2014 1296 1994 1435 1709 0 1160 1271 675 1773 837 565 1092 1480 1042 1719 
718 996 476 1167 1507 1171 821 2240 1583 2212 1756 2006 1366 0 1499 530 2059 1153 618 1360 1708 464 1168 
1636 1840 1320 1230 240 283 848 962 390 848 1259 1030 1429 1475 0 1043 1141 588 1131 266 317 1371 2067 
727 923 401 652 1052 687 327 1787 1102 1763 1255 1530 912 525 1044 0 1594 714 88 836 1239 353 1166 
1994 2245 1707 1448 1052 784 1065 1336 722 1150 711 295 1647 1832 1044 1361 0 915 1366 765 1048 1689 2432 
1343 1558 1025 843 727 279 371 1339 467 1265 970 1021 1026 1182 609 715 1085 0 723 336 775 1075 1742 
820 1056 494 629 1096 740 347 1836 1172 1855 1294 1586 880 646 1088 121 1650 734 0 889 1296 474 1251 
1581 1782 1265 1103 418 165 698 1074 284 1022 1165 944 1302 1400 345 939 1060 437 1027 0 493 1267 2034 
1922 2173 1613 1356 325 546 966 731 368 555 1222 866 1555 1728 368 1267 1069 829 1272 529 0 1595 2347 
714 996 382 891 1271 937 566 2009 1351 1982 1530 1764 1085 415 1263 275 1835 979 363 1126 1472 0 1166 
1143 1362 1325 1953 2330 1996 1582 3055 2320 2982 2475 2673 2143 1291 2326 1363 2727 1912 1430 2162 2527 1401 0 
0 275 583 1118 1634 1260 893 2102 1408 2056 1560 1844 1307 714 1630 707 1844 1176 770 1407 1575 733 956 
278 0 658 1275 1819 1441 1088 2283 1589 2234 1741 1967 1464 970 1817 886 2019 1357 953 1588 1756 981 1167 
521 641 0 679 1185 806 465 1763 1073 1714 1147 1475 868 380 1181 279 1507 709 342 957 1240 389 1005 
1132 1334 819 0 1111 736 551 1739 1049 1690 1111 1451 278 944 1107 515 1483 639 455 883 1216 784 1552 
1570 1798 1300 1095 0 375 844 695 392 646 1047 893 1284 1409 173 1002 951 650 1036 355 253 1257 2065 
1217 1445 946 700 380 0 469 1076 388 1003 907 748 889 1082 376 665 800 275 656 147 532 944 1656 
886 1122 601 534 793 419 0 1439 668 1339 816 1101 723 751 789 326 1133 322 311 566 845 595 1359 
2047 2284 1762 1533 712 1073 1271 0 800 493 1432 1103 1722 1879 881 1503 1243 1200 1485 978 675 1726 2499 
1359 1587 1089 871 400 390 568 898 0 760 741 596 1071 1238 456 812 648 497 797 242 325 1086 1798 
1983 2220 1698 1467 663 976 1205 493 732 0 1314 973 1656 1818 776 1439 1107 1138 1421 914 548 1662 2435 
1551 1779 1281 1053 1032 846 737 1320 708 1182 0 605 1242 1397 1088 1022 668 838 1004 828 960 1245 2031 
1883 2120 1580 1365 982 879 1103 1099 655 963 641 0 1554 1696 1039 1321 278 992 1303 861 792 1544 2297 
1199 1427 910 280 1201 825 640 1798 1108 1749 1191 1510 0 1059 1197 604 1542 728 544 974 1275 873 1638 
636 870 418 898 1363 1029 672 1895 1192 1855 1360 1594 1099 0 1359 428 1626 919 516 1176 1359 356 1116 
1469 1697 1199 987 195 286 755 852 343 736 1021 853 1176 1326 0 919 906 561 951 254 248 1174 1908 
677 912 392 525 985 637 296 1614 905 1565 952 1331 714 437 981 0 1363 540 88 784 1091 281 1165 
2047 2284 1760 1509 1181 1081 1247 1288 843 1150 659 288 1698 1879 1233 1501 0 1182 1483 1063 994 1724 2499 
1132 1360 830 584 599 267 281 1216 458 1130 740 821 773 1004 595 555 873 0 540 323 638 824 1552 
730 977 445 467 1022 631 290 1591 898 1542 952 1331 656 525 1018 88 1363 534 0 778 1068 369 1216 
1359 1587 1089 839 347 148 608 1036 254 955 842 689 1034 1238 343 808 741 384 795 0 425 1086 1798 
1493 1721 1223 1032 232 501 729 676 274 538 925 775 1221 1359 315 984 827 658 973 436 0 1207 1952 
662 896 415 738 1199 850 509 1798 1108 1749 1178 1510 929 383 1195 265 1542 753 353 1006 1275 0 1165 
1010 1238 1143 1574 2101 1727 1374 2580 1872 2531 2047 2268 1763 1145 2097 1185 2320 1643 1248 1874 2062 1170 0 
0 264 545 1026 1512 1138 822 2057 1331 1994 1456 1694 1216 614 1508 636 1747 1042 724 1285 1497 660 851 
263 0 675 1255 1753 1379 1036 2270 1564 2221 1679 1932 1445 835 1749 857 1984 1283 946 1526 1730 881 1073 
498 619 0 659 1146 772 457 1647 926 1584 1078 1285 863 333 1142 271 1338 675 359 921 1091 358 1005 
1071 1296 778 0 1111 728 555 1596 871 1533 1025 1246 296 872 1107 537 1299 631 460 875 1040 742 1518 
1554 1779 1258 1125 0 371 815 708 390 672 981 838 1315 1341 172 989 893 649 1006 354 253 1211 2000 
1225 1441 916 748 380 0 444 1093 374 1003 879 680 941 1023 376 650 735 280 664 147 532 887 1649 
825 1048 557 517 786 419 0 1300 548 1224 782 944 721 671 789 336 960 322 306 566 714 541 1283 
1988 2250 1713 1513 668 1020 1231 0 778 493 1344 1115 1703 1810 811 1457 1223 1140 1462 956 627 1678 2430 
1321 1546 1022 859 385 377 525 898 0 760 692 539 1054 1135 437 796 594 426 766 265 313 1002 1745 
1970 2186 1652 1472 619 962 1190 493 737 0 1193 962 1662 1747 762 1396 1074 1100 1401 918 535 1617 2409 
1485 1710 1189 1026 945 828 678 1320 699 1182 0 596 1216 1303 993 952 661 770 951 810 865 1173 1909 
1726 1964 1430 1222 925 744 939 1099 634 963 592 0 1412 1525 972 1174 278 793 1179 726 792 1395 2150 
1158 1377 855 280 1185 805 632 1690 979 1627 1161 1329 0 949 1181 614 1382 708 537 957 1134 819 1582 
604 826 331 835 1325 951 634 1862 1127 1786 1254 1490 1029 0 1321 393 1543 852 481 1098 1293 356 1052 
1462 1687 1166 1032 195 283 727 874 341 736 954 798 1222 1270 0 903 853 523 916 254 248 1140 1905 
641 863 373 464 952 578 263 1474 729 1393 881 1086 668 385 971 0 1139 481 88 725 895 255 1116 
1696 1926 1400 1207 906 727 939 1235 617 1094 611 288 1397 1495 971 1144 0 776 1149 709 831 1365 2144 
1071 1296 799 618 599 267 281 1198 421 1106 677 751 822 918 595 567 806 0 548 323 609 783 1523 
667 889 399 456 987 612 297 1500 763 1429 920 1170 660 460 983 91 1223 515 0 759 937 330 1165 
1365 1590 1089 887 347 148 583 1047 238 955 826 627 1101 1160 343 793 682 346 807 0 425 1030 1789 
1502 1727 1206 1055 232 490 713 676 281 538 880 729 1245 1316 314 965 784 614 956 430 0 1186 1952 
624 846 351 672 1168 786 471 1669 951 1606 1092 1317 876 357 1164 230 1370 689 318 935 1113 0 1069 
985 1210 1036 1497 1992 1609 1287 2470 1794 2422 1909 2178 1687 1081 1988 1108 2231 1513 1170 1756 1962 1106 0 
0 286 509 1024 1487 1138 811 1926 1251 1881 1428 1614 1211 593 1508 632 1667 1041 694 1285 1415 634 847 
249 0 608 1200 1659 1307 986 2100 1423 2048 1594 1786 1387 800 1677 806 1844 1210 868 1454 1587 841 1055 
480 608 0 658 1155 775 450 1594 913 1551 1075 1278 845 318 1151 271 1331 678 333 928 1091 343 1005 
1040 1279 758 0 1092 707 537 1543 858 1500 1032 1242 278 839 1088 488 1295 610 440 854 1022 709 1507 
1533 1748 1253 1024 0 371 815 668 390 619 947 836 1211 1341 172 989 889 646 1004 354 253 1211 1969 
1209 1370 878 648 380 0 444 1026 370 1003 844 682 835 979 376 624 735 275 629 147 532 845 1638 
800 1043 543 483 740 402 0 1180 504 1130 705 875 670 640 772 289 935 304 294 549 668 510 1283 
1974 2192 1709 1508 668 1044 1239 0 795 493 1344 1101 1695 1810 840 1455 1223 1146 1460 972 666 1676 2432 
1282 1521 1011 792 380 374 523 817 0 760 648 540 983 1128 432 748 593 423 753 240 308 973 1711 
1880 2098 1620 1433 619 962 1164 493 715 0 1231 962 1620 1717 762 1366 1074 1052 1371 892 535 1587 2345 
1459 1674 1179 959 935 829 678 1320 691 1182 0 596 1139 1270 988 924 659 770 924 811 855 1140 1905 
1668 1905 1388 1175 872 713 916 1099 606 963 592 0 1362 1485 940 1134 278 762 1139 695 800 1355 2150 
1209 1364 866 280 1193 815 645 1643 972 1600 1167 1344 0 949 1189 596 1397 718 548 962 1140 817 1638 
590 852 318 834 1322 958 627 1753 1086 1710 1251 1449 1026 0 1322 393 1502 855 481 1105 1250 356 1052 
1443 1658 1163 936 195 283 727 824 341 736 905 796 1139 1254 0 899 849 523 913 254 248 1124 1905 
630 864 366 463 950 581 256 1392 712 1343 873 1086 650 385 971 0 1139 484 88 728 876 255 1116 
1677 1905 1397 1196 879 720 916 1242 613 1106 610 288 1383 1494 940 1143 0 769 1148 702 807 1364 2150 
1087 1286 780 550 599 267 281 1105 421 1055 630 753 737 877 595 526 806 0 531 323 593 747 1507 
656 890 399 455 982 615 290 1416 746 1378 907 1170 642 460 989 88 1223 518 0 762 912 330 1165 
1305 1535 1022 787 347 148 583 963 238 955 791 629 981 1128 343 763 682 346 768 0 448 992 1734 
1469 1684 1189 979 232 499 709 675 280 538 834 726 1166 1286 314 935 779 609 951 439 0 1156 1905 
610 872 338 671 1163 789 464 1594 920 1551 1090 1287 858 357 1164 230 1340 692 318 936 1091 0 1069 
942 1181 1014 1497 1967 1611 1289 2398 1727 2355 1900 2092 1684 1059 1988 1110 2145 1514 1172 1758 1894 1090 0 
