21
15
3600
0
1163
1029
1260
1105
1222
1146
1414
1304
1182
988
971
1016
1269
1491
1195
1279
1215
1151
1139
1015
0 921 793 1861 1844 1079 1178 554 882 136 1527 1593 388 1244 1294 1960 1509 615 842 1191 743 
866 0 810 1977 1958 506 1321 413 688 928 1638 1704 731 314 1405 2068 1620 397 1067 1342 760 
785 818 0 1415 1374 676 711 514 307 832 1079 1147 561 1007 832 1452 1021 623 640 732 67 
1821 1911 1322 0 1318 1923 1282 1633 1619 1861 778 594 1444 2083 736 1396 789 1742 1253 1392 1347 
1735 1833 1243 1310 0 1845 1213 1555 1540 1775 1019 1130 1365 1997 824 477 719 1664 1199 1338 1268 
976 484 642 1965 1936 0 1321 612 512 1014 1629 1695 752 490 1396 2059 1611 732 1066 1342 686 
1163 1275 671 1330 1265 1281 0 1001 977 1203 952 1069 793 1448 713 1396 910 1108 530 344 696 
529 410 537 1671 1682 663 1040 0 470 576 1375 1403 360 724 1142 1762 1354 123 797 1056 487 
859 552 315 1671 1668 410 1019 457 0 910 1361 1403 640 693 1128 1762 1343 580 951 1053 359 
134 959 823 1892 1880 1127 1212 584 912 0 1551 1617 418 1282 1318 1979 1533 641 860 1233 773 
1489 1593 1020 778 1058 1599 936 1314 1301 1529 0 856 1119 1766 273 1111 581 1423 948 1077 1026 
1593 1697 1118 614 1114 1703 1072 1418 1415 1633 912 0 1223 1911 785 1196 582 1527 1052 1191 1143 
379 728 579 1508 1469 791 789 357 668 423 1158 1240 0 1011 916 1547 1123 438 622 810 529 
1209 314 980 2177 2119 495 1486 727 846 1246 1812 1888 933 0 1579 2254 1794 711 1247 1507 939 
1268 1345 762 736 847 1351 696 1078 1059 1308 275 714 884 1518 0 947 439 1187 703 842 787 
1893 1987 1397 1471 496 2004 1356 1708 1694 1937 1169 1240 1519 2148 979 0 871 1825 1336 1475 1422 
1020 1109 519 917 820 1084 482 826 816 1057 555 642 641 1270 322 890 0 946 461 600 544 
540 397 618 1837 1844 786 1178 123 593 587 1499 1565 441 711 1266 1932 1481 0 931 1191 568 
844 1083 676 1326 1293 1063 529 785 943 882 960 1069 617 1243 724 1396 896 894 0 562 659 
1171 1275 676 1398 1326 1281 344 1007 977 1211 1019 1130 798 1448 785 1404 978 1116 563 0 701 
737 784 53 1419 1374 717 721 466 348 784 1079 1151 512 1007 842 1452 1070 575 643 742 0 
0 878 729 1909 2018 1014 1283 547 822 136 1714 1607 388 1186 1382 2129 1485 555 916 1269 679 
915 0 818 2132 2312 506 1502 451 688 949 1937 1844 769 314 1612 2372 1715 435 1266 1488 826 
801 865 0 1437 1523 676 778 519 307 848 1184 1141 561 997 847 1504 1034 628 668 778 67 
1945 2254 1372 0 1439 2111 1293 1855 1671 2011 801 594 1579 2329 786 1420 810 1977 1299 1456 1407 
1862 2161 1290 1338 0 2063 1241 1763 1589 1928 1058 1141 1492 2251 853 545 746 1881 1253 1410 1325 
1083 575 642 2077 2201 0 1424 692 512 1119 1895 1759 886 490 1534 2288 1637 808 1282 1410 686 
1253 1453 686 1375 1370 1378 0 1091 991 1273 980 1079 808 1551 728 1426 909 1200 530 345 711 
534 410 547 1817 1906 664 1199 0 472 581 1625 1518 360 724 1284 2004 1396 123 937 1196 497 
875 583 315 1723 1799 410 1100 461 0 928 1534 1427 709 681 1182 1940 1305 584 976 1101 359 
134 906 755 1928 2060 1054 1307 573 848 0 1739 1632 418 1232 1407 2142 1510 581 935 1299 705 
1587 1859 1020 836 1122 1683 936 1479 1296 1607 0 871 1191 1964 273 1198 603 1566 948 1115 1041 
1700 1970 1118 614 1197 1804 1069 1591 1417 1720 962 0 1304 2073 838 1244 580 1679 1042 1226 1153 
383 737 608 1522 1590 897 872 366 708 427 1324 1226 0 1054 980 1639 1097 447 699 872 559 
1236 321 994 2344 2539 507 1715 772 853 1272 2168 2061 1086 0 1816 2636 1921 756 1439 1701 1045 
1335 1541 769 743 881 1452 696 1189 1065 1355 275 729 891 1639 0 1033 461 1298 704 862 794 
2034 2328 1445 1506 498 2197 1398 1918 1744 2100 1254 1253 1655 2408 1057 0 900 2041 1389 1546 1480 
1086 1313 528 877 870 1206 481 928 825 1106 554 618 650 1411 336 971 0 1046 462 620 553 
542 397 628 1909 2018 787 1307 123 595 589 1714 1607 441 711 1382 2129 1485 0 1005 1299 578 
955 1362 714 1437 1420 1297 552 989 1012 975 1071 1141 739 1460 787 1480 975 1098 0 589 736 
1259 1453 691 1437 1525 1378 355 1099 991 1279 1137 1141 813 1551 822 1612 993 1208 563 0 716 
753 870 53 1437 1525 717 788 471 348 800 1184 1141 512 1000 857 1612 1034 580 678 788 0 
0 1142 1205 2300 2480 1459 1636 818 1293 142 2111 1974 461 1569 1749 2577 1873 827 1162 1680 1170 
1176 0 973 2556 2613 691 1868 533 821 1219 2320 2230 1079 351 1981 2679 2065 462 1453 1877 1053 
994 1013 0 1468 1631 758 818 685 329 1054 1288 1164 758 1107 968 1741 1049 800 701 867 67 
2184 2349 1665 0 1689 2270 1480 2027 2005 2200 1190 639 1709 2515 988 1799 880 2117 1484 1621 1664 
2224 2380 1701 1599 0 2301 1516 2027 2024 2240 1327 1324 1745 2546 1155 631 920 2152 1520 1657 1700 
1260 646 656 2186 2327 0 1493 766 512 1303 1961 1830 1067 546 1606 2393 1734 893 1403 1537 707 
1514 1722 942 1490 1631 1654 0 1379 1291 1555 1288 1186 1042 1922 968 1741 1083 1507 665 522 943 
687 486 735 2186 2327 778 1530 0 569 746 1961 1830 614 837 1606 2393 1734 177 1060 1574 743 
1035 697 329 1787 1938 470 1168 552 0 1085 1611 1483 812 766 1265 2051 1389 679 1048 1187 380 
181 1180 1236 2361 2511 1487 1683 843 1324 0 2171 2035 486 1607 1796 2577 1920 873 1175 1727 1201 
2010 2187 1480 1101 1605 2083 1256 1827 1812 2026 0 1086 1524 2328 452 1715 774 1946 1281 1418 1479 
1927 2074 1384 682 1424 1974 1206 1719 1733 1943 1131 0 1428 2231 988 1534 606 1837 1145 1352 1383 
464 1107 921 1859 2029 1150 1215 592 964 511 1680 1552 0 1347 1319 2101 1458 695 896 1275 875 
1350 321 1038 2592 2687 543 1951 846 887 1393 2384 2266 1177 0 2047 2753 2143 783 1530 1966 1114 
1540 1730 974 856 1130 1662 856 1387 1323 1581 509 834 1068 1927 0 1389 528 1515 777 1012 972 
2321 2508 1826 1691 688 2429 1639 2168 2174 2337 1423 1387 1855 2674 1194 0 1043 2293 1643 1780 1813 
1272 1507 715 945 1130 1439 589 1170 1021 1313 750 661 780 1645 414 1237 0 1298 510 722 707 
681 465 848 2300 2480 891 1665 145 682 740 2111 1974 731 816 1741 2577 1868 0 1196 1709 888 
1208 1642 1028 1490 1631 1574 729 1299 1377 1249 1288 1186 961 1780 968 1741 1083 1427 0 778 1027 
1610 1832 1074 1624 1742 1745 485 1470 1423 1651 1388 1320 1138 1981 1031 1857 1177 1598 760 0 1073 
933 1013 72 1472 1631 799 828 630 370 982 1288 1168 761 1126 986 1741 1049 745 711 877 0 
0 1205 976 2145 2138 1352 1467 759 1047 143 1889 1799 487 1553 1541 2208 1648 781 1093 1524 961 
1235 0 976 2375 2343 735 1673 623 810 1312 2080 2050 1043 397 1747 2390 1863 597 1324 1730 1019 
923 1078 0 1496 1550 816 861 630 333 1030 1253 1186 691 1173 906 1628 1074 741 837 912 94 
2106 2242 1494 0 1539 2137 1517 1851 1858 2148 985 665 1627 2384 916 1617 861 1949 1438 1640 1528 
2062 2204 1449 1502 0 2101 1454 1793 1800 2104 1262 1199 1582 2348 1030 653 821 1896 1438 1640 1483 
1301 644 757 2314 2296 0 1619 795 536 1378 2065 1989 1012 620 1693 2343 1800 936 1301 1676 781 
1457 1631 810 1454 1539 1592 0 1256 1131 1571 1179 1144 1012 1793 849 1617 1018 1369 722 489 829 
672 518 722 1957 1987 884 1331 0 635 716 1727 1644 507 937 1386 2070 1493 156 1045 1373 668 
1139 712 406 1924 1953 499 1270 594 0 1216 1699 1616 861 827 1358 2049 1465 741 1163 1324 430 
159 1245 1019 2200 2186 1423 1490 790 1121 0 1916 1822 518 1624 1564 2228 1671 833 1140 1547 1007 
1877 2003 1271 1052 1328 1914 1168 1607 1622 1932 0 995 1404 2175 432 1406 677 1720 1204 1396 1305 
1778 1939 1204 721 1272 1864 1136 1550 1555 1855 1084 0 1333 2101 871 1346 567 1663 1120 1324 1238 
505 1101 785 1633 1654 1093 1001 553 844 527 1399 1323 0 1291 1058 1732 1217 634 846 1064 765 
1456 443 1144 2547 2519 604 1845 954 977 1533 2216 2222 1217 0 1895 2566 2062 1018 1493 1909 1187 
1457 1631 825 951 1090 1592 736 1256 1167 1571 392 778 1012 1793 0 1191 487 1369 857 1016 844 
2331 2432 1700 1759 760 2327 1710 2042 2100 2373 1528 1449 1897 2574 1285 0 1069 2138 1644 1832 1734 
1207 1396 581 970 988 1357 517 1011 912 1321 685 616 764 1558 343 1108 0 1115 600 709 600 
699 520 805 2031 2075 1051 1396 150 782 743 1790 1707 590 937 1449 2114 1556 0 1120 1453 751 
1078 1439 832 1454 1539 1400 704 1045 1155 1192 1164 1144 828 1601 844 1617 1015 1154 0 718 851 
1423 1603 787 1472 1539 1564 410 1228 1094 1537 1202 1162 978 1765 867 1617 1041 1345 649 0 806 
840 1026 91 1493 1539 910 847 555 423 884 1244 1183 677 1131 892 1617 1063 666 823 890 0 
0 1266 1073 2012 1980 1329 1391 740 1142 136 1760 1719 464 1552 1444 2117 1623 837 1065 1405 1047 
1169 0 1034 2222 2229 773 1556 548 837 1186 1904 1889 982 409 1604 2300 1783 491 1268 1570 1020 
974 1072 0 1548 1557 848 883 653 366 1014 1270 1260 718 1211 942 1653 1169 774 747 853 82 
2095 2234 1463 0 1484 2124 1548 1845 1857 2159 1009 642 1624 2351 916 1580 909 1963 1426 1588 1503 
2053 2183 1416 1509 0 2072 1503 1780 1799 2117 1264 1232 1577 2299 1042 619 849 1891 1381 1543 1456 
1280 631 756 2161 2175 0 1554 768 558 1297 1886 1889 982 608 1585 2287 1764 898 1264 1568 802 
1437 1520 803 1474 1484 1476 0 1141 1165 1475 1166 1186 949 1699 831 1580 1049 1221 653 438 830 
669 520 702 1872 1852 883 1232 0 682 755 1615 1574 479 937 1299 1985 1478 144 935 1244 709 
1098 746 404 1907 1883 538 1255 603 0 1115 1641 1600 829 885 1325 2001 1504 745 1125 1253 450 
173 1314 1118 2106 2066 1375 1447 784 1184 0 1812 1775 508 1598 1500 2225 1679 881 1114 1461 1105 
1921 2056 1275 988 1348 1923 1226 1619 1658 1985 0 1083 1436 2163 392 1444 762 1699 1212 1352 1315 
1836 1927 1170 720 1239 1867 1244 1519 1553 1883 1110 0 1329 2092 891 1329 601 1599 1139 1292 1210 
483 1033 711 1609 1599 989 949 546 817 516 1322 1321 0 1211 1006 1695 1272 643 707 917 718 
1485 404 1195 2365 2426 664 1754 961 984 1502 2104 2064 1176 0 1787 2520 1981 895 1467 1768 1209 
1520 1641 905 848 1066 1597 931 1247 1285 1558 378 797 1037 1835 0 1146 519 1327 789 957 925 
2216 2371 1594 1684 719 2261 1679 2002 1959 2280 1436 1396 1755 2488 1180 0 1040 2105 1557 1719 1634 
1225 1287 590 992 1008 1242 700 915 961 1263 692 675 717 1465 350 1090 0 1034 517 665 617 
632 535 782 1965 1943 1014 1358 136 813 718 1723 1682 556 974 1407 2084 1586 0 1050 1372 789 
1069 1368 813 1433 1395 1324 723 989 1125 1107 1153 1145 795 1547 815 1491 977 1079 0 651 840 
1494 1614 865 1547 1521 1570 508 1220 1227 1532 1248 1259 1015 1793 929 1617 1160 1300 715 0 892 
883 1018 72 1547 1521 909 866 604 427 961 1248 1259 669 1171 929 1617 1160 725 730 836 0 
0 1132 929 2109 2057 1311 1390 687 1044 163 1795 1775 518 1492 1460 2145 1609 676 1028 1478 893 
1125 0 1005 2278 2232 803 1607 548 853 1165 2046 1969 1016 442 1677 2348 1843 497 1291 1695 985 
994 1128 0 1471 1499 871 815 696 369 1032 1225 1178 657 1171 872 1558 1032 797 726 860 125 
2076 2212 1444 0 1570 2091 1466 1849 1795 2112 1029 759 1586 2329 924 1629 884 1950 1405 1634 1457 
2058 2212 1419 1541 0 2068 1451 1828 1770 2094 1303 1266 1561 2306 1008 635 851 1908 1382 1611 1432 
1203 559 711 2218 2232 0 1546 739 559 1243 1986 1924 957 578 1616 2348 1765 878 1245 1634 813 
1412 1580 831 1490 1570 1564 0 1263 1202 1456 1225 1197 957 1745 892 1629 1085 1361 727 522 888 
706 558 699 1955 1987 978 1273 0 624 713 1675 1655 497 1016 1340 2029 1489 146 986 1372 652 
1125 739 361 1817 1851 531 1176 630 0 1165 1554 1530 887 802 1219 1908 1364 769 1059 1247 463 
162 1175 996 2109 2057 1362 1406 743 1066 0 1819 1791 530 1543 1476 2155 1625 732 1044 1494 924 
1785 1919 1174 967 1354 1864 1143 1587 1525 1839 0 1023 1330 2063 377 1388 713 1685 1152 1376 1187 
1797 1931 1200 721 1354 1877 1219 1600 1551 1864 1187 0 1342 2076 942 1406 645 1698 1177 1395 1213 
483 1087 738 1587 1607 1109 937 501 848 513 1338 1294 0 1219 1003 1666 1136 623 716 1004 708 
1423 437 1106 2393 2369 689 1749 934 943 1463 2174 2084 1144 0 1822 2485 1981 941 1432 1837 1161 
1441 1610 866 857 1062 1594 777 1293 1245 1485 317 866 986 1775 0 1176 501 1391 839 1010 906 
2231 2382 1602 1691 712 2260 1624 2024 1958 2267 1456 1431 1744 2498 1195 0 1042 2122 1563 1792 1615 
1202 1354 588 895 956 1338 554 997 957 1246 607 691 748 1519 332 1044 0 1091 552 732 645 
728 555 826 2109 2057 1109 1406 150 773 735 1819 1791 624 1010 1476 2155 1625 0 1092 1494 779 
1075 1349 759 1407 1427 1333 646 991 1107 1119 1111 1063 778 1514 778 1486 951 1091 0 684 816 
1391 1541 805 1490 1570 1525 476 1218 1190 1435 1225 1197 936 1706 894 1629 1085 1316 701 0 862 
921 1044 73 1471 1570 898 831 614 396 955 1225 1178 673 1171 888 1629 1051 715 742 876 0 
0 1132 891 2095 2115 1162 1344 689 992 136 1812 1719 446 1388 1474 2163 1596 697 1098 1403 881 
1097 0 998 2204 2280 683 1511 496 817 1143 1896 1895 965 398 1628 2328 1750 468 1233 1570 986 
945 999 0 1464 1518 758 791 655 316 1010 1229 1151 701 1108 892 1600 1026 795 703 830 84 
2006 2207 1414 0 1518 2055 1478 1779 1777 2051 925 618 1558 2291 975 1600 864 1884 1398 1537 1443 
1896 2128 1338 1460 0 1968 1393 1703 1701 1941 1159 1147 1482 2200 916 639 776 1794 1313 1452 1367 
1175 613 761 2204 2280 0 1511 760 531 1221 1896 1895 990 587 1628 2328 1750 893 1233 1570 801 
1333 1517 747 1443 1397 1389 0 1132 1103 1378 1143 1130 937 1615 808 1479 966 1223 598 456 790 
637 512 685 1884 1904 792 1206 0 568 727 1632 1544 463 930 1299 2017 1421 146 943 1265 675 
1008 686 420 1924 1944 480 1200 597 0 1053 1675 1587 835 820 1342 2036 1464 707 1098 1251 460 
134 1191 957 2095 2146 1216 1359 751 1033 0 1827 1749 469 1442 1504 2197 1626 759 1134 1418 940 
1650 1829 1096 984 1215 1699 1095 1452 1459 1695 0 949 1224 1955 307 1281 665 1543 1051 1227 1125 
1682 1871 1114 667 1202 1728 1200 1481 1477 1727 1033 0 1256 1955 840 1267 564 1572 1073 1251 1143 
553 1003 715 1613 1627 928 896 528 771 587 1336 1300 0 1168 1003 1709 1150 637 697 940 722 
1402 440 1108 2435 2505 630 1746 920 972 1448 2177 2160 1180 0 1904 2553 2000 890 1477 1812 1166 
1406 1560 803 874 1120 1432 774 1183 1173 1451 302 804 995 1658 0 1173 522 1274 771 961 846 
2082 2290 1493 1619 661 2130 1557 1856 1857 2127 1311 1306 1637 2366 1133 0 953 1972 1477 1616 1522 
1169 1278 538 949 1015 1196 554 922 854 1214 581 634 723 1422 321 1049 0 1046 499 674 581 
655 511 786 2004 2059 950 1322 171 715 745 1757 1669 564 930 1424 2123 1546 0 1052 1381 776 
1159 1278 745 1443 1368 1170 575 922 1037 1175 1143 1130 749 1396 803 1450 953 1028 0 626 788 
1331 1517 746 1443 1518 1389 445 1132 1102 1376 1191 1130 937 1615 852 1600 1023 1223 627 0 789 
866 1003 58 1460 1518 816 777 590 374 956 1229 1147 667 1131 878 1600 1023 730 689 816 0 
0 1093 862 2087 2046 1169 1292 636 957 166 1806 1799 410 1404 1464 2130 1632 661 1033 1366 864 
1158 0 1050 2340 2367 699 1548 592 874 1252 2118 2047 1040 414 1750 2458 1929 494 1327 1622 1034 
1027 1067 0 1524 1561 791 867 669 358 1123 1277 1269 696 1184 916 1623 1096 757 786 912 86 
2104 2251 1507 0 1550 2157 1495 1883 1857 2134 1046 624 1639 2393 935 1612 880 1974 1473 1569 1506 
2063 2195 1456 1493 0 2103 1428 1836 1788 2093 1241 1238 1588 2339 955 662 831 1924 1452 1548 1455 
1180 581 705 2262 2233 0 1447 706 541 1274 1955 1934 923 608 1649 2324 1821 829 1253 1521 786 
1392 1534 804 1439 1479 1424 0 1203 1149 1447 1125 1184 923 1659 794 1541 1036 1279 601 514 798 
686 559 699 1984 2046 813 1231 0 588 755 1724 1730 517 1009 1382 2064 1563 134 951 1305 701 
1060 701 349 1861 1916 465 1167 576 0 1156 1614 1607 798 862 1272 1936 1440 701 1100 1238 430 
134 1123 933 2142 2103 1223 1316 698 992 0 1852 1844 464 1458 1524 2186 1692 723 1101 1390 926 
1795 1916 1203 964 1344 1809 1113 1572 1535 1810 0 1071 1327 2095 368 1381 716 1648 1177 1270 1202 
1795 1916 1221 644 1296 1809 1143 1572 1553 1810 1046 0 1327 2095 830 1318 590 1648 1177 1270 1220 
446 1034 737 1611 1623 964 937 460 801 483 1321 1356 0 1194 979 1685 1161 544 707 961 733 
1452 424 1156 2519 2507 663 1736 978 983 1546 2277 2226 1222 0 1980 2598 2141 920 1518 1812 1181 
1489 1608 866 933 1004 1498 717 1262 1217 1544 324 826 1016 1733 0 1122 540 1338 786 940 860 
2265 2424 1679 1680 761 2330 1667 2061 2014 2295 1416 1425 1812 2566 1115 0 1055 2148 1645 1741 1678 
1217 1333 617 908 1016 1223 493 959 977 1272 609 630 717 1458 327 1031 0 1046 533 695 611 
705 485 820 2202 2135 952 1369 174 725 774 1896 1888 611 899 1567 2224 1735 0 1130 1443 822 
1120 1313 849 1439 1479 1203 595 943 1062 1175 1125 1184 721 1438 814 1541 1036 1017 0 688 843 
1517 1640 909 1552 1623 1530 552 1294 1254 1572 1297 1297 1040 1765 955 1685 1136 1370 749 0 899 
987 1088 60 1499 1561 807 864 641 374 1095 1277 1244 679 1194 916 1623 1096 729 783 912 0 
0 1128 1045 2115 2146 1363 1416 749 1126 140 1879 1775 478 1526 1482 2155 1664 783 1100 1361 1039 
1155 0 1083 2410 2434 669 1674 554 900 1209 2122 2056 1085 377 1740 2462 1929 507 1444 1619 1103 
1007 1052 0 1572 1601 764 830 693 335 1060 1312 1228 688 1116 950 1604 1118 772 779 940 108 
2135 2249 1498 0 1554 2200 1501 1891 1857 2186 1010 692 1673 2373 916 1557 885 2008 1466 1513 1536 
2097 2187 1429 1512 0 2138 1445 1841 1744 2148 1171 1198 1604 2311 1039 628 827 1954 1430 1477 1467 
1200 575 741 2236 2289 0 1549 755 571 1254 2023 1939 943 632 1615 2317 1797 880 1311 1494 789 
1427 1572 814 1526 1554 1513 0 1223 1146 1490 1230 1182 943 1708 896 1557 1096 1324 656 557 856 
748 515 769 2009 2018 794 1319 0 615 769 1747 1663 575 892 1370 2047 1552 168 1009 1269 740 
1035 754 355 1965 1987 470 1255 618 0 1073 1696 1612 807 819 1319 2011 1501 761 1174 1195 403 
146 1224 1060 2170 2191 1395 1458 778 1140 0 1904 1822 507 1590 1524 2205 1706 847 1145 1403 1067 
1889 1960 1191 1035 1416 1925 1195 1598 1506 1940 0 1034 1372 2091 417 1419 755 1699 1203 1240 1229 
1889 1949 1191 698 1243 1910 1218 1592 1506 1940 1044 0 1366 2076 916 1277 596 1693 1171 1240 1229 
440 1092 747 1661 1640 954 885 532 831 470 1373 1317 0 1238 988 1643 1179 605 726 961 748 
1499 409 1159 2523 2516 610 1800 951 983 1553 2232 2169 1204 0 1889 2544 2039 920 1550 1745 1217 
1453 1602 839 924 1025 1543 798 1247 1176 1516 384 859 974 1738 0 1104 549 1348 804 961 881 
2289 2436 1648 1718 716 2387 1651 2059 1967 2340 1399 1413 1832 2560 1209 0 1048 2163 1616 1663 1686 
1197 1350 593 943 944 1291 581 995 957 1260 682 623 725 1486 351 1001 0 1105 542 752 635 
766 503 862 2170 2180 938 1435 141 756 787 1879 1794 666 880 1501 2162 1683 0 1196 1380 833 
1081 1399 792 1426 1437 1340 586 1053 1132 1112 1171 1082 812 1535 805 1440 978 1179 0 737 834 
1480 1636 852 1572 1565 1577 519 1281 1180 1543 1298 1228 1001 1772 937 1568 1111 1382 742 0 894 
965 1108 72 1572 1601 812 835 643 383 996 1313 1228 637 1155 956 1604 1125 722 784 940 0 
0 1126 1169 2216 2241 1505 1456 867 1264 166 1878 1888 486 1474 1547 2283 1756 796 1165 1472 1143 
1135 0 1032 2355 2422 709 1646 553 861 1203 2052 2052 1068 405 1737 2493 1961 530 1388 1662 1036 
1005 1072 0 1495 1571 786 874 686 327 1073 1301 1198 760 1094 953 1617 1085 802 794 854 85 
2065 2377 1464 0 1552 2316 1443 1990 1765 2126 941 615 1653 2528 990 1598 872 2111 1438 1550 1489 
2029 2312 1410 1495 0 2254 1400 1922 1711 2090 1219 1198 1599 2466 995 662 821 2011 1426 1538 1435 
1250 658 676 2277 2314 0 1546 792 527 1318 1948 1974 1034 618 1637 2373 1849 952 1344 1562 728 
1444 1654 789 1450 1552 1572 0 1220 1089 1489 1168 1153 1011 1844 825 1598 1030 1370 724 521 817 
694 510 720 2095 2098 849 1311 0 600 750 1747 1747 526 929 1415 2152 1624 162 1050 1327 711 
1066 707 340 1908 1936 498 1159 567 0 1134 1595 1595 860 800 1263 2006 1472 708 1141 1213 392 
150 1178 1169 2216 2264 1505 1471 884 1264 0 1879 1925 503 1526 1562 2352 1771 875 1165 1487 1163 
1862 2148 1234 993 1406 2065 1211 1724 1535 1923 0 1035 1423 2279 404 1452 718 1853 1222 1323 1259 
1862 2148 1215 726 1427 2049 1230 1705 1516 1892 1050 0 1404 2254 924 1473 625 1834 1199 1298 1240 
551 1126 781 1648 1705 1153 1003 595 949 595 1432 1351 0 1367 1100 1751 1255 697 834 1047 809 
1479 447 1137 2540 2585 642 1835 1006 983 1547 2224 2237 1226 0 1942 2633 2139 970 1562 1884 1198 
1488 1776 844 869 1077 1626 870 1342 1143 1533 365 784 1068 1926 0 1256 497 1492 837 961 872 
2248 2611 1635 1698 697 2466 1614 2185 1938 2309 1416 1402 1825 2678 1226 0 1045 2285 1609 1721 1660 
1267 1424 577 935 1050 1371 639 989 876 1312 645 642 788 1579 339 1118 0 1147 571 676 605 
724 501 829 2216 2273 1062 1475 201 801 780 1886 1925 626 900 1566 2352 1775 0 1240 1491 820 
1215 1484 837 1488 1571 1439 686 1049 1136 1260 1242 1191 869 1639 916 1617 1058 1197 0 673 865 
1488 1703 837 1562 1638 1619 532 1269 1136 1533 1314 1265 1045 1926 978 1684 1152 1419 763 0 865 
988 1082 55 1504 1575 822 882 669 363 1056 1301 1207 748 1140 960 1621 1085 785 802 862 0 
0 1091 913 2303 2317 1419 1513 646 992 167 1958 1930 492 1435 1667 2339 1822 627 1170 1732 894 
1129 0 1088 2679 2808 744 1964 561 962 1164 2429 2356 1182 355 2158 2730 2248 537 1625 2107 1146 
1129 1062 0 1610 1730 756 955 726 334 1164 1409 1331 803 1133 1110 1723 1240 862 940 1107 73 
2337 2674 1658 0 1590 2359 1409 2218 1936 2354 1093 610 1899 2697 894 1583 871 2305 1552 1725 1707 
2367 2721 1738 1590 0 2404 1489 2292 1981 2384 1292 1311 1929 2811 1078 734 954 2379 1632 1812 1787 
1375 633 694 2303 2395 0 1689 799 580 1410 2002 1930 1185 580 1759 2339 1822 883 1554 1900 753 
1624 1941 879 1452 1590 1617 0 1479 1190 1675 1130 1173 1201 2011 815 1583 1044 1609 749 493 883 
695 588 709 2231 2267 916 1458 0 605 763 1912 1890 572 961 1614 2272 1762 158 1149 1677 692 
1192 715 326 1855 1979 466 1268 638 0 1227 1651 1571 1028 814 1400 1973 1454 728 1263 1505 385 
137 1123 956 2303 2322 1474 1536 691 1047 0 1985 1980 517 1467 1696 2365 1845 672 1185 1755 940 
2044 2332 1353 943 1342 2040 1134 1879 1610 2061 0 988 1600 2397 330 1335 689 2000 1204 1415 1402 
2066 2387 1375 687 1440 2067 1215 1896 1668 2083 1093 0 1622 2433 899 1433 606 2006 1241 1415 1424 
503 1091 794 1781 1918 1200 1020 485 874 585 1497 1502 0 1420 1198 1879 1385 609 809 1107 774 
1553 409 1135 2791 2883 619 2075 976 1028 1588 2518 2439 1386 0 2257 2819 2331 935 1743 2237 1198 
1774 2045 1056 862 1112 1753 831 1629 1326 1828 394 810 1351 2126 0 1184 534 1759 919 1107 1103 
2706 3062 2064 1891 754 2704 1775 2713 2279 2755 1586 1599 2284 3058 1425 0 1240 2794 1936 2059 2097 
1395 1755 746 943 1077 1463 587 1290 1036 1446 753 631 972 1829 379 1085 0 1420 616 764 750 
715 563 858 2381 2455 1082 1591 202 806 783 2060 2058 717 929 1775 2484 1943 0 1297 1812 841 
1225 1746 967 1584 1652 1695 614 1281 1268 1276 1206 1305 888 1941 929 1679 1131 1411 0 771 990 
1624 1928 875 1584 1652 1611 517 1479 1184 1675 1206 1305 1201 2011 916 1656 1131 1609 711 0 879 
1129 1104 53 1651 1767 798 932 706 376 1164 1452 1372 742 1133 1159 1760 1255 815 906 1071 0 
0 980 829 2186 2161 1281 1442 625 899 136 1860 1888 443 1321 1631 2198 1766 603 1121 1461 800 
1101 0 951 2486 2507 656 1837 495 818 1128 2179 2199 1029 314 1946 2545 2076 432 1495 1861 1004 
1079 1007 0 1652 1618 737 967 655 309 1122 1385 1318 794 1041 1156 1619 1262 726 913 1077 81 
2258 2341 1536 0 1405 2157 1356 2062 1772 2302 881 615 1892 2476 944 1406 865 2171 1540 1673 1550 
2353 2509 1711 1706 0 2325 1531 2202 1956 2397 1292 1405 2005 2644 1063 495 1045 2311 1715 1861 1725 
1291 542 656 2186 2260 0 1575 691 525 1334 1952 1924 1051 530 1715 2298 1810 801 1415 1594 707 
1540 1773 792 1493 1491 1463 0 1357 1094 1583 1143 1159 1144 1798 891 1492 1032 1462 653 415 830 
766 438 623 2123 2078 716 1401 0 470 812 1792 1794 496 752 1563 2137 1698 139 1104 1420 631 
1164 691 316 1919 1880 469 1285 494 0 1207 1629 1586 912 765 1400 1895 1490 618 1182 1338 367 
143 1018 865 2186 2195 1327 1473 661 957 0 1882 1888 460 1359 1648 2227 1783 639 1133 1492 836 
1978 2055 1225 949 1248 1816 1069 1779 1446 2022 0 988 1571 2138 317 1245 693 1886 1295 1386 1261 
2000 2125 1268 666 1187 1930 1089 1800 1546 2044 925 0 1592 2237 849 1202 585 1913 1295 1406 1282 
426 811 682 1733 1693 1075 1060 415 752 457 1455 1399 0 1136 1226 1694 1303 486 840 1123 645 
1302 332 1047 2576 2611 564 1964 827 928 1329 2266 2289 1286 0 2033 2649 2181 764 1629 2010 1100 
1702 1821 912 825 980 1523 751 1485 1154 1745 283 811 1306 1911 0 1009 522 1590 943 1056 958 
2435 2595 1805 1796 630 2411 1625 2294 2042 2479 1483 1499 2087 2808 1304 0 1139 2403 1817 1943 1825 
1447 1593 673 937 949 1283 508 1238 912 1490 646 645 1051 1618 426 947 0 1343 646 826 731 
774 432 758 2201 2260 851 1496 135 605 820 1916 1924 602 746 1681 2298 1823 0 1213 1515 736 
1173 1736 905 1641 1564 1571 589 1303 1202 1114 1315 1307 1005 1911 1086 1565 1159 1408 0 720 942 
1601 1813 834 1641 1564 1502 448 1400 1133 1644 1324 1307 1205 1911 1095 1565 1184 1505 731 0 872 
1024 1018 53 1677 1631 778 943 594 350 1067 1417 1343 744 1079 1188 1632 1262 665 888 1056 0 
0 921 817 1934 1888 1192 1271 554 912 136 1611 1656 411 1235 1378 1960 1519 615 947 1294 767 
894 0 849 2068 2029 588 1375 439 717 937 1708 1753 803 314 1475 2059 1616 397 1150 1398 799 
853 852 0 1462 1425 676 787 534 307 889 1168 1167 576 1011 922 1485 1030 643 684 780 67 
1936 2008 1391 0 1321 2008 1315 1714 1688 1980 778 603 1615 2201 824 1381 829 1825 1334 1465 1416 
1903 1973 1359 1374 0 1983 1269 1682 1640 1947 1079 1163 1583 2188 897 484 782 1791 1262 1393 1384 
1068 489 645 2068 2029 0 1375 644 512 1104 1708 1753 794 503 1475 2059 1616 760 1117 1398 689 
1239 1479 714 1380 1304 1381 0 1181 1012 1279 996 1085 837 1687 752 1364 942 1284 568 345 739 
559 410 574 1787 1711 770 1142 0 470 599 1453 1492 381 724 1220 1771 1355 123 868 1164 524 
936 583 318 1761 1685 410 1104 460 0 961 1417 1466 673 724 1184 1745 1329 583 999 1096 362 
134 959 847 1965 1910 1211 1271 584 957 0 1634 1679 441 1273 1401 1960 1542 641 979 1294 797 
1629 1697 1066 908 1124 1708 988 1409 1339 1669 0 864 1310 1911 273 1159 586 1518 1042 1164 1091 
1676 1744 1129 626 1171 1755 1064 1456 1425 1716 925 0 1357 1979 784 1196 567 1565 1072 1193 1154 
386 737 629 1610 1521 1014 916 366 718 426 1279 1315 0 1054 1046 1581 1162 447 721 912 579 
1226 314 994 2182 2241 498 1525 753 849 1262 1852 1891 1009 0 1611 2169 1752 711 1264 1548 945 
1328 1537 826 764 949 1470 731 1249 1101 1368 275 722 1009 1745 0 1009 444 1358 824 912 851 
2077 2130 1522 1620 496 2139 1445 1855 1849 2121 1234 1346 1746 2333 1104 0 964 1961 1435 1566 1547 
1069 1301 543 892 944 1211 481 995 840 1109 580 616 666 1509 347 932 0 1099 527 609 568 
568 415 667 1897 1852 877 1271 123 593 604 1570 1615 476 729 1337 1909 1478 0 987 1294 617 
982 1279 744 1441 1358 1290 610 989 1051 1022 1091 1146 718 1487 850 1418 999 1098 0 604 769 
1227 1479 706 1441 1358 1373 348 1179 1004 1267 1079 1146 829 1687 846 1418 990 1284 624 0 731 
807 878 53 1479 1425 717 797 488 348 843 1168 1184 532 1041 930 1485 1053 597 694 790 0 
0 869 729 1849 1897 1038 1240 553 818 136 1545 1576 388 1187 1312 1881 1440 546 882 1261 679 
866 0 818 2065 2014 504 1378 413 688 910 1711 1742 731 314 1478 2059 1606 397 1146 1399 814 
787 865 0 1398 1478 676 808 556 307 823 1129 1130 566 1011 877 1485 1015 634 681 859 71 
1795 1973 1298 0 1372 1923 1280 1665 1595 1855 778 588 1425 2144 736 1354 780 1774 1252 1391 1323 
1740 1918 1243 1313 0 1871 1208 1610 1540 1780 1032 1130 1370 2084 838 483 713 1719 1199 1338 1268 
1068 495 642 2053 1983 0 1378 644 512 1104 1686 1717 805 490 1453 2011 1581 756 1118 1399 699 
1186 1340 687 1277 1334 1282 0 1047 991 1226 952 1024 814 1536 713 1354 873 1156 530 385 712 
529 410 543 1711 1753 672 1139 0 470 565 1432 1443 360 724 1199 1735 1307 123 822 1162 493 
861 583 315 1676 1718 410 1124 457 0 897 1375 1408 661 729 1142 1700 1272 580 976 1162 372 
134 895 755 1868 1903 1063 1277 579 844 0 1568 1599 439 1214 1335 1909 1463 572 888 1298 705 
1494 1664 1020 778 1087 1606 936 1351 1296 1534 0 852 1124 1911 273 1111 572 1460 948 1087 1026 
1566 1749 1081 611 1167 1691 1041 1436 1378 1606 898 0 1196 1955 780 1168 547 1545 1018 1162 1106 
413 737 590 1452 1503 819 854 374 679 424 1188 1184 0 1054 942 1485 1063 447 611 912 540 
1149 314 952 2123 2079 495 1485 727 820 1185 1812 1844 930 0 1577 2147 1705 711 1248 1506 924 
1268 1420 762 736 850 1362 696 1115 1059 1308 275 710 889 1616 0 947 430 1224 703 872 787 
1882 2020 1382 1471 496 2007 1356 1749 1679 1922 1169 1241 1509 2173 1003 0 865 1860 1324 1463 1407 
1036 1190 517 860 819 1127 494 884 814 1076 554 592 644 1386 321 889 0 981 459 628 542 
540 397 624 1825 1880 795 1240 123 593 576 1522 1553 441 711 1289 1847 1417 0 931 1261 574 
898 1136 685 1277 1334 1079 529 834 957 896 982 1024 618 1314 737 1354 866 925 0 592 659 
1196 1363 692 1337 1377 1305 354 1047 991 1236 1032 1069 819 1559 798 1359 939 1156 563 0 717 
739 861 53 1415 1503 717 818 508 348 775 1137 1147 518 1011 906 1485 1015 586 644 869 0 
0 877 723 1843 1773 994 1178 547 812 136 1522 1550 393 1186 1289 1960 1417 547 883 1189 673 
866 0 818 1977 1928 503 1327 413 688 939 1660 1688 781 314 1427 1994 1555 397 1094 1346 775 
789 818 0 1412 1311 676 709 514 307 836 1059 1130 561 1000 824 1431 951 623 639 728 67 
1793 1875 1298 0 1284 1852 1261 1603 1595 1855 778 588 1423 2022 736 1404 780 1712 1252 1389 1323 
1738 1808 1243 1310 0 1795 1194 1549 1540 1782 1019 1130 1368 1964 823 492 713 1658 1199 1336 1268 
999 484 642 1977 1928 0 1327 621 512 1046 1660 1688 779 490 1427 1994 1555 741 1094 1346 686 
1186 1287 686 1285 1256 1276 0 1047 991 1230 952 1024 811 1442 713 1404 871 1156 530 383 711 
532 410 542 1695 1630 651 1047 0 470 579 1375 1407 410 724 1142 1750 1274 123 786 1077 492 
863 552 315 1695 1630 410 1019 457 0 910 1361 1407 658 692 1128 1750 1274 580 947 1036 359 
134 933 774 1891 1844 1063 1212 591 863 0 1567 1595 430 1244 1334 1964 1462 598 931 1231 724 
1496 1571 1020 778 1058 1560 936 1314 1296 1540 0 852 1126 1726 273 1180 572 1423 976 1077 1031 
1564 1640 1081 611 1114 1629 1025 1383 1378 1608 890 0 1194 1795 766 1256 545 1492 1042 1160 1106 
399 737 592 1456 1415 792 787 366 681 469 1137 1168 0 1011 906 1535 1043 447 602 806 542 
1210 314 980 2193 2122 495 1526 727 846 1257 1852 1888 975 0 1614 2242 1742 711 1288 1545 975 
1268 1343 765 736 835 1332 696 1089 1065 1312 275 710 890 1498 0 947 430 1198 738 840 790 
1893 1973 1393 1471 496 1963 1356 1698 1690 1937 1169 1240 1518 2122 988 0 875 1825 1335 1472 1418 
1021 1099 520 860 819 1087 480 844 817 1065 554 592 645 1273 321 889 0 954 494 596 545 
540 397 627 1817 1748 774 1178 123 593 587 1497 1525 491 711 1264 1870 1392 0 911 1189 577 
875 1073 693 1285 1265 1063 529 804 949 910 960 1024 620 1245 724 1404 866 925 0 560 659 
1196 1292 693 1357 1289 1281 344 1047 991 1240 1022 1069 818 1447 787 1409 940 1156 581 0 718 
741 778 53 1418 1329 717 719 466 348 788 1079 1130 512 1007 834 1449 962 575 643 738 0 
