13
5
10800
0
2015
2076
2293
2589
2646
2287
2070
1829
2456
2690
2658
2215
0 1879 920 270 173 453 1176 484 670 1009 498 754 523 
1697 0 1602 1931 1545 1657 783 1961 1360 2459 1753 2035 1936 
869 1662 0 1108 717 829 959 1153 540 1674 963 1225 1122 
288 2168 1171 0 439 663 1438 243 880 762 749 1009 631 
179 1782 775 418 0 518 1080 632 525 1204 570 826 595 
442 1793 843 670 495 0 1091 608 497 1133 116 510 466 
1203 792 1087 1434 1032 1140 0 1449 842 2009 1236 1527 1420 
497 2237 1243 226 648 592 1509 0 809 631 678 941 604 
606 1431 540 813 537 475 779 751 0 1268 571 827 728 
1036 2624 1724 772 1187 1082 1971 652 1300 0 1178 1450 865 
477 1879 938 745 530 116 1176 689 589 1201 0 481 429 
830 2237 1243 1108 883 515 1509 1054 856 1518 489 0 654 
570 2205 1209 644 623 471 1485 629 790 858 431 585 0 
0 2093 1160 310 235 680 1286 555 849 1244 716 1033 740 
2034 0 1881 2306 1771 1922 932 2186 1602 2943 1998 2427 2236 
1129 1881 0 1333 878 1082 1078 1384 784 2059 1144 1589 1422 
312 2432 1476 0 534 973 1609 265 1163 926 1014 1368 830 
246 1880 871 511 0 685 1074 756 634 1398 721 1033 745 
613 2004 1103 948 708 0 1224 786 665 1426 153 721 632 
1351 1053 1210 1573 1088 1276 0 1556 945 2226 1338 1716 1594 
562 2642 1646 302 784 883 1755 0 1122 752 992 1257 806 
760 1734 713 1080 677 645 932 937 0 1578 742 1084 973 
1196 3161 2081 886 1375 1381 2301 717 1620 0 1437 1698 1238 
571 2032 1160 881 666 151 1251 801 701 1443 0 663 545 
1013 2568 1617 1336 1039 680 1740 1217 1116 1883 648 0 858 
710 2427 1515 982 805 654 1598 850 968 1130 563 824 0 
0 2180 1144 293 239 602 1409 551 762 1255 613 942 639 
1980 0 1898 2198 1757 1929 1138 2246 1576 2966 2017 2423 2281 
1012 1875 0 1271 804 983 1172 1246 650 1918 1069 1525 1291 
312 2438 1415 0 534 917 1715 274 1081 921 930 1253 790 
237 1875 858 450 0 680 1172 708 552 1403 691 1016 717 
675 2180 1144 937 702 0 1437 846 665 1502 116 812 642 
1327 999 1272 1586 1112 1262 0 1542 921 2196 1337 1767 1579 
528 2514 1549 232 750 869 1812 0 998 789 911 1222 816 
713 1587 660 909 584 556 842 823 0 1502 632 1059 834 
1166 3141 2074 879 1345 1437 2284 795 1567 0 1462 1776 1057 
587 2180 1162 855 614 122 1437 775 678 1440 0 724 554 
985 2490 1486 1263 994 661 1786 1141 1031 1796 599 0 817 
726 2393 1452 853 753 618 1694 830 894 1107 532 745 0 
0 2055 1113 305 206 603 1263 569 835 1231 673 1019 657 
1954 0 1834 2176 1731 1984 899 2429 1678 3069 2027 2504 2403 
1040 1872 0 1228 825 1070 1095 1434 707 2153 1103 1563 1370 
323 2341 1360 0 471 972 1600 282 1119 885 976 1317 877 
268 1877 920 441 0 704 1100 705 675 1328 774 1098 758 
600 2050 1080 907 692 0 1247 808 683 1414 138 698 680 
1290 900 1166 1479 1069 1278 0 1702 997 2333 1311 1751 1638 
590 2567 1596 285 738 893 1866 0 1177 724 968 1317 854 
783 1748 690 1075 676 664 993 987 0 1634 713 1118 927 
1284 3227 2135 957 1418 1475 2484 794 1682 0 1444 1836 1135 
658 2147 1145 969 750 146 1333 870 777 1496 0 614 610 
1202 2546 1545 1486 1275 745 1788 1396 1122 1849 658 0 897 
718 2477 1505 969 810 637 1748 861 1091 1109 590 812 0 
0 1824 970 270 173 467 1228 497 707 1109 519 820 598 
1948 0 1820 2179 1795 1964 962 2281 1580 2957 2060 2330 2222 
899 1611 0 1138 747 896 1021 1340 606 1906 999 1349 1294 
288 2062 1245 0 442 689 1459 243 921 786 773 1086 631 
179 1678 823 418 0 541 1088 645 562 1215 593 894 672 
474 1811 956 713 527 0 1215 674 575 1225 116 510 475 
1249 798 1126 1472 1097 1255 0 1530 888 2115 1347 1646 1503 
497 2161 1332 232 651 661 1568 0 893 665 745 1052 644 
712 1449 599 970 571 571 847 979 0 1544 667 931 933 
1058 2586 1755 785 1195 1126 1994 684 1334 0 1201 1472 856 
501 1876 1045 769 554 116 1283 765 667 1190 0 481 436 
862 2244 1385 1133 915 523 1645 1106 1010 1498 497 0 687 
584 2088 1273 667 637 493 1497 661 809 876 455 613 0 
