13
5
10800
0
2015
2076
2293
2589
2646
2287
2070
1829
2456
2690
2658
2215
0 796 698 1298 969 739 614 928 907 888 1797 704 836 
796 0 1316 1940 1583 821 925 1540 765 1240 2430 1312 1159 
561 1249 0 797 557 607 412 514 847 432 1284 288 642 
1152 1831 846 0 1128 1212 975 1085 1426 1058 858 636 1244 
889 1577 328 1130 0 939 740 48 1176 760 1629 616 979 
710 813 677 1298 945 0 332 898 443 515 1797 684 434 
502 931 498 1074 771 337 0 728 622 535 1573 513 428 
928 1589 344 1149 47 961 756 0 1207 776 1648 632 997 
906 742 994 1630 1240 441 580 1197 0 628 2147 986 521 
805 1023 541 1225 805 551 552 762 619 0 1724 598 277 
1577 2267 1287 502 1554 1650 1412 1511 1877 1475 0 1080 1685 
506 1215 286 750 550 594 357 507 815 419 1239 0 621 
687 795 725 1330 1004 331 332 963 399 351 1830 732 0 
0 1021 905 1483 1243 1087 833 1192 1329 1155 2156 920 1093 
1079 0 1642 2202 1891 1031 1174 1841 971 1240 2801 1585 1115 
636 1452 0 910 662 719 558 614 1032 479 1496 319 722 
1225 2048 975 0 1243 1400 1150 1192 1627 1219 1204 699 1391 
1122 1970 501 1322 0 1265 1062 80 1523 1007 1864 820 1287 
814 1019 760 1378 1052 0 375 1001 590 664 1938 827 513 
565 1194 647 1232 936 443 0 884 827 720 1770 662 569 
1122 1970 487 1313 52 1231 1049 0 1523 997 1864 806 1287 
1069 958 1177 1730 1420 560 670 1369 0 795 2337 1141 644 
928 1235 620 1254 925 726 676 857 815 0 1792 687 377 
1736 2580 1477 611 1764 1886 1653 1713 2160 1726 0 1227 1922 
567 1378 308 910 593 680 489 545 1002 460 1496 0 703 
779 948 825 1440 1158 432 389 1107 521 532 2027 876 0 
0 917 738 1352 1022 926 685 979 1182 965 1920 749 921 
881 0 1477 2095 1741 948 1086 1698 964 1147 2658 1508 1054 
598 1370 0 854 580 668 487 532 942 457 1408 296 710 
1181 1987 897 0 1162 1286 1070 1119 1571 1117 1061 670 1303 
935 1699 333 1212 0 1017 820 48 1287 790 1785 629 1021 
815 1000 795 1477 1086 0 437 1043 555 635 2083 820 509 
514 1091 570 1212 855 383 0 807 754 683 1785 581 526 
952 1731 349 1212 53 1037 836 0 1319 806 1785 645 1040 
1068 935 1124 1748 1388 546 700 1345 0 797 2311 1151 670 
860 1219 586 1212 871 707 675 823 771 0 1785 637 375 
1769 2554 1519 633 1753 1872 1678 1710 2178 1709 0 1275 1918 
550 1360 318 843 603 665 439 555 927 454 1408 0 698 
722 897 778 1393 1059 400 372 1016 464 534 1981 789 0 
0 933 817 1422 1098 976 757 1049 1252 1096 2012 849 1027 
949 0 1607 2240 1923 1085 1192 1864 986 1484 2784 1615 1398 
635 1473 0 971 653 715 568 593 1028 475 1518 335 807 
1238 2207 958 0 1217 1357 1211 1168 1748 1179 1018 692 1481 
980 1869 343 1242 0 1068 919 66 1376 818 1812 678 1156 
863 1064 829 1483 1135 0 457 1086 607 699 2104 920 608 
581 1174 650 1305 940 415 0 886 789 688 1892 706 593 
980 1896 356 1242 64 1083 932 0 1414 831 1812 691 1156 
1118 889 1186 1909 1476 577 766 1427 0 782 2434 1251 694 
889 1211 601 1266 897 733 696 837 749 0 1831 684 362 
1789 2658 1477 619 1745 1928 1762 1696 2350 1708 0 1247 2027 
578 1423 328 925 624 686 517 564 993 467 1477 0 778 
801 916 854 1517 1135 476 439 1086 492 476 2104 944 0 
0 820 792 1311 1059 746 704 1018 921 972 1760 766 1057 
796 0 1423 2026 1669 821 955 1628 765 1253 2431 1413 1172 
598 1390 0 891 602 665 512 559 1055 459 1303 289 680 
1207 1972 965 0 1201 1341 1115 1160 1544 1106 885 688 1316 
935 1691 337 1171 0 1005 849 48 1360 796 1620 626 1009 
785 828 766 1346 1059 0 382 1018 460 539 1795 756 483 
531 991 619 1171 882 377 0 839 776 659 1620 593 581 
952 1691 351 1171 47 1018 863 0 1361 810 1620 640 1024 
963 768 1040 1557 1300 447 592 1259 0 640 2016 1003 533 
851 1124 591 1171 854 574 584 811 684 0 1620 621 286 
1767 2480 1511 613 1751 1928 1699 1710 2152 1710 0 1280 1924 
538 1263 332 843 595 637 452 552 1013 446 1265 0 667 
756 886 821 1366 1087 376 386 1046 486 351 1822 811 0 
