13
15
3600
0
2564
1964
2664
1816
2395
2112
2476
2468
1935
1841
2469
2406
0 1879 920 270 173 453 1176 484 670 1009 498 754 523 
1697 0 1602 1931 1545 1657 783 1961 1360 2459 1753 2035 1936 
869 1662 0 1108 717 829 959 1153 540 1674 963 1225 1122 
288 2168 1171 0 439 663 1438 243 880 762 749 1009 631 
179 1782 775 418 0 518 1080 632 525 1204 570 826 595 
442 1793 843 670 495 0 1091 608 497 1133 116 510 466 
1203 792 1087 1434 1032 1140 0 1449 842 2009 1236 1527 1420 
497 2237 1243 226 648 592 1509 0 809 631 678 941 604 
606 1431 540 813 537 475 779 751 0 1268 571 827 728 
1036 2624 1724 772 1187 1082 1971 652 1300 0 1178 1450 865 
477 1879 938 745 530 116 1176 689 589 1201 0 481 429 
830 2237 1243 1108 883 515 1509 1054 856 1518 489 0 654 
570 2205 1209 644 623 471 1485 629 790 858 431 585 0 
0 2023 973 270 173 454 1327 484 711 1006 503 770 551 
1723 0 1652 1982 1569 1723 761 2188 1455 2712 1820 2313 2166 
884 1829 0 1121 732 844 1168 1249 540 1770 963 1338 1281 
288 2396 1239 0 439 715 1563 243 979 743 782 1058 647 
179 1829 821 418 0 518 1168 632 566 1190 575 842 623 
456 1930 906 708 505 0 1257 629 573 1133 116 510 468 
1205 790 1114 1430 1032 1159 0 1618 887 2145 1255 1659 1608 
497 2596 1392 226 648 677 1752 0 1021 608 744 1017 633 
717 1537 581 970 579 594 822 970 0 1504 690 948 976 
1058 3265 1999 772 1214 1163 2352 652 1554 0 1241 1516 927 
491 2202 1004 759 540 116 1358 702 665 1190 0 481 429 
737 2496 1312 1005 786 515 1656 955 933 1475 489 0 596 
584 2496 1312 674 633 471 1656 645 885 857 431 587 0 
0 2237 1108 279 250 746 1379 518 887 1136 812 1042 735 
2110 0 1775 2409 1886 1917 899 2289 1583 2970 2027 2422 2322 
1214 2142 0 1462 983 1119 1203 1498 722 2165 1228 1620 1520 
288 2436 1278 0 453 873 1567 255 1085 872 968 1253 821 
238 2142 893 433 0 735 1155 672 658 1310 811 1100 746 
659 2320 1158 899 741 0 1453 753 764 1425 172 696 655 
1483 1142 1146 1687 1252 1308 0 1653 1008 2295 1417 1821 1675 
518 2665 1541 257 683 846 1805 0 1209 719 922 1253 794 
1036 2075 719 1239 806 735 1119 1146 0 1774 890 1139 1169 
1089 3290 2163 806 1250 1257 2352 700 1644 0 1293 1643 927 
761 2365 1246 1015 843 122 1527 855 839 1519 0 690 634 
1256 2974 1795 1521 1315 692 2042 1421 1169 1936 661 0 912 
713 2874 1680 841 860 670 1979 738 1158 987 641 785 0 
0 2093 1160 310 235 680 1286 555 849 1244 716 1033 740 
2034 0 1881 2306 1771 1922 932 2186 1602 2943 1998 2427 2236 
1129 1881 0 1333 878 1082 1078 1384 784 2059 1144 1589 1422 
312 2432 1476 0 534 973 1609 265 1163 926 1014 1368 830 
246 1880 871 511 0 685 1074 756 634 1398 721 1033 745 
613 2004 1103 948 708 0 1224 786 665 1426 153 721 632 
1351 1053 1210 1573 1088 1276 0 1556 945 2226 1338 1716 1594 
562 2642 1646 302 784 883 1755 0 1122 752 992 1257 806 
760 1734 713 1080 677 645 932 937 0 1578 742 1084 973 
1196 3161 2081 886 1375 1381 2301 717 1620 0 1437 1698 1238 
571 2032 1160 881 666 151 1251 801 701 1443 0 663 545 
1013 2568 1617 1336 1039 680 1740 1217 1116 1883 648 0 858 
710 2427 1515 982 805 654 1598 850 968 1130 563 824 0 
0 2186 1170 319 269 592 1340 558 859 1253 635 984 684 
1966 0 1841 2187 1711 1861 927 2156 1544 2778 1956 2443 2196 
1126 1884 0 1354 860 995 1096 1329 700 2032 1132 1589 1329 
304 2346 1429 0 525 885 1555 261 1122 965 978 1316 939 
272 1934 963 508 0 671 1155 747 662 1445 714 1070 763 
617 2075 1103 860 681 0 1277 727 707 1405 128 679 665 
1343 1031 1259 1587 1095 1260 0 1560 938 2221 1397 1787 1555 
519 2447 1546 259 740 805 1662 0 1054 771 870 1236 870 
756 1774 704 1004 702 581 990 866 0 1544 699 1086 914 
1194 3099 2137 962 1413 1434 2238 767 1615 0 1478 1865 1090 
652 2092 1170 895 716 124 1314 762 750 1445 0 608 578 
1143 2440 1521 1432 1200 696 1641 1289 1089 2032 616 0 966 
694 2314 1402 909 767 609 1518 835 928 1120 507 748 0 
0 2042 1065 350 261 661 1227 591 794 1244 644 965 669 
1909 0 1893 2152 1686 1934 900 2210 1549 2851 2008 2402 2207 
1069 1893 0 1312 867 1023 1062 1293 652 2160 1108 1521 1307 
358 2318 1332 0 494 958 1477 257 1043 890 972 1344 876 
217 1893 920 481 0 731 1062 722 623 1358 714 1088 739 
667 2042 1065 941 733 0 1227 848 684 1514 141 696 621 
1283 948 1195 1538 1069 1279 0 1519 900 2314 1364 1746 1533 
606 2649 1588 268 742 930 1747 0 1128 758 972 1321 856 
785 1719 683 1053 747 687 913 939 0 1609 713 1061 931 
1200 2964 2107 899 1393 1275 2143 709 1536 0 1360 1742 1120 
594 2042 1065 935 660 166 1227 826 686 1483 0 624 535 
1043 2538 1537 1327 1122 772 1696 1251 1030 2035 670 0 852 
724 2440 1438 961 790 669 1597 864 963 1176 549 734 0 
0 2180 1144 293 239 602 1409 551 762 1255 613 942 639 
1980 0 1898 2198 1757 1929 1138 2246 1576 2966 2017 2423 2281 
1012 1875 0 1271 804 983 1172 1246 650 1918 1069 1525 1291 
312 2438 1415 0 534 917 1715 274 1081 921 930 1253 790 
237 1875 858 450 0 680 1172 708 552 1403 691 1016 717 
675 2180 1144 937 702 0 1437 846 665 1502 116 812 642 
1327 999 1272 1586 1112 1262 0 1542 921 2196 1337 1767 1579 
528 2514 1549 232 750 869 1812 0 998 789 911 1222 816 
713 1587 660 909 584 556 842 823 0 1502 632 1059 834 
1166 3141 2074 879 1345 1437 2284 795 1567 0 1462 1776 1057 
587 2180 1162 855 614 122 1437 775 678 1440 0 724 554 
985 2490 1486 1263 994 661 1786 1141 1031 1796 599 0 817 
726 2393 1452 853 753 618 1694 830 894 1107 532 745 0 
0 2204 1148 297 212 696 1375 544 838 1224 720 1034 712 
2000 0 1897 2223 1771 1948 995 2260 1635 2919 2019 2393 2303 
1099 1951 0 1335 895 1041 1138 1352 714 2026 1129 1554 1361 
302 2463 1419 0 504 937 1703 263 1127 931 970 1303 860 
212 1985 952 494 0 714 1164 741 658 1392 776 1110 768 
550 2052 994 805 602 0 1223 694 607 1310 125 713 571 
1330 949 1222 1578 1116 1253 0 1567 937 2181 1341 1716 1576 
532 2557 1519 246 734 852 1805 0 1054 771 911 1250 790 
714 1726 745 976 694 603 916 858 0 1466 694 1079 894 
1269 3142 2102 919 1384 1409 2379 789 1678 0 1476 1828 1109 
563 2091 1102 860 615 127 1288 795 681 1404 0 651 495 
976 2628 1559 1256 1031 650 1862 1190 1082 1781 633 0 822 
696 2490 1464 846 748 650 1741 804 990 1082 615 777 0 
0 2063 1137 271 217 610 1357 515 782 1192 648 999 654 
1950 0 1810 2198 1746 1942 900 2293 1656 2909 2045 2496 2252 
1070 1817 0 1265 849 988 1107 1324 705 2053 1102 1534 1373 
300 2370 1371 0 485 926 1635 264 1160 999 1043 1281 829 
242 1896 953 459 0 702 1193 703 650 1368 740 1101 757 
670 2057 1113 929 765 0 1343 809 717 1474 154 713 656 
1323 998 1175 1527 1106 1298 0 1596 954 2244 1407 1886 1617 
526 2524 1531 246 711 896 1790 0 1129 806 1030 1314 872 
811 1674 644 1061 728 665 913 962 0 1599 738 1088 1015 
1204 3044 2102 921 1415 1413 2249 747 1627 0 1519 1849 1078 
611 2076 1137 882 706 200 1367 819 734 1490 0 614 539 
1138 2483 1471 1418 1211 800 1738 1352 1092 2053 672 0 924 
727 2405 1405 911 822 708 1672 859 971 1094 580 807 0 
0 2055 1113 305 206 603 1263 569 835 1231 673 1019 657 
1954 0 1834 2176 1731 1984 899 2429 1678 3069 2027 2504 2403 
1040 1872 0 1228 825 1070 1095 1434 707 2153 1103 1563 1370 
323 2341 1360 0 471 972 1600 282 1119 885 976 1317 877 
268 1877 920 441 0 704 1100 705 675 1328 774 1098 758 
600 2050 1080 907 692 0 1247 808 683 1414 138 698 680 
1290 900 1166 1479 1069 1278 0 1702 997 2333 1311 1751 1638 
590 2567 1596 285 738 893 1866 0 1177 724 968 1317 854 
783 1748 690 1075 676 664 993 987 0 1634 713 1118 927 
1284 3227 2135 957 1418 1475 2484 794 1682 0 1444 1836 1135 
658 2147 1145 969 750 146 1333 870 777 1496 0 614 610 
1202 2546 1545 1486 1275 745 1788 1396 1122 1849 658 0 897 
718 2477 1505 969 810 637 1748 861 1091 1109 590 812 0 
0 2090 1258 270 207 822 1395 497 938 1165 911 1187 793 
2291 0 2044 2505 2153 2423 1060 2733 1993 3332 2524 2895 2863 
1145 1955 0 1370 943 1274 1201 1599 785 2264 1342 1825 1722 
301 2233 1573 0 457 1015 1572 243 1176 912 1097 1405 832 
205 2001 1057 444 0 784 1244 671 759 1354 883 1187 872 
678 2116 1165 970 714 0 1422 981 713 1599 140 690 569 
1484 924 1265 1689 1288 1552 0 1926 1160 2565 1620 2095 1985 
537 2491 1862 252 693 999 1813 0 1296 794 1081 1405 827 
986 1905 731 1218 769 775 1147 1264 0 1990 809 1216 1236 
1211 3211 2336 921 1369 1480 2602 835 1799 0 1550 1856 1118 
614 2116 1240 884 650 116 1435 955 761 1532 0 646 505 
1021 2636 1754 1294 1061 678 2030 1434 1121 1792 632 0 795 
732 2544 1714 860 768 660 1959 857 1072 1027 594 778 0 
0 1973 1235 270 188 641 1391 507 915 1109 672 1122 685 
2216 0 2052 2406 2096 2282 1130 2620 2024 3203 2378 2748 2645 
1085 1811 0 1315 949 1297 1233 1529 815 2115 1372 1735 1610 
298 2251 1430 0 449 941 1617 253 1114 840 975 1359 772 
181 1849 1085 420 0 655 1267 657 744 1232 727 1177 756 
510 1890 1133 780 531 0 1308 765 685 1282 116 647 487 
1329 791 1186 1519 1231 1564 0 1733 1167 2307 1639 2007 1883 
517 2507 1604 257 668 941 1809 0 1199 701 968 1358 755 
945 1719 681 1176 793 778 1143 1249 0 1860 874 1061 1175 
1129 3077 2179 848 1280 1321 2490 795 1630 0 1416 1567 927 
513 2120 1222 783 572 116 1432 851 777 1251 0 627 444 
863 2507 1525 1133 924 599 1827 1251 1077 1634 577 0 706 
645 2436 1502 762 704 600 1788 723 1004 877 551 759 0 
0 1824 970 270 173 467 1228 497 707 1109 519 820 598 
1948 0 1820 2179 1795 1964 962 2281 1580 2957 2060 2330 2222 
899 1611 0 1138 747 896 1021 1340 606 1906 999 1349 1294 
288 2062 1245 0 442 689 1459 243 921 786 773 1086 631 
179 1678 823 418 0 541 1088 645 562 1215 593 894 672 
474 1811 956 713 527 0 1215 674 575 1225 116 510 475 
1249 798 1126 1472 1097 1255 0 1530 888 2115 1347 1646 1503 
497 2161 1332 232 651 661 1568 0 893 665 745 1052 644 
712 1449 599 970 571 571 847 979 0 1544 667 931 933 
1058 2586 1755 785 1195 1126 1994 684 1334 0 1201 1472 856 
501 1876 1045 769 554 116 1283 765 667 1190 0 481 436 
862 2244 1385 1133 915 523 1645 1106 1010 1498 497 0 687 
584 2088 1273 667 637 493 1497 661 809 876 455 613 0 
0 1790 1063 270 173 453 1253 484 689 1109 508 756 525 
1660 0 1568 1905 1508 1625 765 1981 1325 2511 1721 2023 1994 
885 1564 0 1121 733 850 1026 1182 540 1763 963 1273 1199 
288 2062 1271 0 439 681 1463 243 906 800 773 1037 638 
179 1675 906 418 0 525 1138 632 547 1215 580 828 597 
442 1690 938 684 495 0 1153 629 496 1215 116 510 466 
1125 749 1063 1356 976 1105 0 1441 795 2065 1201 1493 1461 
497 2124 1332 226 648 669 1580 0 890 654 761 1009 640 
618 1392 570 836 537 476 769 781 0 1324 572 860 742 
1013 2581 1728 739 1164 1082 1958 618 1305 0 1160 1426 854 
483 1780 1045 751 536 116 1243 718 588 1201 0 481 429 
733 2088 1308 1005 786 536 1544 991 860 1457 510 0 587 
578 2062 1299 644 631 471 1498 654 802 870 431 585 0 
0 1748 920 270 173 453 1123 484 669 1009 517 758 543 
1669 0 1575 1905 1517 1632 760 1930 1332 2428 1728 2014 1914 
886 1564 0 1121 734 849 938 1177 572 1675 963 1267 1191 
288 2062 1170 0 439 689 1374 243 896 754 778 1032 631 
179 1608 771 418 0 525 983 632 524 1190 589 830 615 
442 1675 839 676 495 0 1050 609 496 1133 116 590 468 
1129 821 1045 1360 980 1105 0 1374 789 1876 1201 1489 1400 
497 2062 1245 226 648 623 1431 0 830 649 712 956 615 
621 1386 538 827 537 478 749 760 0 1301 574 866 767 
1036 2797 1773 769 1187 1131 1996 648 1353 0 1196 1456 865 
484 1771 934 752 537 116 1146 690 588 1190 0 590 429 
727 2062 1241 1005 780 526 1431 940 856 1454 500 0 595 
574 2062 1212 682 627 491 1408 645 794 857 450 585 0 
