23
5
10800
0
997
902
1080
1317
1270
1097
1397
1179
1442
1284
1303
1174
1324
1183
936
1172
1339
919
1268
1052
921
1496
0 758 916 709 668 846 88 1100 1245 1033 1287 673 785 474 1000 514 1312 1016 1226 948 414 476 762 
757 0 285 601 815 375 749 1783 1145 912 1392 563 1199 621 749 506 1198 1226 2052 836 451 499 541 
904 299 0 469 683 287 931 1727 998 774 1265 431 1161 489 612 489 1064 1074 2029 704 602 484 409 
724 644 590 0 409 399 726 1548 644 425 922 216 1035 336 357 287 706 923 1816 355 400 282 156 
645 805 751 410 0 689 664 1499 998 515 685 486 898 194 751 515 744 674 1716 701 628 510 545 
873 374 307 400 652 0 868 1698 981 743 1265 400 1161 458 412 458 1033 1037 1993 652 570 453 340 
89 746 963 740 706 884 0 1155 1269 1048 1317 704 813 512 1031 515 1336 1037 1264 1001 415 477 800 
1115 1788 1769 1564 1518 1712 1134 0 2120 1870 2022 1528 1391 1344 1856 1491 2146 1632 1492 1799 1394 1453 1629 
1550 1429 1266 896 1016 1109 1552 2411 0 592 974 1013 1828 1115 663 1113 733 1377 2600 509 1226 1108 887 
1080 1166 1022 606 509 828 1099 2000 591 0 487 722 1342 620 418 791 408 869 2191 259 912 786 642 
1244 1413 1354 927 679 1297 1263 1897 942 487 0 1044 1348 790 906 1112 377 711 2149 695 1225 1107 1062 
694 535 481 137 462 419 696 1510 661 442 932 0 990 276 423 257 723 880 1770 372 370 252 152 
690 1146 1132 940 892 1075 735 1330 1466 1247 1322 897 0 698 1228 845 1533 1016 1500 1177 748 807 986 
459 619 565 335 194 503 478 1330 872 619 789 292 712 0 634 329 848 689 1523 583 442 324 419 
1015 752 598 357 750 414 1025 1874 658 418 922 467 1309 625 0 576 720 1175 2128 244 689 571 346 
496 410 585 331 605 523 490 1499 855 636 1147 295 897 411 617 0 918 991 1716 566 113 163 426 
1313 1440 1339 899 738 1182 1332 2109 700 408 377 1015 1542 849 743 1084 0 908 2349 561 1197 1079 970 
926 1146 1092 893 658 1030 983 1499 1372 870 711 857 990 694 1174 856 906 0 1748 1073 972 851 951 
1139 1819 1794 1589 1543 1737 1158 1390 2120 1933 2053 1553 1463 1369 1879 1516 2177 1657 0 1828 1419 1478 1654 
1123 994 838 477 705 654 1124 2000 476 259 695 589 1411 733 244 684 538 1074 2240 0 797 679 468 
403 457 632 378 652 570 405 1414 942 683 1172 342 797 458 664 221 971 1016 1643 613 0 198 473 
533 454 534 280 554 472 534 1499 804 585 1070 244 924 360 566 44 866 940 1739 515 157 0 351 
780 566 512 151 539 333 799 1572 745 526 1015 163 1035 365 338 365 807 940 1834 456 478 360 0 
0 947 1200 863 824 1080 134 1247 1473 1230 1553 806 983 561 1270 680 1595 1249 1518 1147 510 639 922 
997 0 414 813 1126 441 992 2132 1407 1164 1721 698 1519 821 988 684 1529 1507 2313 1081 578 668 707 
1245 482 0 686 972 356 1211 2077 1280 1068 1625 571 1521 694 911 672 1386 1391 2286 970 814 707 580 
976 826 764 0 568 522 977 1709 739 546 1174 291 1215 403 482 346 844 1133 2035 444 553 381 216 
889 1080 1082 640 0 906 956 1655 1308 772 922 695 1134 276 1115 670 971 940 1906 1036 877 705 813 
1154 499 496 519 890 0 1107 2077 1178 983 1540 504 1442 627 607 605 1327 1338 2240 885 703 640 434 
115 957 1257 906 867 1102 0 1247 1488 1245 1581 849 1038 604 1303 682 1610 1261 1523 1162 512 641 983 
1248 1972 1984 1687 1655 1836 1276 0 2246 2079 2151 1625 1561 1419 2069 1601 2334 1786 1660 1925 1509 1608 1745 
1556 1426 1448 879 1271 1294 1562 2419 0 796 1210 935 1919 1033 814 981 863 1722 2678 616 1102 988 1053 
1337 1202 1231 644 710 1080 1356 2186 757 0 693 683 1612 795 587 738 505 1267 2455 376 912 773 814 
1665 1887 1887 1363 969 1764 1754 2307 1178 649 0 1477 1767 1147 1217 1510 483 1013 2523 945 1631 1517 1533 
911 700 638 201 608 513 931 1655 762 569 1190 0 1162 345 579 288 867 1086 1906 467 495 323 222 
895 1386 1503 1181 1160 1349 986 1411 1755 1512 1582 1119 0 856 1571 1042 1825 1283 1671 1429 894 996 1239 
626 830 768 480 263 643 672 1387 1055 857 986 430 847 0 867 407 1116 908 1660 755 614 442 566 
1294 1091 834 442 1013 636 1307 2186 791 554 1190 646 1576 758 0 701 921 1446 2381 311 909 736 509 
652 481 717 395 733 592 675 1620 981 763 1362 338 1126 470 773 0 1056 1195 1845 661 207 170 515 
1595 1478 1500 930 1043 1346 1601 2479 842 500 577 966 1958 1126 914 1020 0 1214 2678 678 1141 1027 1090 
1182 1422 1444 1128 924 1290 1257 1726 1702 1241 1030 1066 1265 856 1518 1042 1278 0 2035 1376 1163 1049 1180 
1363 2098 2079 1830 1778 1965 1391 1548 2370 2214 2274 1748 1690 1542 2201 1724 2458 1928 0 2049 1632 1731 1901 
1218 1099 1136 538 914 954 1231 2077 544 405 922 577 1521 689 323 632 649 1391 2286 0 839 667 708 
513 567 803 481 819 678 536 1455 1026 849 1416 424 931 556 859 257 1124 1210 1697 747 0 248 601 
697 526 682 360 698 557 720 1668 942 728 1315 303 1162 435 738 45 1036 1173 1911 626 252 0 480 
1071 789 727 191 740 429 1115 1889 862 669 1241 262 1347 522 518 500 955 1249 2147 567 707 535 0 
0 952 1084 836 835 1004 99 1249 1432 1213 1497 773 931 562 1181 741 1530 1151 1426 1182 559 704 908 
964 0 378 772 1078 451 962 2002 1306 1092 1594 658 1440 797 931 611 1404 1453 2250 1073 552 608 693 
1085 441 0 602 884 397 1136 1899 1178 932 1387 488 1417 627 808 596 1249 1238 2168 820 740 620 523 
955 771 727 0 610 543 1016 1703 750 522 1051 272 1214 446 411 366 836 1073 1978 415 510 390 176 
834 996 922 609 0 870 848 1607 1252 698 804 651 1131 280 1045 636 907 875 1882 922 780 660 743 
1106 427 409 437 919 0 1113 1911 1154 912 1361 504 1440 650 557 619 1233 1289 2191 795 714 643 348 
113 919 1174 912 903 1079 0 1309 1448 1229 1576 839 1036 628 1247 711 1546 1210 1494 1198 529 674 970 
1129 1904 1876 1609 1605 1836 1180 0 2523 1997 2062 1603 1509 1354 1969 1550 2249 1683 1545 1916 1432 1563 1662 
1469 1363 1337 836 1222 1302 1520 2270 0 661 1128 861 1787 997 839 942 864 1642 2611 608 1075 975 974 
1187 1065 1036 553 661 958 1238 2002 668 0 560 578 1512 730 562 650 495 1162 2288 275 794 674 687 
1400 1580 1554 1041 755 1519 1470 2002 1154 527 0 1097 1517 919 1022 1157 424 819 2288 756 1290 1184 1160 
874 649 605 213 629 556 888 1621 766 538 1059 0 1165 372 526 292 852 1025 1978 431 436 316 233 
821 1329 1337 1070 1116 1302 910 1408 1623 1404 1549 1064 0 810 1432 1007 1721 1188 1666 1373 861 1022 1126 
562 691 647 442 273 598 576 1370 998 767 1059 379 797 0 755 364 1101 753 1568 660 508 388 512 
1225 993 778 422 995 596 1276 2002 790 519 1064 607 1543 763 0 683 876 1373 2312 301 827 707 475 
604 498 657 403 738 608 654 1591 981 728 1216 340 1084 481 716 0 1050 1100 1876 621 157 218 473 
1469 1381 1355 847 914 1320 1520 2232 829 527 468 872 1770 997 917 944 0 1127 2553 627 1077 977 985 
1031 1300 1274 999 835 1239 1117 1621 1552 1095 847 989 1165 785 1361 942 1135 0 1978 1302 1075 975 1061 
1301 2087 2071 1790 1786 2031 1352 1582 2742 2174 2219 1784 1679 1535 2157 1731 2426 1860 0 2065 1613 1744 1861 
1187 1065 1007 552 914 893 1238 2002 593 305 801 577 1505 729 325 649 679 1339 2288 0 793 673 634 
450 481 721 467 802 672 500 1430 1026 792 1278 404 871 545 780 269 1135 1092 1666 685 0 262 537 
636 539 600 346 681 551 686 1619 899 671 1158 283 1086 424 659 45 990 1065 1978 564 189 0 416 
965 663 619 207 750 452 1016 1745 856 628 1158 190 1288 493 461 462 943 1108 2068 521 606 486 0 
0 898 1203 866 864 1120 152 1319 1481 1278 1551 853 961 599 1183 624 1564 1258 1684 1141 518 585 951 
894 0 416 771 1161 469 972 2012 1379 1185 1657 705 1370 851 990 586 1462 1541 2228 1039 482 617 691 
1221 485 0 628 1013 370 1276 2070 1246 1052 1503 562 1456 708 743 636 1317 1392 2293 913 811 643 582 
949 836 798 0 606 575 1020 1876 765 510 1051 304 1258 480 416 375 777 1208 2132 410 558 382 208 
855 1106 1072 690 0 1034 910 1669 1288 708 854 743 1087 274 1044 700 933 895 1990 941 883 707 839 
1171 531 459 594 977 0 1206 2070 1222 1026 1503 547 1456 693 529 621 1300 1391 2293 829 742 628 461 
109 891 1269 955 958 1119 0 1381 1565 1362 1578 933 1054 675 1259 647 1648 1283 1684 1225 541 608 1019 
1248 1895 2143 1806 1749 2115 1260 0 2413 2175 2126 1796 1492 1454 2172 1636 2376 1840 1684 2124 1469 1598 1864 
1926 1780 1543 1172 1312 1368 1943 2979 0 674 1191 1240 2217 1426 798 1299 842 1837 3172 595 1465 1331 1286 
1432 1502 1263 864 715 1069 1499 2272 758 0 592 1037 1669 846 476 1117 514 1242 2530 398 1283 1149 909 
1586 1780 1740 1172 847 1565 1655 2194 1261 549 0 1240 1646 1001 1015 1299 522 930 2436 896 1465 1331 1361 
926 701 663 182 621 578 990 1792 811 556 1143 0 1175 370 503 340 823 1159 2023 456 523 347 231 
859 1274 1458 1126 1161 1383 952 1466 1741 1538 1551 1116 0 857 1435 1028 1844 1233 1707 1401 889 990 1225 
595 862 824 490 265 739 648 1398 1126 811 974 477 849 0 817 440 1110 813 1684 770 623 447 579 
1338 1075 811 468 1062 607 1378 2255 816 497 1051 664 1626 850 0 735 828 1547 2530 301 925 742 512 
595 480 771 396 797 686 666 1634 1035 770 1334 383 1087 532 717 0 1075 1231 1898 670 183 222 521 
1700 1780 1605 1172 929 1430 1767 2426 893 485 518 1240 1857 1113 878 1299 0 1141 2603 679 1465 1331 1358 
1181 1476 1458 1126 960 1383 1270 1768 1741 1271 816 1116 1220 875 1435 1069 1183 0 2008 1401 1185 1101 1225 
1396 2033 2334 1977 1883 2306 1408 1583 2557 2319 2267 1947 1652 1603 2316 1785 2547 1923 0 2268 1618 1747 2021 
1543 1390 1086 707 1001 957 1583 2457 585 279 851 868 1857 1064 319 942 597 1503 2657 0 1108 974 751 
467 476 813 469 870 725 538 1553 1096 843 1370 456 952 605 790 265 1142 1231 1770 743 0 256 594 
645 530 733 374 775 648 716 1682 1003 748 1307 361 1119 510 695 50 1065 1210 1990 648 233 0 469 
1062 748 710 193 773 438 1113 2012 899 644 1196 232 1304 554 436 482 944 1258 2162 544 665 489 0 
0 758 1015 761 768 918 88 1189 1414 1112 1326 729 814 475 1076 514 1405 1043 1263 1157 414 476 846 
757 0 313 623 931 376 749 1829 1220 980 1466 572 1263 655 750 506 1280 1258 1935 941 454 500 563 
958 318 0 495 794 289 967 1829 1068 848 1336 444 1239 527 641 521 1145 1143 1935 808 634 516 437 
761 681 622 0 478 399 763 1679 696 476 1015 216 1091 370 361 324 758 984 1771 436 437 319 156 
710 1007 1022 424 0 803 729 1622 1026 530 725 556 1035 243 769 633 794 771 1714 715 746 628 559 
884 388 316 416 757 0 876 1799 1047 808 1307 407 1206 490 412 484 1116 1102 1923 658 581 479 340 
89 746 999 762 796 898 0 1189 1414 1139 1354 730 842 503 1076 515 1432 1074 1299 1157 415 477 847 
1115 1831 1839 1615 1617 1766 1134 0 2169 1948 2053 1577 1394 1413 1907 1528 2177 1624 1408 1928 1431 1490 1683 
1580 1434 1266 896 1039 1092 1582 2410 0 592 974 1013 1855 1135 663 1117 733 1426 2551 509 1230 1112 887 
1148 1170 1022 606 587 828 1167 2055 591 0 508 738 1406 676 418 815 423 936 2147 288 935 810 642 
1316 1502 1457 938 727 1332 1335 2000 981 487 0 1059 1389 843 906 1137 403 711 2064 724 1250 1132 1076 
704 566 560 144 560 436 706 1622 717 497 1015 0 1035 313 458 267 779 923 1714 457 380 262 152 
715 1173 1346 1096 1024 1275 747 1387 1666 1377 1376 1074 0 729 1402 875 1581 1074 1472 1409 778 837 1192 
475 778 772 344 293 648 494 1387 998 636 922 355 758 0 689 461 945 758 1539 727 530 456 479 
1039 766 598 366 836 414 1038 1909 660 425 932 476 1343 644 0 598 722 1258 2054 246 711 593 355 
496 410 653 349 705 539 490 1582 942 702 1188 317 946 438 663 0 995 1051 1666 662 113 167 448 
1365 1470 1339 899 786 1165 1384 2238 700 408 377 1029 1623 902 743 1105 0 935 2350 589 1218 1100 970 
996 1367 1322 1100 832 1251 1035 1642 1443 892 711 1062 1078 795 1238 1061 960 0 1734 1137 1060 1056 1168 
1358 2073 2094 1878 1863 2028 1377 1625 2420 2198 2203 1830 1649 1659 2169 1774 2409 1876 0 2158 1677 1736 1931 
1137 1007 838 477 762 654 1139 2055 485 285 742 589 1438 742 244 696 547 1145 2147 0 809 691 468 
403 457 700 398 754 586 405 1497 981 751 1265 366 845 487 712 223 1045 1074 1576 711 0 198 496 
533 454 620 294 650 496 534 1607 867 647 1147 262 971 383 608 44 929 1016 1699 607 157 0 370 
849 587 583 151 608 333 854 1717 795 575 1070 163 1164 421 342 415 857 1037 1816 505 510 388 0 
