11
5
10800
0
2015
2076
2293
2589
2646
2287
2070
1829
2456
2690
0 362 1362 693 764 522 491 456 1207 586 767 
405 0 1508 578 649 430 399 535 1353 496 846 
1252 1376 0 1766 1845 1610 1579 1135 497 1498 925 
798 579 1924 0 209 420 492 944 1749 767 1250 
839 620 1992 209 0 493 565 980 1818 808 1296 
577 358 1696 423 538 0 187 719 1541 587 1052 
555 336 1674 493 608 192 0 697 1519 451 1052 
362 547 1161 912 980 738 707 0 1017 550 565 
1175 1299 480 1689 1760 1533 1502 1044 0 1421 847 
531 462 1546 787 858 589 451 536 1391 0 925 
714 839 911 1226 1297 1074 1043 599 839 971 0 
0 484 1608 827 884 631 568 486 1394 661 876 
460 0 1750 747 804 581 518 631 1536 676 1030 
1413 1628 0 2047 2097 1882 1839 1352 667 1700 1101 
973 786 2209 0 255 547 675 1152 2016 959 1504 
973 777 2203 278 0 629 710 1149 1981 947 1478 
689 525 1922 578 682 0 258 860 1713 784 1215 
630 466 1878 736 837 266 0 801 1651 622 1156 
433 719 1448 1123 1145 891 828 0 1234 726 661 
1317 1532 686 1953 1989 1787 1748 1256 0 1604 1018 
621 607 1761 964 1006 785 606 664 1547 0 1087 
849 1078 1187 1492 1520 1337 1298 740 1094 1137 0 
0 435 1486 773 813 597 562 485 1282 627 865 
487 0 1577 683 723 520 459 619 1373 563 991 
1396 1591 0 1949 2056 1792 1789 1301 655 1663 1108 
937 782 2183 0 253 561 640 1084 1950 902 1467 
973 805 2197 287 0 628 707 1103 1983 930 1492 
647 504 1938 606 696 0 234 822 1697 708 1199 
600 457 1880 701 758 232 0 775 1653 661 1169 
450 714 1327 1081 1137 913 868 0 1151 645 688 
1309 1504 619 1888 1982 1705 1702 1214 0 1576 1043 
545 552 1628 875 919 741 649 603 1424 0 1056 
782 958 1126 1381 1432 1178 1175 708 1002 1068 0 
0 463 1602 862 893 732 614 547 1416 684 925 
602 0 1720 777 808 633 512 682 1534 635 1076 
1439 1734 0 2202 2277 1922 1906 1325 682 1760 1159 
1109 805 2333 0 241 553 703 1184 2074 992 1576 
1122 831 2333 290 0 609 759 1211 2074 1002 1599 
821 513 1943 609 699 0 251 904 1728 786 1304 
752 444 1864 793 849 275 0 832 1668 628 1230 
441 719 1389 1122 1166 974 870 0 1203 679 680 
1319 1614 626 2080 2141 1799 1758 1205 0 1640 1033 
689 636 1787 1003 1048 941 742 740 1601 0 1179 
824 1118 1110 1562 1606 1300 1259 740 965 1133 0 
0 407 1466 860 984 567 628 483 1311 606 879 
421 0 1516 728 826 464 443 564 1361 552 997 
1456 1656 0 2015 2091 1914 1846 1315 512 1699 913 
878 645 1924 0 209 442 521 1014 1752 839 1360 
872 639 1924 209 0 493 572 1014 1752 833 1357 
662 429 1757 423 545 0 194 805 1602 694 1213 
620 387 1712 497 619 192 0 763 1557 548 1175 
395 622 1242 1086 1187 782 843 0 1116 615 651 
1422 1622 498 1979 2055 1895 1841 1281 0 1665 1050 
573 550 1597 987 1054 740 611 584 1442 0 1052 
762 997 976 1342 1419 1313 1201 651 866 1032 0 
