55
5
10800
0
545
410
592
493
453
520
473
393
474
569
471
503
497
481
547
398
564
375
459
408
418
411
566
367
451
595
366
447
510
569
505
398
423
400
453
479
437
519
563
434
575
391
546
473
567
551
397
545
524
559
379
412
475
505
0 1022 1240 531 1244 912 1370 941 666 1007 715 717 252 859 957 388 587 381 471 1414 521 819 757 593 1119 1217 596 1466 1703 670 797 1150 747 996 575 1329 1332 341 997 617 1325 344 789 817 712 981 607 388 790 911 964 447 890 1509 401 
1111 0 366 760 370 1913 542 520 1757 383 570 1714 1160 1638 244 1206 666 1199 873 540 1396 1826 526 1543 196 1008 1460 714 1008 672 447 185 1744 732 1010 663 426 1165 193 1441 478 870 543 476 1810 126 706 1165 1787 2027 2062 1322 1646 700 809 
1425 478 0 1077 199 2260 372 833 2097 765 883 2066 1512 2035 629 1558 980 1551 1187 388 1710 2168 839 1886 284 842 1825 869 1182 1016 760 505 2096 644 1327 1073 313 1517 567 1793 307 1184 856 789 2143 510 1031 1517 2139 2299 2345 1636 2043 532 1123 
516 677 895 0 899 1279 1023 682 1125 746 531 1111 577 1097 613 623 328 616 171 1101 801 1187 501 960 774 869 942 1145 1392 313 538 805 1141 632 313 1011 990 576 653 852 978 356 447 558 1172 637 502 631 1184 1316 1362 727 1128 1190 404 
1366 609 203 1027 0 2205 173 933 2041 876 978 2011 1453 1932 766 1499 899 1492 1125 427 1651 2113 934 1827 421 682 1753 1019 1324 895 852 642 2041 465 1251 1214 450 1458 704 1734 108 1111 776 881 2087 647 1059 1458 2084 2244 2290 1577 1940 333 1050 
809 1730 2001 1236 2006 0 2078 1648 463 1712 1441 381 976 1487 1678 1004 1294 997 1176 2175 1266 146 1467 996 1831 1983 1326 2173 2412 1376 1504 1873 550 1696 1280 2050 2044 963 1718 1239 2033 1098 1496 1524 232 1702 1333 1060 451 212 149 1192 1518 2217 1155 
1366 638 376 1039 173 2205 0 956 2041 907 1006 2011 1453 1932 825 1499 910 1492 1137 527 1651 2113 962 1827 594 531 1753 1194 1499 894 881 803 2041 464 1261 1246 623 1458 820 1734 85 1111 784 913 2087 753 1060 1458 2084 2244 2290 1577 1940 182 1050 
953 465 683 652 687 1769 859 0 1607 182 238 1572 1027 1534 318 1074 552 1067 750 857 1233 1677 275 1401 562 1288 1356 781 1090 636 301 515 1602 1023 890 450 775 1033 385 1309 795 663 600 165 1653 435 425 1061 1645 1811 1864 1159 1542 1042 602 
648 1553 1771 1055 1775 462 1899 1471 0 1535 1262 357 815 1325 1501 826 1117 819 995 1959 1100 379 1290 820 1650 1756 1189 2001 2240 1199 1327 1693 387 1519 1099 1877 1875 779 1541 1061 1854 917 1319 1347 261 1525 1154 884 430 535 581 1026 1356 2042 974 
1032 370 588 693 592 1844 764 175 1682 0 338 1639 1105 1560 150 1128 593 1121 791 762 1317 1744 316 1468 467 1217 1382 770 1053 597 312 375 1669 930 935 463 679 1087 218 1363 700 765 561 202 1729 262 502 1087 1712 1881 1927 1243 1568 929 704 
712 549 767 487 771 1545 944 258 1378 339 0 1348 770 1304 428 816 387 809 585 942 1003 1453 67 1152 646 1154 1145 969 1213 502 211 690 1378 874 690 625 859 769 557 1045 879 427 466 187 1424 544 187 824 1421 1582 1628 943 1312 1102 366 
677 1577 1795 1075 1799 382 1923 1495 361 1559 1295 0 844 1386 1525 855 1141 848 1015 2001 1116 253 1314 849 1674 1780 1215 2029 2268 1223 1351 1717 231 1543 1119 1928 1890 808 1565 1084 1878 939 1343 1371 408 1549 1187 920 132 300 346 1042 1388 2090 996 
276 1022 1240 526 1244 985 1370 939 822 1007 735 782 0 712 957 355 581 348 466 1414 611 884 754 644 1119 1217 501 1466 1703 664 791 1150 812 996 570 1321 1332 308 997 584 1325 392 783 811 869 981 627 239 855 981 1027 537 720 1509 449 
809 1553 1771 1055 1775 1545 1899 1471 1391 1535 1262 1348 713 0 1501 692 1117 685 995 1959 609 1453 1290 1064 1650 1756 856 2001 2240 1199 1327 1693 1378 1519 1099 1877 1875 627 1541 566 1854 923 1319 1347 1438 1525 1154 610 1421 1582 1628 753 38 2042 980 
1009 243 506 668 510 1812 682 303 1657 150 424 1614 1105 1534 0 1128 574 1121 781 680 1298 1719 380 1443 342 1083 1356 663 911 578 301 288 1644 779 918 557 565 1087 131 1363 618 778 451 302 1704 117 560 1061 1687 1848 1894 1224 1542 840 717 
434 1165 1383 678 1387 1072 1511 1096 932 1160 887 877 363 656 1113 0 733 23 618 1557 364 980 918 753 1262 1374 727 1621 1868 816 943 1305 908 1137 722 1482 1475 115 1153 397 1466 544 948 964 971 1137 779 432 955 1113 1159 331 687 1650 601 
596 459 677 259 681 1345 802 486 1191 532 335 1148 643 1174 395 689 0 682 357 851 881 1253 305 1029 556 883 1034 891 1185 246 286 587 1178 646 497 785 769 642 435 920 757 385 210 362 1238 419 307 697 1221 1382 1428 807 1198 980 324 
427 1162 1380 671 1384 1068 1511 1085 914 1149 880 870 356 649 1110 23 726 0 611 1554 357 980 899 746 1259 1374 720 1618 1857 809 939 1302 900 1137 715 1471 1472 114 1150 390 1466 537 933 957 960 1134 772 425 951 1113 1159 343 680 1650 594 
421 810 1037 201 1041 1191 1161 713 1038 777 562 983 482 1002 746 528 359 521 0 1211 706 1099 532 850 912 1083 831 1263 1500 473 569 940 1014 777 192 1115 1124 481 786 757 1116 261 561 589 1071 770 467 536 1057 1208 1254 632 1017 1300 309 
1749 815 397 1412 434 2536 532 1182 2382 1104 1232 2342 1838 2321 973 1884 1319 1877 1526 0 2050 2444 1188 2212 621 891 2136 1212 1517 1307 1109 842 2372 879 1651 1420 650 1837 910 2113 542 1523 1196 1138 2429 847 1368 1841 2415 2575 2621 1976 2329 678 1462 
520 1295 1513 781 1517 1303 1614 1193 1149 1257 973 1111 572 609 1243 362 837 355 721 1687 0 1211 1010 977 1392 1473 942 1751 1990 920 1049 1435 1141 1236 825 1579 1605 304 1283 606 1569 594 1049 1069 1196 1267 857 641 1184 1340 1386 160 640 1753 651 
718 1610 1831 1146 1863 141 1961 1528 381 1592 1320 253 885 1395 1558 896 1174 889 1086 2010 1152 0 1347 890 1707 1821 1245 2045 2284 1256 1384 1750 422 1576 1190 1930 1929 849 1598 1125 1916 981 1376 1404 222 1582 1212 976 323 201 247 1078 1426 2126 1038 
754 499 717 456 721 1545 893 257 1391 324 66 1348 812 1365 378 858 356 851 554 891 1040 1453 0 1197 596 1083 1189 983 1226 471 161 665 1378 843 694 640 809 811 508 1089 829 469 435 137 1438 494 186 866 1421 1582 1628 966 1373 1057 408 
590 1478 1696 1021 1700 979 1830 1416 821 1480 1190 781 618 1035 1426 768 1062 761 933 1870 1027 883 1232 0 1575 1681 515 1936 2182 1124 1272 1618 811 1444 1030 1811 1788 721 1466 1006 1777 852 1258 1292 868 1450 1082 446 854 981 1027 953 1043 1990 910 
1179 194 284 838 350 2024 522 598 1850 481 648 1821 1264 1742 345 1310 744 1303 961 520 1464 1937 604 1647 0 993 1564 635 929 750 525 221 1850 795 1083 780 238 1269 283 1545 458 951 621 554 1882 226 784 1269 1893 2083 2129 1390 1750 680 887 
1194 1064 871 852 682 2040 531 1243 1858 1194 1140 1836 1281 1759 1059 1327 920 1320 990 860 1479 1948 1110 1664 1101 0 1581 1567 1811 809 1042 1229 1891 544 1094 1462 1130 1286 1099 1562 602 1046 927 1167 1898 1083 1096 1286 1926 2119 2165 1405 1767 407 1089 
588 1361 1579 851 1583 1308 1687 1272 1154 1336 1061 1111 441 766 1309 680 910 673 791 1753 941 1216 1091 527 1458 1546 0 1821 2096 992 1128 1501 1141 1309 895 1658 1671 633 1349 920 1642 717 1112 1148 1201 1333 956 269 1184 1345 1391 862 774 1829 774 
1498 714 867 1161 963 2332 1136 843 2152 767 1009 2138 1585 2090 669 1631 1063 1624 1270 1136 1783 2240 978 1962 635 1557 1934 0 349 1082 893 602 2168 1277 1400 484 603 1590 589 1866 1071 1267 948 913 2198 639 1152 1590 2211 2371 2417 1709 2098 1296 1206 
1749 1001 1181 1412 1244 2536 1416 1075 2382 1012 1238 2342 1838 2321 905 1884 1319 1877 1526 1414 2050 2444 1222 2212 942 1777 2136 364 0 1307 1143 906 2372 1478 1651 689 908 1837 823 2113 1352 1523 1196 1140 2429 873 1402 1841 2415 2575 2621 1976 2329 1574 1462 
673 560 778 314 782 1423 898 621 1269 591 499 1226 720 1244 496 766 337 759 458 952 958 1331 469 1104 657 814 1103 1011 1249 0 345 688 1256 573 574 886 870 719 536 1006 853 526 249 475 1316 520 471 774 1299 1460 1506 884 1257 1051 480 
826 419 637 489 641 1620 813 286 1466 310 203 1423 873 1403 298 923 389 916 587 811 1112 1528 159 1252 516 1083 1226 914 1196 345 0 585 1453 802 727 672 729 872 428 1148 749 607 309 140 1513 414 299 931 1496 1657 1703 1038 1411 980 546 
1144 184 505 800 542 1987 714 518 1798 387 659 1783 1229 1707 300 1275 706 1268 913 712 1429 1898 615 1612 221 1154 1529 602 894 712 536 0 1817 897 1043 651 323 1234 169 1510 650 918 583 565 1845 192 795 1234 1862 2069 2115 1355 1715 872 849 
721 1610 1831 1146 1863 542 1961 1528 388 1592 1322 231 888 1395 1558 899 1174 892 1086 2010 1171 422 1347 893 1707 1821 1245 2045 2284 1256 1384 1750 0 1576 1190 1930 1929 852 1598 1139 1916 993 1376 1404 435 1582 1214 976 99 469 515 1097 1426 2126 1050 
1002 732 648 650 465 1792 464 993 1638 946 925 1595 1038 1534 794 1093 718 1086 776 872 1281 1700 891 1424 829 544 1356 1319 1556 607 837 897 1625 0 892 1214 895 1052 834 1328 419 844 679 946 1685 818 892 1061 1668 1830 1876 1207 1542 592 887 
554 917 1150 305 1154 1308 1265 817 1154 881 666 1111 615 1151 850 661 463 654 196 1324 839 1216 636 996 1029 1154 967 1373 1610 588 673 1045 1141 892 0 1220 1242 614 890 890 1220 394 665 693 1201 874 581 669 1184 1345 1391 765 1182 1404 442 
1375 650 880 1042 884 2242 1064 498 2041 498 661 2048 1467 1948 554 1513 976 1506 1162 1059 1660 2150 673 1840 734 1406 1767 458 691 960 699 569 2078 1162 1283 0 785 1472 474 1748 999 1090 825 563 2087 524 848 1472 2121 2281 2327 1586 1956 1225 1029 
1375 426 313 1040 450 2214 623 797 2041 679 847 2020 1462 1944 569 1508 945 1501 1161 641 1660 2122 803 1840 238 1151 1762 603 895 960 724 323 2050 895 1277 847 0 1467 461 1743 558 1148 820 753 2087 450 985 1467 2093 2253 2299 1586 1952 783 1087 
339 1070 1288 583 1292 985 1440 998 822 1056 792 782 268 615 1013 116 638 112 523 1462 305 884 811 658 1167 1288 632 1521 1758 721 848 1205 812 1032 627 1381 1380 0 1053 302 1395 445 840 868 869 1037 684 337 855 981 1027 231 606 1579 502 
1002 193 484 646 488 1792 660 369 1638 218 505 1595 1038 1534 131 1080 552 1073 759 658 1281 1700 461 1424 284 1004 1356 623 867 558 382 157 1625 757 888 517 461 1039 0 1315 596 756 429 411 1685 72 641 1061 1668 1830 1876 1207 1542 818 695 
555 1297 1515 799 1519 1198 1633 1211 1043 1275 1011 1002 484 567 1245 424 854 417 739 1689 606 1106 1030 874 1394 1492 848 1753 1990 941 1067 1437 1042 1255 843 1597 1607 325 1285 0 1588 665 1074 1087 1085 1269 900 553 1085 1234 1280 554 529 1772 722 
1318 593 311 993 108 2159 85 910 1972 860 972 1959 1405 1886 780 1451 862 1444 1080 535 1603 2067 928 1788 529 602 1705 1124 1429 849 836 750 1989 419 1215 1195 558 1410 775 1686 0 1071 739 865 2026 708 1023 1410 2032 2198 2244 1529 1894 253 1016 
337 795 1013 343 1017 1161 1141 687 1003 768 430 983 467 986 731 513 344 506 283 1191 622 1069 472 835 892 1083 816 1251 1500 482 600 925 991 786 387 1066 1107 466 771 742 1096 0 546 602 1048 755 322 521 1034 1208 1254 548 1009 1280 69 
757 459 677 420 681 1545 838 591 1391 542 533 1348 804 1365 395 850 299 843 506 851 1043 1453 502 1197 556 1004 1159 891 1185 317 353 587 1378 658 651 785 769 803 435 1079 789 503 0 483 1438 419 451 858 1421 1582 1628 969 1373 1011 442 
849 412 630 512 634 1696 806 150 1522 201 179 1499 896 1425 302 954 412 947 610 804 1150 1604 135 1328 509 1154 1271 867 1114 481 146 568 1529 899 750 536 722 895 419 1176 742 597 445 0 1568 419 321 976 1572 1733 1779 1076 1433 965 536 
696 1601 1825 1093 1863 232 1945 1519 261 1583 1298 405 863 1395 1549 874 1165 867 1033 2001 1145 225 1338 868 1698 1821 1236 2034 2273 1247 1375 1741 435 1567 1137 1930 1913 827 1589 1115 1900 958 1367 1395 0 1573 1190 941 478 396 362 1071 1414 2113 1015 
1002 126 459 640 463 1792 635 422 1638 262 499 1595 1038 1534 119 1074 546 1067 753 633 1270 1700 455 1424 225 1004 1356 667 911 552 376 181 1625 751 882 561 448 1033 72 1309 571 750 423 405 1685 0 635 1061 1668 1830 1876 1196 1542 793 689 
605 677 895 458 899 1354 1040 443 1200 507 187 1157 663 1190 556 709 245 702 465 1101 890 1262 186 1054 774 1083 1034 1146 1405 473 299 824 1187 845 569 812 990 662 672 952 995 320 437 319 1247 656 0 717 1230 1391 1437 816 1198 1208 259 
346 1070 1288 582 1292 1038 1440 998 878 1056 791 838 172 587 1013 411 637 404 522 1462 667 949 810 438 1167 1288 295 1521 1758 720 847 1205 868 1032 626 1381 1380 364 1053 640 1395 448 839 867 936 1037 683 0 937 1035 1081 593 595 1579 505 
747 1638 1895 1146 1863 452 1996 1556 431 1620 1349 132 917 1448 1586 929 1202 922 1086 2036 1197 323 1375 925 1735 1904 1272 2091 2330 1284 1412 1778 99 1604 1190 1966 1958 878 1626 1161 1951 1016 1404 1432 478 1610 1241 1002 0 370 416 1123 1465 2128 1073 
803 1704 1937 1210 1942 212 2061 1622 524 1686 1415 300 976 1487 1652 981 1268 974 1150 2111 1243 201 1441 989 1806 1983 1326 2141 2380 1350 1478 1851 469 1670 1254 2015 2019 940 1692 1216 2016 1072 1470 1498 398 1676 1307 1059 370 0 63 1169 1518 2200 1129 
849 1758 2001 1264 2006 149 2105 1676 570 1740 1469 346 1027 1516 1706 1031 1322 1024 1204 2175 1293 247 1495 1047 1871 1983 1373 2193 2432 1404 1532 1902 515 1724 1308 2076 2084 990 1746 1266 2060 1126 1524 1552 362 1730 1361 1092 416 63 0 1219 1547 2244 1183 
446 1200 1418 707 1422 1214 1549 1119 1054 1183 891 1030 498 753 1148 331 763 342 647 1592 160 1122 937 888 1297 1406 862 1656 1893 846 978 1340 1042 1169 751 1505 1510 230 1188 532 1504 520 965 995 1099 1172 783 567 1085 1248 1294 0 784 1688 577 
837 1577 1795 1093 1799 1545 1923 1495 1391 1559 1295 1348 721 38 1525 706 1141 699 1033 2001 640 1453 1314 1064 1674 1780 864 2029 2268 1223 1351 1717 1378 1543 1137 1928 1890 607 1565 528 1878 954 1343 1371 1438 1549 1187 618 1421 1582 1628 784 0 2090 1011 
1503 806 536 1172 333 2332 182 1124 2157 1075 1192 2138 1590 2090 998 1636 1047 1629 1254 647 1788 2240 1148 1962 754 407 1934 1346 1651 1042 1069 979 2168 592 1399 1401 783 1595 992 1871 253 1251 933 1080 2203 925 1199 1595 2211 2371 2417 1714 2098 0 1190 
394 738 995 392 963 1205 1093 625 1054 706 368 1030 516 1044 674 562 287 555 332 1136 679 1113 410 884 835 1083 865 1191 1428 525 543 866 1042 835 436 1030 1058 515 714 791 1048 69 489 540 1096 698 260 570 1085 1234 1280 605 1052 1228 0 
0 1184 1400 570 1429 1205 1622 1109 914 1211 964 983 369 960 1149 410 662 401 527 1658 701 1122 892 775 1273 1375 775 1774 2035 806 874 1387 1030 1136 697 1495 1591 331 1185 645 1590 443 948 896 929 1126 800 427 1071 1259 1305 594 972 1771 552 
1273 0 415 896 432 2173 671 647 1942 554 776 1863 1293 1835 409 1404 765 1383 1013 633 1672 2074 731 1731 263 1231 1691 898 1248 820 544 258 1968 1025 1277 828 549 1315 271 1649 584 1046 668 615 2073 167 952 1315 1940 2161 2219 1560 1846 859 986 
1532 600 0 1143 269 2387 508 898 2174 826 1016 2106 1552 2149 779 1663 1052 1642 1231 507 1913 2288 1039 2061 483 1171 1957 1145 1508 1063 795 770 2196 973 1495 1146 421 1574 774 1915 421 1282 920 866 2300 690 1142 1574 2176 2432 2490 1843 2163 696 1222 
609 929 1133 0 1162 1565 1355 808 1306 913 683 1245 664 1181 897 708 382 699 194 1391 948 1455 612 1099 1005 1121 1085 1528 1782 567 594 1126 1338 894 419 1210 1323 629 892 950 1323 409 666 616 1427 875 618 644 1348 1550 1596 822 1193 1517 493 
1459 537 283 1081 0 2321 249 835 2108 763 973 2040 1479 2094 716 1590 1006 1569 1164 556 1867 2222 1008 1982 472 866 1866 1287 1559 1042 732 748 2135 735 1428 1075 591 1501 711 1835 162 1217 856 803 2234 627 1076 1501 2110 2366 2424 1746 2108 431 1157 
1012 1989 2215 1418 2266 0 2475 2011 634 2073 1786 493 1156 1750 1949 1222 1480 1201 1372 2429 1583 219 1806 1196 2125 2189 1612 2542 2820 1613 1730 2157 769 1940 1589 2298 2395 1133 1988 1467 2431 1284 1728 1774 268 1928 1629 1236 618 238 175 1471 1762 2567 1394 
1681 760 537 1277 254 2536 0 1075 2323 989 1174 2255 1701 2263 937 1815 1186 1791 1365 701 2080 2437 1180 2219 695 623 2105 1490 1827 1226 993 965 2345 664 1629 1331 845 1723 952 2059 107 1416 1028 982 2449 850 1309 1723 2325 2581 2639 1974 2277 188 1356 
1203 605 849 835 866 2086 1093 0 1863 233 360 1787 1238 1774 401 1349 715 1328 948 1081 1602 1987 427 1676 722 1492 1636 967 1248 898 426 670 1876 1266 1229 532 1023 1260 454 1594 1049 949 859 281 2024 540 599 1260 1901 2161 2219 1490 1786 1270 875 
770 1760 2023 1207 2074 682 2283 1780 0 1874 1575 516 962 1531 1725 1017 1269 996 1161 2237 1367 539 1607 1047 1884 2010 1393 2346 2604 1402 1519 1952 538 1731 1378 2102 2154 917 1761 1249 2239 1064 1517 1563 398 1702 1418 1017 628 758 840 1255 1543 2385 1174 
1298 484 728 913 745 2173 982 250 1987 0 511 1870 1318 1861 204 1429 792 1408 1022 947 1697 2074 527 1756 601 1375 1716 985 1269 916 451 542 1968 1140 1303 584 871 1340 326 1674 897 1103 775 355 2073 386 750 1340 1940 2196 2254 1585 1871 1159 1025 
978 654 898 577 923 1853 1116 363 1591 501 0 1530 976 1503 554 1078 457 1057 684 1183 1348 1740 79 1419 771 1289 1365 1237 1497 694 259 897 1623 1056 967 778 1065 989 686 1323 1084 597 643 213 1761 669 239 989 1633 1836 1894 1236 1515 1293 515 
774 1760 2023 1207 2074 593 2283 1780 520 1874 1575 0 969 1531 1725 1017 1269 996 1161 2237 1386 412 1607 1047 1884 2010 1393 2346 2604 1402 1519 1952 354 1731 1378 2102 2154 936 1761 1270 2239 1068 1517 1563 612 1702 1418 1017 203 473 555 1274 1543 2385 1178 
382 1188 1404 582 1433 1348 1626 1122 1086 1227 964 1030 0 906 1153 470 674 461 539 1662 824 1238 926 851 1277 1375 666 1778 2035 818 886 1391 1102 1158 709 1508 1595 391 1189 705 1594 460 950 916 1173 1130 812 380 1130 1332 1378 717 922 1771 569 
945 1735 1958 1184 2009 1831 2218 1755 1554 1827 1550 1493 774 0 1700 899 1244 886 1138 2172 754 1703 1582 1336 1848 2010 1020 2326 2584 1377 1494 1913 1586 1706 1355 2082 2118 755 1736 630 2174 1035 1492 1538 1724 1677 1393 646 1596 1798 1849 961 45 2353 1145 
1233 340 590 865 607 2121 846 398 1880 216 634 1799 1250 1786 0 1361 734 1340 983 808 1632 2022 572 1688 463 1248 1648 843 1143 789 388 428 1935 1018 1259 648 733 1272 185 1606 759 1035 637 473 2037 200 819 1272 1901 2161 2219 1520 1798 1045 967 
511 1331 1547 738 1576 1454 1769 1314 1195 1404 1127 1140 476 882 1296 0 830 48 695 1805 499 1344 1143 983 1420 1529 861 1928 2186 978 1051 1534 1233 1303 865 1676 1738 162 1332 492 1737 616 1092 1095 1275 1273 988 513 1237 1439 1485 465 908 1936 725 
674 529 773 279 790 1596 1016 568 1337 627 443 1276 725 1236 523 769 0 760 386 1001 1006 1486 372 1145 646 1005 1085 1102 1379 366 316 729 1369 745 611 890 933 690 518 1012 973 468 292 371 1513 501 417 705 1379 1581 1627 887 1248 1155 401 
501 1323 1539 728 1568 1427 1761 1314 1168 1388 1108 1127 466 872 1288 47 820 0 685 1797 489 1317 1140 959 1412 1529 851 1928 2170 978 1035 1526 1233 1303 855 1668 1730 168 1324 482 1729 606 1068 1079 1249 1265 967 503 1210 1412 1458 494 894 1936 715 
517 977 1197 239 1226 1501 1419 853 1242 976 728 1181 572 1078 938 616 427 607 0 1455 837 1391 657 1047 1070 1179 900 1576 1827 621 639 1185 1274 968 265 1253 1388 537 963 851 1387 317 711 661 1355 929 627 552 1284 1486 1532 730 1090 1566 401 
1747 792 522 1360 554 2604 681 1108 2391 1005 1188 2323 1767 2324 974 1911 1269 1911 1448 0 2130 2505 1194 2283 727 1171 2150 1525 1859 1246 1020 997 2413 1222 1712 1362 838 1789 996 2116 706 1499 1111 995 2517 882 1359 1789 2393 2649 2707 2024 2338 818 1439 
742 1506 1722 950 1751 1671 1969 1534 1412 1580 1318 1351 778 813 1471 443 1023 430 925 1952 0 1561 1361 1252 1595 1703 1226 2117 2375 1148 1273 1709 1444 1477 1120 1911 1911 432 1507 794 1903 758 1271 1317 1582 1448 1155 815 1454 1656 1702 201 835 2104 867 
863 1839 2074 1288 2125 200 2334 1891 568 1973 1656 322 1027 1621 1805 1098 1350 1077 1242 2288 1459 0 1688 1099 1984 2101 1483 2431 2689 1483 1600 2036 598 1826 1459 2187 2254 1009 1835 1343 2290 1154 1598 1644 311 1783 1499 1107 447 261 343 1347 1633 2467 1264 
978 603 847 577 864 1853 1093 324 1591 450 73 1530 1002 1503 503 1078 457 1057 684 1081 1348 1740 0 1419 720 1289 1365 1158 1435 666 208 846 1623 1056 967 727 1023 989 635 1323 1049 623 627 162 1761 618 265 989 1633 1836 1894 1236 1515 1270 541 
678 1660 1903 1108 1928 1298 2174 1680 1064 1734 1475 1002 727 1236 1625 936 1169 892 1062 2103 1299 1188 1507 0 1749 1921 664 2260 2518 1302 1419 1851 1062 1631 1279 2023 2061 822 1661 1166 2093 982 1417 1463 1129 1602 1327 525 1107 1309 1355 1187 1248 2274 1086 
1387 246 420 993 456 2246 695 739 2033 667 868 1981 1407 1921 555 1518 857 1497 1082 657 1786 2147 823 1917 0 1247 1808 838 1225 916 636 311 2062 1120 1346 1011 294 1429 417 1763 608 1136 760 707 2159 313 1053 1429 2051 2307 2365 1674 1935 883 1076 
1445 1329 1059 1085 842 2321 606 1502 2108 1403 1419 2040 1465 2094 1294 1576 1113 1555 1155 1081 1846 2222 1451 1968 1382 0 1853 1928 2186 1048 1363 1532 2135 738 1419 1674 1382 1487 1330 1820 713 1257 1124 1389 2234 1271 1332 1487 2110 2366 2424 1732 2108 471 1348 
716 1490 1706 928 1735 1596 1967 1515 1337 1564 1310 1276 550 872 1455 804 1004 795 873 1952 1197 1486 1342 624 1579 1687 0 2088 2346 1132 1254 1693 1369 1461 1091 1838 1896 725 1491 1047 1892 794 1252 1298 1513 1432 1179 348 1379 1581 1627 1085 891 2102 910 
1822 893 1197 1410 1226 2676 1419 963 2463 976 1210 2395 1866 2378 846 1986 1319 1991 1498 1455 2178 2577 1259 2355 927 1785 2277 0 433 1334 1156 818 2485 1559 1762 564 929 1858 694 2174 1387 1549 1161 1060 2589 743 1433 1893 2465 2726 2822 2072 2392 1596 1489 
2118 1153 1433 1686 1462 2990 1655 1220 2732 1245 1488 2673 2151 2651 1095 2260 1595 2265 1774 1691 2483 2882 1509 2633 1306 2101 2519 397 0 1598 1408 1092 2777 1826 1987 749 1385 2132 977 2448 1623 1826 1437 1310 2897 1007 1683 2135 2751 3028 3138 2377 2665 1849 1765 
855 769 1005 512 1036 1831 1229 928 1554 867 798 1493 917 1417 763 971 511 950 605 1265 1197 1703 727 1382 886 1005 1270 1366 1620 0 550 970 1586 729 806 1121 1202 871 758 1209 1171 675 441 703 1724 741 737 886 1596 1798 1849 1085 1429 1318 721 
929 538 782 532 799 1837 1030 391 1565 444 266 1504 962 1459 438 1033 412 1012 639 1001 1286 1714 195 1393 655 1248 1330 1147 1424 528 0 781 1597 1018 864 794 933 956 570 1290 973 747 489 169 1735 553 439 954 1607 1811 1877 1174 1471 1207 696 
1418 208 622 1026 639 2297 878 665 2084 499 928 2016 1438 1977 452 1549 886 1528 1128 840 1818 2198 887 1939 286 1380 1825 801 1212 941 700 0 2135 1158 1392 738 515 1460 223 1794 791 1161 789 771 2209 211 1057 1460 2086 2342 2400 1705 1991 1074 1101 
886 1919 2145 1356 2196 810 2405 1946 549 2019 1724 308 1065 1659 1870 1137 1418 1116 1310 2359 1498 642 1756 1145 2055 2168 1521 2484 2763 1551 1668 2097 0 1910 1527 2240 2325 1048 1902 1382 2361 1222 1666 1712 669 1849 1567 1145 153 703 785 1386 1671 2526 1332 
1203 1074 1005 890 759 2086 704 1304 1863 1205 1217 1787 1238 1774 1092 1349 920 1328 995 1317 1602 1987 1249 1676 1187 696 1636 1717 2006 810 1161 1297 1876 0 1259 1472 1333 1260 1128 1594 674 1053 891 1191 2024 1069 1145 1260 1901 2161 2219 1490 1786 798 1142 
695 1109 1325 388 1354 1671 1547 999 1412 1151 877 1351 750 1295 1079 794 576 785 262 1583 1033 1561 806 1180 1198 1347 1121 1704 2006 770 788 1317 1444 1124 0 1385 1516 715 1115 1040 1515 495 860 810 1582 1056 805 730 1454 1656 1702 961 1307 1724 579 
1617 755 1052 1213 1081 2536 1274 531 2323 572 811 2255 1637 2203 668 1748 1120 1727 1327 1310 2002 2437 827 2143 922 1627 2031 569 839 1203 799 680 2345 1401 1591 0 1005 1659 556 2002 1242 1379 1028 655 2449 605 1053 1659 2325 2581 2639 1896 2217 1451 1301 
1619 540 416 1226 578 2536 817 1007 2323 913 1117 2255 1639 2203 816 1750 1135 1729 1314 823 2002 2437 1123 2143 334 1380 2031 840 1225 1141 877 479 2345 1247 1578 1194 0 1661 652 2002 730 1365 988 934 2449 574 1242 1661 2325 2581 2639 1896 2217 1045 1305 
381 1215 1431 608 1460 1316 1653 1156 1075 1244 1002 1002 346 828 1180 166 700 191 565 1689 435 1206 1008 835 1304 1399 731 1809 2117 844 913 1418 1062 1173 735 1542 1622 0 1216 362 1621 486 988 950 1129 1157 838 383 1107 1309 1355 328 795 1795 595 
1154 234 586 794 603 2025 842 476 1790 310 709 1729 1180 1716 229 1291 663 1270 913 804 1553 1926 664 1618 423 1179 1578 830 1111 718 477 254 1823 933 1196 635 688 1202 0 1536 755 956 566 548 1965 86 889 1202 1851 2037 2095 1441 1728 1045 873 
621 1431 1647 848 1676 1528 1893 1445 1269 1505 1240 1208 586 679 1396 557 945 556 805 1917 684 1418 1272 1070 1520 1628 1004 2036 2294 1090 1184 1634 1301 1402 1021 1776 1837 393 1432 0 1841 726 1193 1228 1403 1373 1114 623 1311 1513 1559 719 701 2028 835 
1653 709 455 1249 172 2536 103 1032 2323 945 1128 2255 1673 2263 888 1784 1158 1763 1337 728 2034 2437 1134 2182 644 726 2051 1458 1764 1171 904 923 2345 640 1601 1265 763 1695 883 2026 0 1388 1028 939 2449 799 1263 1695 2325 2581 2639 1928 2277 291 1328 
450 989 1197 378 1226 1501 1419 886 1242 1002 667 1181 549 1055 962 593 454 584 335 1455 770 1391 689 1028 1070 1179 877 1576 1827 604 672 1207 1274 933 505 1275 1388 514 979 828 1387 0 738 694 1322 945 464 529 1284 1486 1532 663 1067 1575 121 
864 581 825 469 842 1831 1062 751 1554 679 692 1493 917 1417 575 996 338 975 576 1049 1197 1703 621 1382 698 1179 1276 1147 1424 438 478 781 1586 940 777 938 989 880 570 1222 1027 615 0 598 1724 553 564 895 1596 1798 1849 1085 1429 1239 548 
947 504 748 557 765 1837 995 238 1569 289 233 1508 976 1503 413 1065 437 1044 664 968 1328 1718 188 1397 621 1248 1365 1102 1379 619 160 747 1601 1056 889 641 891 976 536 1310 921 772 580 0 1739 519 453 989 1611 1820 1878 1216 1515 1172 728 
869 1852 2074 1299 2125 342 2334 1891 380 1998 1667 548 1038 1632 1805 1102 1361 1081 1253 2288 1463 281 1699 1099 1984 2101 1494 2431 2689 1494 1611 2036 637 1826 1470 2187 2254 1013 1842 1347 2290 1165 1609 1655 0 1794 1510 1118 673 542 517 1351 1644 2467 1275 
1174 150 564 826 581 2056 820 581 1847 403 741 1759 1210 1746 242 1321 695 1300 933 782 1573 1957 696 1648 339 1179 1608 864 1143 750 509 228 1851 968 1201 669 604 1232 105 1566 733 989 598 580 1980 0 922 1232 1901 2161 2219 1461 1758 1045 932 
804 813 1052 571 1081 1720 1274 585 1461 711 284 1400 845 1355 744 889 292 880 610 1310 1152 1610 289 1309 922 1269 1226 1439 1693 650 406 1011 1493 1056 801 977 1243 810 802 1133 1242 420 576 423 1631 785 0 825 1503 1705 1751 1040 1367 1451 338 
368 1184 1400 568 1429 1334 1622 1109 1075 1206 964 1024 202 689 1149 456 660 447 525 1658 810 1218 890 533 1273 1375 348 1774 2035 804 872 1387 1102 1136 695 1495 1591 377 1185 691 1590 446 948 894 1136 1126 798 0 1107 1309 1355 703 708 1771 555 
851 1828 2074 1281 2125 670 2334 1879 597 1963 1649 155 1027 1621 1799 1094 1343 1073 1235 2288 1455 489 1681 1084 1984 2101 1483 2405 2663 1476 1593 2036 151 1826 1452 2161 2254 1005 1835 1339 2290 1147 1591 1637 689 1776 1492 1107 0 550 632 1343 1633 2467 1257 
966 1928 2154 1376 2205 252 2414 1975 696 2031 1744 409 1114 1708 1889 1186 1438 1165 1330 2368 1547 287 1776 1180 2064 2168 1570 2506 2791 1571 1688 2121 685 1910 1547 2262 2334 1097 1921 1431 2370 1242 1686 1732 518 1874 1587 1194 534 0 102 1435 1720 2546 1352 
1036 2004 2230 1442 2281 165 2490 2059 745 2126 1824 458 1180 1774 1963 1244 1504 1223 1396 2444 1605 336 1813 1217 2140 2265 1636 2553 2922 1637 1754 2168 734 1956 1613 2309 2410 1155 2002 1489 2446 1308 1752 1798 431 1942 1653 1260 583 63 0 1493 1786 2625 1418 
743 1507 1723 950 1752 1671 2008 1534 1412 1581 1320 1351 779 1102 1472 574 1023 583 925 1952 309 1561 1361 1252 1596 1704 1226 2117 2375 1149 1273 1710 1444 1478 1120 1911 1911 433 1508 795 1903 759 1271 1317 1582 1449 1157 816 1454 1656 1702 0 1142 2125 868 
966 1735 1958 1184 2009 1831 2218 1755 1554 1827 1550 1493 787 38 1700 886 1244 885 1138 2172 792 1703 1582 1336 1848 2010 1041 2326 2584 1377 1494 1913 1586 1706 1355 2082 2118 722 1736 586 2174 1047 1492 1538 1724 1677 1393 659 1596 1798 1849 995 0 2353 1157 
1822 938 703 1460 429 2676 193 1243 2463 1144 1323 2395 1886 2409 1094 2006 1369 2011 1533 810 2178 2577 1329 2355 852 493 2277 1700 2006 1372 1174 1154 2485 788 1797 1474 1033 1878 1130 2194 300 1599 1211 1130 2589 1021 1459 1893 2465 2726 2822 2072 2423 0 1539 
524 858 1118 452 1147 1554 1340 836 1295 945 550 1234 623 1181 852 667 337 658 409 1376 844 1444 572 1079 972 1248 974 1471 1725 678 622 1067 1327 1018 579 1226 1290 588 847 923 1308 86 621 644 1403 830 347 603 1337 1539 1585 737 1193 1473 0 
0 1131 1378 609 1391 1120 1581 1064 838 1206 916 855 352 937 1085 422 650 415 537 1598 576 1013 899 746 1239 1391 845 1678 2025 777 882 1298 950 1081 715 1454 1504 364 1108 666 1535 423 868 908 874 1097 762 445 951 1195 1264 499 949 1729 524 
1256 0 415 907 451 2155 590 626 1959 501 803 1883 1270 1792 328 1359 795 1352 993 626 1591 2016 777 1780 263 1211 1588 865 1245 831 669 188 1959 964 1168 773 527 1274 208 1601 601 1049 676 605 2027 143 924 1291 1973 2178 2267 1497 1812 769 955 
1440 554 0 1079 263 2357 427 818 2113 749 1001 2069 1467 1958 720 1556 987 1549 1178 461 1775 2218 979 1964 398 993 1785 1136 1461 1037 855 664 2143 892 1353 1096 416 1471 694 1798 413 1254 862 791 2258 622 1140 1488 2150 2346 2435 1681 1976 606 1160 
646 778 1017 0 1030 1406 1220 727 1188 862 614 1143 597 1176 755 690 341 683 173 1248 830 1292 590 1034 891 1031 1034 1346 1617 419 573 925 1191 709 389 1115 1158 632 751 941 1174 394 559 600 1320 744 530 631 1210 1409 1478 753 1188 1368 456 
1371 491 255 1043 0 2289 187 755 2045 686 920 2012 1398 1942 657 1487 920 1480 1113 523 1706 2150 900 1898 446 755 1716 1249 1516 960 792 679 2103 676 1288 1032 592 1402 631 1729 166 1185 799 728 2163 559 1066 1419 2082 2278 2367 1612 1960 372 1091 
987 1944 2177 1422 2223 0 2381 1866 555 1979 1712 502 1157 1737 1911 1200 1453 1193 1346 2446 1503 245 1717 1255 2056 2139 1533 2485 2783 1581 1659 2093 689 1911 1497 2269 2325 1115 1926 1442 2362 1313 1687 1683 260 1891 1514 1236 572 276 182 1409 1749 2531 1340 
1568 676 410 1200 185 2522 0 939 2278 871 1112 2234 1595 2100 842 1684 1107 1677 1302 618 1909 2383 1087 2151 631 571 2015 1426 1693 1162 932 864 2308 582 1477 1202 777 1599 816 1941 97 1370 991 908 2416 744 1254 1616 2315 2511 2600 1843 2118 188 1276 
1125 602 840 817 876 2013 1027 0 1778 208 388 1729 1121 1643 386 1210 702 1203 925 1096 1460 1886 444 1631 715 1489 1439 937 1263 889 451 623 1775 1202 1122 487 992 1125 492 1452 1031 833 799 280 1882 531 627 1142 1800 1992 2081 1366 1655 1175 759 
808 1737 2024 1239 2070 596 2223 1681 0 1812 1529 516 969 1543 1691 1018 1270 1011 1163 2293 1326 524 1534 1047 1849 1991 1339 2282 2566 1398 1476 1902 551 1687 1314 2087 2106 938 1714 1265 2189 1130 1504 1500 345 1703 1331 1042 586 759 758 1232 1555 2345 1157 
1201 484 722 840 758 2138 897 220 1905 0 532 1857 1246 1768 215 1335 725 1328 946 952 1536 1999 506 1756 597 1364 1564 962 1263 875 466 452 1926 1068 1136 523 859 1250 321 1577 907 1025 757 334 2016 360 650 1267 1931 2127 2216 1442 1780 1084 946 
972 695 934 609 968 1783 1143 326 1565 434 0 1516 933 1460 611 1020 494 1013 707 1180 1262 1669 69 1418 808 1364 1244 1187 1481 714 277 849 1562 1002 918 713 1094 938 717 1265 1112 607 624 245 1662 710 294 947 1587 1786 1872 1168 1472 1291 534 
795 1724 2024 1226 2070 546 2200 1668 509 1797 1516 0 950 1543 1678 1018 1257 1011 1150 2293 1326 345 1521 1034 1849 1991 1339 2251 2534 1385 1463 1882 256 1674 1301 2055 2106 938 1701 1265 2166 1117 1491 1487 490 1690 1318 1042 139 436 483 1232 1555 2333 1144 
315 1074 1321 535 1334 1081 1524 998 913 1131 849 831 0 756 1017 395 576 388 463 1541 741 990 825 722 1182 1312 631 1613 1897 703 808 1233 928 996 641 1389 1447 337 1040 639 1478 406 794 835 1009 1029 711 267 951 1094 1163 664 776 1672 503 
918 1647 1905 1179 1955 1662 2105 1591 1444 1720 1440 1395 728 0 1601 825 1180 818 1103 2165 798 1548 1445 1187 1755 1909 897 2170 2453 1308 1386 1818 1441 1597 1254 1984 2015 731 1624 610 2071 1024 1414 1410 1541 1613 1242 624 1466 1665 1734 957 40 2274 1068 
1174 326 580 836 616 2093 755 375 1838 190 642 1821 1196 1718 0 1285 724 1278 927 791 1509 1954 616 1706 455 1209 1514 841 1156 760 491 356 1844 897 1106 651 717 1200 185 1527 766 984 605 444 1965 178 760 1217 1887 2088 2177 1415 1730 949 883 
555 1326 1573 799 1586 1310 1776 1272 1081 1401 1161 1042 459 864 1280 0 840 23 727 1793 429 1196 1155 929 1434 1555 955 1875 2131 976 1067 1493 1100 1268 906 1649 1699 168 1303 518 1730 670 1081 1091 1228 1292 993 552 1109 1308 1377 423 863 1939 767 
723 506 744 271 780 1476 940 513 1258 590 400 1209 665 1231 483 758 0 751 369 992 915 1362 376 1110 619 964 1103 1053 1349 332 319 650 1255 662 581 862 881 700 479 1011 916 428 242 386 1367 472 327 699 1280 1479 1548 837 1243 1088 355 
576 1344 1591 820 1604 1319 1794 1294 1107 1423 1183 1056 480 857 1298 23 861 0 748 1820 422 1205 1177 961 1452 1605 974 1886 2131 992 1089 1511 1115 1318 936 1667 1717 191 1321 539 1748 691 1106 1113 1238 1310 1013 573 1123 1322 1391 416 884 1942 788 
549 878 1130 229 1143 1319 1333 782 1107 946 669 1056 500 1009 855 593 396 586 0 1350 733 1205 645 961 997 1149 942 1461 1728 547 628 1058 1115 824 253 1186 1262 535 851 837 1287 297 614 655 1238 844 567 534 1123 1322 1391 656 1021 1481 359 
1662 753 485 1294 539 2584 602 1013 2340 991 1177 2296 1689 2214 908 1778 1203 1771 1398 0 1979 2445 1162 2194 708 1211 2124 1508 1775 1235 992 955 2370 1218 1573 1284 848 1693 893 2060 620 1466 1062 983 2485 821 1324 1710 2377 2573 2662 1899 2232 781 1372 
694 1401 1648 883 1661 1501 1835 1333 1283 1462 1222 1234 665 883 1355 418 920 405 811 1884 0 1387 1216 1144 1509 1632 1111 1944 2194 1066 1128 1568 1280 1345 967 1724 1774 374 1378 724 1806 689 1154 1152 1385 1367 1052 758 1305 1504 1573 171 924 2005 790 
872 1794 2039 1296 2085 216 2243 1738 494 1864 1586 332 1027 1607 1748 1076 1327 1069 1220 2308 1379 0 1591 1110 1912 2019 1403 2335 2619 1455 1533 1965 519 1744 1371 2140 2181 991 1771 1318 2224 1187 1561 1557 272 1760 1388 1106 402 254 301 1285 1619 2393 1214 
979 651 889 569 968 1889 1091 315 1655 455 76 1606 969 1490 554 1056 454 1049 667 1128 1262 1759 0 1508 764 1272 1286 1187 1481 657 220 839 1652 996 879 717 1028 971 673 1298 1095 594 567 188 1752 666 281 989 1677 1892 1981 1168 1502 1239 521 
689 1613 1905 1126 1908 1180 2071 1557 962 1686 1414 921 693 1176 1567 898 1146 891 1050 2122 1242 1058 1419 0 1721 1842 534 2128 2420 1274 1352 1780 1011 1563 1201 1941 1993 840 1590 1157 2037 983 1380 1376 1102 1579 1216 518 1001 1195 1264 1148 1188 2234 1042 
1339 236 400 993 436 2242 575 699 1998 630 870 1975 1366 1896 478 1455 862 1448 1053 611 1674 2103 844 1868 0 1211 1684 839 1223 898 736 278 2049 1068 1228 911 297 1370 337 1697 586 1135 743 672 2124 272 974 1387 2052 2248 2337 1580 1914 754 1041 
1339 1203 1066 993 798 2242 613 1340 1998 1349 1310 1975 1366 1896 1157 1455 1010 1448 1053 1128 1674 2103 1304 1868 1210 0 1684 1750 2025 916 1208 1370 2049 643 1228 1526 1369 1370 1180 1697 710 1183 997 1240 2124 1169 1205 1387 2052 2248 2337 1580 1914 487 1204 
680 1420 1667 900 1680 1464 1860 1372 1246 1501 1250 1197 491 842 1374 760 946 753 828 1889 1152 1350 1255 545 1528 1657 0 1978 2211 1078 1167 1587 1243 1370 1020 1743 1793 702 1397 1011 1829 771 1180 1191 1359 1386 1052 316 1268 1467 1536 1058 862 2024 868 
1764 872 1119 1396 1198 2674 1388 960 2430 997 1233 2386 1791 2292 842 1882 1281 1875 1476 1405 2071 2535 1218 2319 807 1784 2267 0 411 1337 1147 790 2460 1497 1651 626 743 1795 722 2132 1342 1544 1140 1067 2575 761 1415 1820 2467 2663 2767 1991 2310 1536 1450 
2076 1187 1440 1718 1522 3005 1712 1185 2687 1221 1458 2643 2101 2591 1143 2197 1603 2190 1798 1729 2455 2868 1443 2576 1187 2076 2555 411 0 1659 1438 1118 2717 1861 1994 803 1099 2116 1039 2446 1666 1859 1462 1292 2840 1060 1640 2108 2751 3053 3138 2375 2609 1860 1772 
823 627 865 411 910 1611 1091 733 1393 711 625 1344 765 1290 604 858 388 851 500 1128 1037 1497 599 1194 740 883 1111 1206 1481 0 439 771 1390 606 681 1015 1012 800 600 1113 1054 602 289 580 1490 593 562 799 1415 1614 1683 943 1302 1239 547 
950 534 772 511 808 1783 960 338 1565 408 232 1516 905 1444 437 996 396 989 609 1040 1203 1669 206 1418 647 1272 1234 1142 1419 475 0 722 1562 918 821 740 908 924 556 1251 959 704 385 168 1662 549 321 937 1587 1786 1872 1109 1456 1108 631 
1339 203 615 1017 651 2242 790 636 1998 533 924 1975 1366 1896 414 1455 881 1448 1072 826 1674 2103 960 1868 270 1391 1684 741 1132 920 804 0 2049 1081 1247 796 481 1370 247 1697 801 1166 762 740 2124 208 1091 1387 2052 2248 2337 1580 1914 969 1072 
898 1852 2099 1359 2145 708 2303 1804 529 1931 1649 231 1065 1645 1856 1115 1390 1108 1283 2368 1418 507 1654 1147 1978 2076 1441 2384 2668 1518 1596 2018 0 1822 1434 2189 2247 1030 1830 1357 2284 1250 1624 1620 626 1821 1451 1144 99 598 645 1324 1657 2455 1277 
1132 932 894 805 677 2063 589 1081 1814 1076 1110 1781 1173 1695 899 1262 821 1255 894 1196 1467 1954 1115 1683 1045 631 1491 1484 1751 702 1003 1100 1828 0 1071 1260 1198 1177 895 1504 572 1016 735 1044 1937 888 1015 1194 1871 2088 2177 1373 1707 669 1034 
732 1074 1321 440 1334 1501 1524 1006 1283 1141 868 1234 690 1231 1031 783 595 776 249 1541 918 1387 844 1144 1182 1364 1103 1624 1914 722 827 1244 1280 1002 0 1400 1447 725 1054 1023 1478 486 813 854 1385 1043 777 724 1305 1504 1573 839 1243 1672 569 
1600 773 1033 1232 1046 2522 1236 525 2278 529 817 2234 1627 2154 693 1716 1115 1709 1325 1262 1923 2383 849 2186 906 1620 2043 614 822 1170 847 674 2308 1333 1500 0 1007 1631 573 1982 1190 1381 1010 676 2423 612 1015 1648 2315 2511 2600 1843 2172 1384 1287 
1568 520 400 1200 588 2522 775 939 2278 872 1112 2234 1595 2100 762 1684 1107 1677 1302 815 1909 2383 1087 2151 327 1396 2015 771 1153 1162 932 486 2308 1269 1477 1077 0 1599 621 1941 738 1370 991 910 2416 556 1254 1616 2315 2511 2600 1843 2118 959 1276 
387 1157 1404 631 1417 1120 1607 1100 949 1230 953 854 291 727 1111 145 672 168 559 1624 406 1013 958 745 1265 1391 784 1704 2025 799 904 1324 950 1112 737 1480 1530 0 1134 350 1561 502 890 920 1034 1123 807 384 951 1106 1175 329 695 1755 599 
1104 250 553 766 589 2013 728 418 1778 315 710 1729 1121 1643 202 1210 654 1203 855 764 1439 1886 685 1631 376 1149 1439 820 1153 690 577 171 1775 827 1034 630 624 1125 0 1452 739 886 535 513 1882 104 829 1142 1800 1992 2081 1345 1655 929 813 
617 1391 1638 861 1651 1376 1835 1333 1158 1462 1222 1089 521 616 1345 527 910 520 789 1867 772 1262 1216 1003 1499 1631 1034 1931 2175 1054 1128 1558 1142 1344 963 1714 1764 384 1368 0 1795 732 1144 1152 1276 1357 1052 614 1156 1355 1424 711 584 1999 829 
1519 616 380 1149 125 2433 95 880 2189 811 1063 2145 1546 2045 782 1635 1056 1628 1251 621 1859 2294 1034 2120 571 666 1915 1372 1639 1111 917 804 2219 566 1426 1148 717 1550 756 1875 0 1319 933 853 2358 684 1195 1567 2226 2422 2511 1760 2063 283 1225 
486 938 1184 405 1197 1335 1387 840 1117 998 665 1089 525 1040 906 618 445 611 333 1404 670 1221 653 981 1045 1209 961 1484 1751 581 686 1100 1135 858 511 1236 1310 560 900 862 1341 0 663 713 1254 893 464 559 1156 1355 1424 593 1052 1535 117 
894 501 739 442 775 1640 937 654 1422 585 624 1373 836 1406 478 931 321 924 540 987 1124 1526 600 1320 614 1118 1191 1053 1349 401 471 645 1419 789 731 857 876 871 474 1200 916 553 0 594 1519 467 501 870 1444 1643 1712 1030 1418 1088 480 
961 492 730 543 766 1783 937 193 1565 292 219 1516 938 1460 426 1043 428 1036 641 962 1242 1669 193 1418 605 1272 1286 1053 1349 614 175 680 1562 946 853 595 867 958 514 1285 907 738 524 0 1662 507 353 989 1587 1786 1872 1148 1472 1088 665 
816 1737 2024 1239 2070 289 2223 1681 301 1812 1529 561 976 1574 1691 1023 1270 1016 1163 2293 1326 317 1534 1053 1849 1991 1370 2282 2566 1398 1476 1902 658 1687 1314 2087 2106 938 1714 1265 2189 1130 1504 1500 0 1703 1331 1073 631 541 451 1232 1586 2345 1157 
1111 165 528 785 564 2013 703 490 1799 368 730 1750 1142 1664 206 1231 673 1224 874 739 1446 1937 704 1652 344 1209 1460 826 1153 709 596 243 1796 846 1051 636 608 1146 72 1473 714 906 554 532 1906 0 848 1163 1851 2088 2177 1352 1676 882 832 
868 806 1063 595 1076 1632 1266 581 1414 692 290 1365 822 1345 783 915 324 908 630 1283 1089 1518 266 1275 922 1312 1159 1372 1639 632 469 962 1411 996 808 977 1190 857 779 1178 1220 407 542 454 1511 772 0 856 1436 1635 1704 995 1357 1414 334 
364 1107 1354 584 1367 1134 1557 1033 949 1175 898 880 175 650 1058 444 625 437 512 1574 790 1027 874 523 1215 1364 400 1651 2008 752 857 1271 975 1053 690 1427 1480 386 1081 688 1511 455 843 884 1053 1070 760 0 951 1195 1264 713 670 1705 552 
858 1781 2024 1283 2070 609 2228 1725 572 1857 1573 132 1027 1607 1735 1072 1314 1065 1207 2293 1375 408 1578 1092 1904 1991 1403 2309 2593 1442 1520 1949 117 1731 1358 2114 2173 987 1758 1314 2209 1174 1548 1544 553 1747 1375 1106 0 499 546 1281 1619 2376 1201 
1009 1948 2181 1444 2227 251 2385 1884 731 1993 1734 454 1179 1759 1945 1223 1475 1216 1368 2450 1526 316 1739 1255 2060 2159 1555 2493 2796 1603 1681 2099 641 1911 1519 2291 2329 1138 1932 1465 2366 1335 1709 1705 495 1897 1536 1258 524 0 68 1432 1771 2537 1362 
1083 2036 2269 1518 2315 183 2473 1940 722 2087 1816 510 1253 1838 2035 1305 1549 1298 1442 2538 1608 372 1806 1319 2148 2234 1629 2587 2945 1677 1755 2189 697 1964 1593 2343 2417 1220 2022 1547 2454 1409 1783 1779 427 1987 1610 1332 580 94 0 1514 1861 2625 1436 
609 1326 1573 798 1586 1412 1776 1254 1194 1383 1110 1145 580 1030 1280 398 832 411 726 1793 163 1298 1115 1047 1434 1545 1067 1875 2131 976 1049 1493 1191 1258 906 1649 1699 289 1303 639 1730 604 1081 1073 1320 1292 946 673 1216 1415 1484 0 993 1935 705 
918 1675 1935 1179 1981 1783 2131 1619 1565 1748 1467 1516 737 38 1629 863 1208 856 1103 2196 836 1669 1472 1187 1783 1909 908 2181 2480 1336 1414 1849 1562 1625 1254 2007 2040 727 1652 571 2107 1040 1442 1438 1662 1641 1269 633 1587 1786 1872 1011 0 2283 1095 
1732 860 594 1364 369 2674 184 1122 2430 1122 1278 2386 1759 2275 1017 1856 1239 1849 1434 802 2036 2535 1263 2305 815 441 2235 1613 1897 1232 1115 1066 2460 662 1609 1389 973 1763 1000 2089 281 1502 1098 1084 2575 928 1417 1780 2467 2663 2767 1956 2293 0 1408 
561 821 1130 479 1143 1406 1333 770 1188 913 563 1143 599 1176 798 692 339 685 407 1350 745 1292 547 1047 950 1272 1034 1398 1673 622 616 978 1191 899 585 1182 1215 634 794 941 1287 87 557 643 1320 787 358 633 1210 1409 1478 668 1188 1481 0 
0 1311 1497 599 1562 1055 1729 1057 756 1164 929 895 374 941 1202 432 684 434 570 1728 636 985 913 804 1359 1356 775 1866 2164 835 908 1448 976 1128 726 1440 1604 353 1244 671 1682 438 933 916 817 1224 801 463 1001 1218 1226 546 949 1762 516 
1388 0 394 996 449 2321 679 658 2118 486 814 2023 1487 2046 318 1547 824 1540 1092 659 1714 2197 767 1911 256 1159 1825 892 1226 916 667 214 2128 1046 1250 757 534 1508 209 1821 592 1112 701 611 2191 137 921 1473 2070 2272 2316 1623 2069 828 1037 
1841 720 0 1449 262 2773 492 1115 2559 1043 1228 2437 1921 2400 952 1993 1334 2011 1558 519 2179 2638 1171 2353 462 1001 2220 1059 1400 1366 1085 726 2542 979 1716 1402 380 1937 848 2260 405 1601 1156 1049 2625 784 1385 1903 2511 2718 2764 2072 2423 641 1540 
668 925 1139 0 1204 1521 1380 746 1303 877 631 1253 658 1232 879 741 380 743 204 1370 948 1410 619 1184 1033 1089 1089 1514 1794 527 601 1086 1371 828 422 1150 1278 662 922 1003 1340 439 620 605 1444 870 556 690 1343 1582 1625 860 1240 1495 517 
1709 878 229 1335 0 2689 230 1254 2486 1182 1385 2364 1817 2289 1132 1876 1220 1899 1444 552 2078 2565 1331 2270 620 778 2111 1253 1582 1264 1271 884 2469 728 1602 1557 538 1857 998 2153 143 1487 1042 1188 2552 919 1376 1794 2438 2640 2684 1971 2312 379 1426 
993 2139 2370 1435 2395 0 2541 1883 635 2020 1770 476 1196 1746 2063 1209 1518 1202 1378 2648 1589 197 1725 1206 2261 2235 1587 2714 3045 1668 1707 2296 679 1950 1498 2297 2552 1170 2138 1464 2499 1292 1759 1734 251 2107 1614 1237 546 222 177 1498 1754 2626 1385 
1735 1030 424 1361 195 2689 0 1366 2486 1294 1497 2364 1840 2306 1216 1896 1246 1918 1470 747 2080 2565 1443 2280 815 581 2137 1412 1741 1220 1359 1079 2469 697 1628 1635 733 1857 1192 2180 116 1513 1068 1300 2552 1111 1402 1820 2438 2640 2684 1973 2329 182 1452 
1154 547 767 734 822 1947 1019 0 1727 206 324 1677 1173 1668 385 1233 625 1226 853 1028 1480 1858 344 1603 639 1417 1509 899 1221 882 355 597 1795 1181 1039 457 923 1194 483 1488 961 920 745 188 1889 542 505 1159 1767 2014 2058 1389 1676 1175 838 
788 1907 2138 1210 2163 620 2310 1654 0 1757 1545 418 940 1525 1820 978 1293 971 1153 2416 1320 501 1500 1022 2029 1983 1366 2460 2790 1443 1482 2037 484 1726 1273 2050 2320 901 1874 1233 2268 1060 1534 1509 386 1849 1389 1016 508 714 784 1229 1533 2374 1157 
1250 485 745 834 800 2137 1013 224 1934 0 491 1821 1305 1800 208 1365 725 1358 968 991 1576 2023 444 1735 617 1378 1641 893 1212 960 455 426 1946 1142 1126 510 832 1326 312 1620 926 1038 793 288 2034 371 605 1291 1901 2118 2162 1485 1819 1171 968 
1036 679 899 614 997 1826 1125 286 1608 436 0 1558 1040 1585 561 1122 505 1115 733 1153 1365 1715 91 1484 771 1329 1426 1137 1406 762 296 837 1676 1055 958 676 1026 1083 723 1377 1133 662 680 229 1749 682 280 1076 1648 1894 1938 1274 1593 1281 563 
827 1907 2138 1210 2163 525 2310 1654 506 1757 1545 0 940 1525 1820 999 1293 992 1153 2416 1340 360 1500 1022 2029 1983 1366 2460 2790 1443 1482 2037 265 1726 1273 2050 2320 921 1874 1245 2268 1064 1534 1509 525 1849 1389 1016 132 412 482 1249 1533 2374 1160 
409 1311 1497 573 1562 1262 1670 1022 1053 1143 907 983 0 785 1173 429 657 431 544 1728 788 1151 896 764 1359 1329 598 1866 2134 808 878 1448 1101 1093 710 1405 1604 350 1244 668 1623 473 897 882 1176 1224 799 308 1072 1309 1352 698 793 1735 551 
929 1856 2094 1188 2119 1740 2288 1630 1522 1733 1521 1472 743 0 1794 822 1269 824 1131 2372 781 1629 1476 1164 1985 1983 946 2425 2711 1419 1458 2020 1590 1702 1251 2015 2276 761 1851 603 2246 1031 1510 1485 1663 1831 1365 629 1562 1811 1846 959 38 2374 1128 
1291 291 600 877 655 2216 885 379 2014 178 632 1902 1390 1895 0 1450 749 1443 1015 865 1617 2102 585 1828 472 1237 1726 810 1120 836 492 367 2015 1012 1173 627 747 1411 201 1705 798 1011 626 429 2089 196 736 1376 1992 2195 2239 1526 1918 1042 936 
605 1523 1709 792 1774 1362 1879 1265 1144 1368 1156 1073 463 865 1429 0 876 71 763 2030 445 1251 1111 1022 1571 1566 897 2070 2346 1027 1093 1660 1191 1330 930 1648 1837 173 1456 516 1837 692 1124 1120 1283 1436 1033 552 1151 1388 1431 501 864 1962 770 
754 559 779 305 834 1594 1019 506 1376 637 391 1326 714 1291 524 797 0 799 424 1028 1034 1483 379 1218 651 1004 1122 1126 1395 402 343 733 1444 739 642 896 923 718 565 1057 961 485 265 365 1517 515 316 746 1416 1655 1698 943 1299 1173 386 
572 1495 1681 759 1746 1313 1869 1223 1095 1326 1110 1047 430 825 1387 23 843 0 730 1994 398 1202 1069 981 1543 1516 864 2038 2314 993 1051 1632 1165 1280 896 1606 1788 165 1428 483 1806 659 1099 1078 1236 1408 981 519 1137 1380 1423 457 831 1945 737 
567 1048 1205 252 1270 1428 1446 808 1210 953 693 1160 557 1173 936 640 442 642 0 1436 849 1317 681 1074 1067 1172 946 1574 1866 642 663 1159 1278 962 278 1220 1312 561 992 879 1406 338 682 667 1351 934 618 589 1250 1489 1532 759 1181 1578 416 
2387 1203 496 1896 550 3220 721 1535 3020 1463 1666 2966 2446 2952 1425 2534 1752 2552 1960 0 2708 3123 1612 2870 925 1159 2766 1507 1846 1790 1552 1188 3066 1256 2183 1811 840 2478 1366 2810 679 2025 1574 1469 3159 1287 1856 2441 3057 3276 3322 2598 2966 849 2000 
720 1663 1902 961 1892 1594 2039 1389 1376 1492 1280 1326 686 810 1553 435 1023 437 890 2131 0 1483 1235 1218 1711 1672 1158 2186 2462 1153 1217 1800 1444 1436 1020 1772 1993 396 1596 739 1997 758 1264 1244 1517 1576 1123 775 1416 1655 1698 186 830 2105 836 
918 2081 2312 1371 2337 183 2471 1823 567 1967 1706 305 1103 1653 2033 1122 1454 1115 1314 2590 1502 0 1661 1106 2203 2145 1494 2610 2940 1604 1643 2238 508 1913 1434 2200 2494 1083 2080 1377 2429 1228 1695 1670 284 2049 1550 1144 375 229 299 1411 1661 2536 1321 
1036 702 925 625 1015 1852 1168 323 1631 459 119 1581 1065 1585 561 1122 516 1115 744 1153 1373 1738 0 1507 794 1329 1426 1168 1437 773 273 885 1699 1081 958 713 1053 1083 744 1377 1151 688 657 210 1772 705 305 1076 1671 1905 1949 1282 1593 1324 589 
751 1844 2064 1135 2089 1180 2252 1590 944 1693 1481 882 864 1329 1754 923 1229 916 1078 2342 1270 1069 1436 0 1955 1904 584 2398 2674 1379 1418 1973 963 1662 1198 1988 2246 829 1822 1154 2210 999 1470 1445 1106 1782 1326 663 1001 1218 1261 1179 1337 2295 1096 
1451 278 375 1089 461 2387 691 738 2184 679 894 2062 1550 2046 533 1610 931 1603 1198 671 1777 2263 847 1990 0 1159 1896 849 1221 1010 747 284 2167 1176 1356 1011 316 1571 406 1869 604 1229 803 691 2257 342 1020 1536 2136 2338 2382 1686 2069 840 1168 
1397 1329 995 1062 759 2343 592 1493 2140 1445 1384 2023 1496 2046 1328 1556 1132 1549 1163 1111 1723 2219 1339 1920 1185 0 1842 1962 2245 993 1321 1453 2128 687 1329 1747 1324 1517 1334 1821 694 1207 1046 1348 2213 1314 1313 1482 2092 2294 2338 1632 2069 468 1288 
782 1693 1902 984 1929 1594 2085 1414 1376 1517 1305 1326 545 875 1578 802 1053 804 953 2156 1196 1483 1260 570 1741 1717 0 2211 2487 1198 1242 1831 1444 1481 1055 1797 2020 723 1626 1057 2043 846 1294 1269 1517 1606 1149 335 1416 1655 1698 1105 883 2105 930 
1851 899 1084 1476 1264 2773 1440 990 2559 985 1210 2437 1946 2460 853 2033 1361 2051 1585 1430 2199 2638 1212 2353 873 1770 2280 0 415 1393 1190 842 2542 1534 1743 612 792 1977 738 2300 1400 1628 1183 1074 2632 768 1434 1963 2511 2718 2764 2092 2483 1596 1567 
2289 1237 1491 1792 1565 3133 1741 1250 2933 1274 1470 2866 2362 2861 1207 2450 1677 2468 1876 1731 2607 3036 1472 2771 1240 2145 2674 412 0 1709 1494 1110 2966 1863 2104 795 1150 2394 1037 2720 1701 1948 1499 1334 3075 1118 1694 2357 2959 3178 3224 2500 2875 1942 1921 
935 750 995 486 1059 1740 1216 806 1522 819 733 1472 873 1413 715 966 436 959 633 1199 1221 1629 686 1398 842 899 1283 1346 1615 0 518 929 1590 681 805 1126 1091 877 756 1210 1169 692 357 651 1663 706 608 933 1562 1811 1846 1130 1421 1279 621 
983 611 831 556 886 1763 1100 326 1545 429 266 1495 989 1498 423 1063 447 1056 675 1062 1306 1652 219 1421 703 1237 1339 1175 1444 590 0 758 1613 1012 893 716 971 1024 606 1318 1024 777 453 166 1686 579 327 989 1585 1825 1869 1215 1506 1256 678 
1433 207 601 1062 656 2387 886 656 2184 522 923 2062 1532 2046 429 1592 900 1585 1171 866 1759 2263 877 1978 268 1324 1889 769 1144 993 777 0 2167 1128 1329 773 425 1553 242 1853 799 1194 777 721 2257 233 1077 1518 2136 2338 2382 1668 2069 1042 1152 
918 1977 2208 1295 2233 707 2403 1739 492 1844 1630 325 1065 1615 1935 1079 1378 1072 1238 2486 1459 588 1585 1099 2099 2075 1456 2536 2840 1528 1567 2130 0 1826 1358 2126 2390 1040 1972 1334 2361 1152 1619 1594 620 1941 1474 1106 99 695 765 1368 1623 2466 1245 
1203 1127 925 827 719 2006 669 1242 1783 1170 1156 1733 1229 1724 1049 1289 878 1282 952 1199 1529 1946 1111 1659 1148 651 1565 1677 2015 764 1093 1259 1845 0 1123 1468 1249 1250 1055 1544 623 998 812 1120 1928 1035 1099 1215 1851 2100 2144 1438 1732 715 1079 
707 1231 1417 437 1482 1594 1652 998 1376 1120 878 1326 697 1291 1158 780 627 782 250 1648 983 1483 866 1206 1279 1356 1106 1786 2134 827 848 1368 1444 1128 0 1381 1524 701 1164 1040 1605 478 867 852 1517 1144 801 729 1416 1655 1698 899 1299 1762 556 
1571 740 1022 1197 1087 2548 1258 537 2345 537 798 2223 1670 2167 694 1730 1073 1723 1306 1248 1932 2424 764 2100 886 1600 1973 594 846 1210 775 688 2328 1364 1464 0 993 1691 579 1998 1223 1333 1025 608 2403 609 926 1656 2297 2499 2543 1843 2190 1414 1258 
1709 573 343 1335 538 2689 768 1006 2486 951 1136 2364 1817 2289 828 1876 1220 1899 1444 812 2078 2565 1082 2270 315 1287 2111 794 1144 1275 1009 481 2469 1250 1602 1126 0 1857 698 2153 681 1487 1042 939 2552 637 1309 1794 2438 2640 2684 1971 2312 929 1426 
432 1319 1505 619 1570 1180 1729 1077 955 1188 935 892 290 722 1220 127 703 166 590 1736 440 1069 945 833 1367 1378 724 1877 2164 854 926 1456 973 1142 756 1460 1612 0 1252 343 1682 519 950 940 1106 1232 845 379 1001 1218 1261 350 691 1784 597 
1233 229 566 826 621 2137 851 475 1934 341 722 1821 1305 1800 235 1365 698 1358 968 831 1559 2023 675 1735 390 1172 1641 787 1120 785 575 188 1946 927 1126 613 594 1326 0 1620 764 965 575 519 2034 91 825 1291 1901 2118 2162 1468 1819 1042 883 
697 1637 1825 884 1876 1435 2019 1364 1217 1467 1255 1167 555 595 1528 557 997 575 855 2115 723 1324 1210 1100 1685 1644 986 2184 2460 1125 1192 1774 1285 1408 1001 1747 1967 432 1570 0 1977 784 1238 1219 1358 1550 1123 644 1257 1496 1539 780 564 2094 862 
1665 931 369 1291 140 2595 128 1334 2392 1262 1453 2270 1764 2289 1154 1836 1176 1841 1400 692 2025 2471 1400 2206 760 676 2067 1361 1690 1183 1293 1013 2375 643 1558 1573 678 1785 1147 2108 0 1443 1025 1268 2465 1066 1332 1750 2344 2546 2590 1918 2312 277 1382 
457 1048 1205 419 1270 1428 1446 861 1210 1009 662 1160 550 1173 936 633 441 635 390 1436 739 1317 671 1068 1067 1237 946 1574 1866 666 736 1159 1278 962 529 1266 1312 554 992 872 1406 0 681 740 1275 934 440 582 1250 1489 1532 649 1181 1602 90 
935 570 790 467 845 1740 1019 726 1522 667 636 1472 876 1413 535 966 339 959 586 1028 1221 1629 624 1398 662 1089 1283 1137 1406 427 510 744 1590 849 804 1011 934 880 576 1210 985 623 0 610 1663 526 511 933 1562 1811 1846 1130 1421 1175 524 
996 536 756 575 811 1787 1019 171 1569 293 234 1519 1008 1525 418 1079 466 1072 694 991 1322 1676 187 1445 628 1256 1366 1017 1287 713 174 719 1637 1018 918 561 908 1040 589 1334 926 796 576 0 1710 539 346 1016 1609 1845 1889 1231 1533 1175 697 
872 2081 2312 1371 2337 310 2471 1823 390 1967 1706 522 1103 1653 2033 1122 1454 1115 1314 2590 1502 229 1661 1133 2203 2145 1494 2610 2940 1604 1643 2238 654 1913 1434 2200 2494 1083 2080 1377 2429 1228 1695 1670 0 2049 1550 1144 592 458 469 1411 1661 2536 1321 
1250 138 523 829 578 2137 808 547 1934 369 725 1821 1305 1800 201 1365 701 1358 968 788 1576 2023 678 1735 325 1172 1641 814 1120 788 578 222 1946 927 1126 640 583 1326 72 1620 721 965 578 522 2034 0 828 1291 1901 2118 2162 1485 1819 957 886 
900 832 1115 546 1180 1740 1356 499 1522 630 295 1472 905 1430 685 999 298 992 665 1346 1221 1629 301 1398 925 1237 1283 1341 1610 675 354 1011 1590 1012 847 889 1170 921 838 1245 1315 455 538 358 1663 788 0 933 1562 1811 1846 1130 1438 1499 356 
447 1311 1497 611 1562 1293 1729 1071 1069 1171 929 1030 210 658 1214 467 695 469 582 1728 826 1182 913 511 1359 1369 345 1866 2164 846 917 1448 1134 1133 748 1454 1604 388 1244 706 1682 511 948 923 1212 1224 837 0 1110 1347 1390 736 666 1775 589 
950 2081 2312 1371 2337 768 2471 1823 569 1967 1706 305 1132 1682 2033 1171 1454 1164 1314 2590 1551 603 1661 1172 2203 2145 1523 2610 2940 1604 1643 2238 133 1913 1434 2200 2494 1132 2080 1426 2429 1228 1695 1670 697 2049 1550 1173 0 655 725 1460 1690 2536 1321 
993 2139 2370 1435 2395 253 2541 1883 704 2020 1770 394 1196 1746 2063 1209 1518 1202 1378 2648 1589 258 1725 1202 2261 2235 1587 2714 3045 1668 1707 2296 597 1950 1498 2297 2552 1170 2138 1464 2499 1292 1759 1734 452 2107 1614 1237 464 0 83 1498 1754 2626 1385 
1017 2153 2384 1459 2409 184 2551 1907 750 2043 1794 440 1220 1770 2102 1234 1542 1227 1402 2662 1614 304 1749 1254 2275 2235 1611 2733 3050 1692 1731 2310 643 1971 1522 2321 2566 1195 2152 1489 2509 1316 1783 1758 410 2121 1638 1261 510 63 0 1523 1778 2626 1409 
626 1561 1747 825 1810 1479 1947 1306 1261 1409 1197 1211 592 953 1470 407 921 466 796 2045 182 1368 1152 1146 1609 1592 1089 2108 2384 1073 1134 1698 1329 1356 958 1689 1880 302 1494 645 1905 664 1162 1161 1402 1474 1072 681 1301 1540 1583 0 988 2031 742 
950 1856 2094 1188 2119 1740 2288 1630 1522 1733 1521 1472 751 38 1794 860 1269 862 1131 2372 819 1629 1476 1164 1985 1983 946 2425 2711 1419 1458 2020 1590 1702 1251 2015 2276 779 1851 577 2246 1031 1510 1485 1663 1831 1365 637 1562 1811 1846 992 0 2374 1128 
1780 1169 578 1406 349 2700 182 1513 2497 1441 1568 2375 1881 2373 1403 1956 1291 1974 1515 895 2140 2576 1523 2291 967 457 2193 1547 1892 1314 1464 1231 2480 731 1673 1838 887 1900 1372 2223 284 1558 1113 1447 2570 1291 1447 1876 2449 2651 2695 2033 2396 0 1497 
555 897 1130 479 1195 1479 1371 795 1261 943 583 1211 610 1173 862 693 363 695 450 1361 837 1368 593 1146 985 1256 986 1489 1769 726 660 1073 1329 1018 616 1220 1230 614 908 935 1331 110 603 664 1388 853 362 642 1301 1540 1583 747 1181 1527 0 
0 1197 1439 597 1447 985 1491 1014 719 1080 755 764 353 906 1128 384 656 377 522 1621 531 887 797 649 1300 1328 706 1672 1970 769 871 1347 794 1082 627 1375 1517 332 1187 636 1446 389 871 891 792 1174 647 439 837 956 1002 457 912 1643 446 
1208 0 415 852 419 1905 592 554 1750 383 605 1707 1215 1738 251 1268 715 1261 927 590 1447 1814 561 1610 196 1151 1535 714 1008 785 482 185 1737 771 1056 710 430 1228 193 1580 527 924 585 511 1822 126 771 1240 1780 1906 1952 1373 1746 752 860 
1493 478 0 1128 199 2200 372 845 2046 775 895 2011 1495 2035 645 1548 1012 1541 1216 388 1732 2108 851 1896 284 850 1825 869 1171 1059 772 505 2041 711 1330 1121 313 1508 567 1866 307 1216 875 801 2134 520 1044 1520 2084 2195 2241 1658 2043 532 1155 
642 935 1197 0 1188 1363 1211 737 1209 801 603 1166 651 1210 850 706 378 699 199 1379 889 1271 573 1057 1058 1106 974 1432 1694 447 593 1079 1196 814 342 1123 1275 654 928 966 1166 384 584 613 1281 905 556 678 1239 1358 1404 815 1218 1345 432 
1500 609 203 1105 0 2200 173 950 2046 900 999 2011 1502 2035 782 1555 979 1548 1170 427 1739 2108 955 1907 421 690 1825 1019 1310 1035 876 642 2041 532 1320 1233 450 1515 704 1871 108 1166 833 905 2134 657 1128 1527 2084 2195 2241 1665 2043 333 1105 
932 1962 2195 1400 2199 0 2335 1850 472 1907 1620 381 1159 1728 1884 1183 1473 1176 1335 2372 1447 146 1650 1173 2064 2117 1537 2427 2684 1553 1699 2081 550 1896 1439 2229 2277 1143 1924 1495 2290 1260 1682 1720 232 1911 1491 1242 451 212 149 1373 1748 2455 1317 
1523 638 376 1128 173 2214 0 979 2060 935 1038 2020 1525 2035 854 1578 1003 1571 1207 527 1762 2122 994 1923 594 539 1849 1188 1479 1062 909 803 2050 531 1352 1272 623 1538 825 1900 85 1207 862 934 2148 758 1169 1550 2093 2209 2255 1688 2043 182 1146 
1078 488 754 705 758 1761 935 0 1607 182 238 1564 1105 1583 318 1133 567 1126 801 936 1317 1669 276 1467 610 1354 1380 820 1090 681 302 521 1594 1086 923 450 825 1093 388 1445 866 669 615 166 1679 437 425 1085 1637 1756 1807 1243 1591 1094 608 
718 1710 2005 1173 2009 462 2097 1616 0 1680 1393 357 933 1510 1684 954 1246 947 1108 2182 1198 379 1423 941 1816 1904 1315 2174 2437 1326 1472 1861 387 1646 1212 2015 2031 894 1700 1252 2052 1029 1455 1493 261 1687 1264 1020 430 548 594 1124 1526 2233 1086 
1143 383 650 745 654 1834 827 175 1675 0 338 1632 1140 1663 150 1193 607 1186 841 825 1382 1737 316 1535 480 1226 1460 833 1090 667 312 375 1662 978 963 463 679 1153 218 1505 762 771 601 202 1747 262 525 1165 1705 1827 1873 1308 1671 1042 710 
827 570 836 573 840 1548 1013 258 1394 339 0 1351 825 1347 428 880 435 873 605 1026 1080 1456 67 1228 692 1226 1159 1008 1240 566 211 696 1381 1009 710 625 908 828 557 1117 948 433 500 187 1466 563 187 852 1424 1543 1589 1006 1355 1174 372 
870 1810 2060 1271 2064 382 2202 1714 376 1778 1491 0 1038 1584 1782 1039 1344 1032 1206 2237 1303 253 1521 1053 1929 1997 1416 2281 2538 1424 1570 1957 231 1744 1310 2120 2142 999 1798 1351 2157 1131 1553 1591 408 1785 1362 1121 132 300 346 1229 1615 2326 1188 
303 1148 1390 518 1395 1013 1424 939 856 1007 707 798 0 720 1055 352 578 345 443 1572 603 926 749 651 1251 1226 501 1623 1887 691 793 1298 828 1049 548 1327 1468 300 1138 604 1379 369 793 813 888 1125 599 256 871 988 1034 529 728 1573 426 
838 1626 1895 1060 1878 1503 2019 1532 1349 1596 1283 1306 728 0 1600 692 1153 685 995 2050 609 1411 1313 1067 1729 1821 869 2103 2373 1242 1388 1776 1336 1562 1099 1930 1944 675 1616 567 1974 923 1362 1409 1421 1603 1154 619 1379 1498 1544 753 38 2158 980 
1164 253 595 781 599 1854 772 303 1699 150 424 1656 1164 1687 0 1217 644 1210 847 770 1403 1761 380 1559 360 1226 1484 751 1045 648 301 288 1686 869 983 598 583 1177 131 1529 707 848 514 302 1771 135 590 1189 1729 1848 1894 1329 1695 949 787 
485 1254 1496 717 1504 1140 1657 1150 998 1214 913 936 391 787 1228 0 777 23 642 1678 364 1048 949 810 1357 1446 772 1729 2014 890 999 1404 960 1196 747 1526 1574 115 1244 441 1612 568 999 1027 1064 1231 798 477 1003 1125 1171 331 749 1789 625 
697 612 891 287 805 1394 834 487 1240 551 353 1197 677 1210 564 732 0 725 383 1101 946 1302 323 1088 709 1083 1034 1163 1412 289 310 764 1227 730 504 873 949 680 617 988 789 391 223 363 1312 596 351 704 1270 1389 1435 870 1218 1042 330 
501 1273 1515 733 1523 1161 1657 1161 998 1225 935 957 407 803 1247 23 793 0 658 1697 357 1069 972 826 1376 1463 788 1748 2014 916 1013 1423 991 1213 763 1545 1593 138 1263 457 1612 584 1016 1038 1064 1250 814 493 1031 1139 1185 351 765 1793 641 
519 983 1233 207 1188 1236 1217 738 1082 802 570 1046 528 1052 851 583 379 576 0 1415 766 1144 574 927 1089 1226 850 1466 1728 539 594 1141 1076 885 193 1150 1311 531 982 835 1172 261 594 614 1154 971 462 555 1119 1244 1290 692 1060 1385 309 
1847 815 397 1484 434 2568 532 1182 2414 1126 1258 2374 1876 2383 998 1930 1360 1923 1564 0 2109 2476 1214 2267 621 899 2212 1206 1497 1394 1135 842 2404 945 1707 1401 650 1889 910 2167 542 1564 1235 1138 2502 857 1408 1917 2447 2563 2609 2035 2391 678 1503 
558 1371 1613 851 1621 1317 1764 1277 1163 1348 1023 1120 580 753 1345 362 896 355 776 1795 0 1225 1052 1014 1474 1563 961 1846 2113 1011 1140 1521 1150 1313 881 1640 1691 304 1361 630 1719 629 1117 1161 1235 1348 887 666 1193 1312 1358 160 783 1911 686 
869 1891 2124 1335 2128 141 2264 1778 390 1846 1555 253 1074 1623 1832 1078 1408 1071 1270 2301 1342 0 1585 1088 1993 2054 1452 2358 2615 1488 1634 2022 422 1818 1374 2166 2206 1038 1865 1390 2219 1195 1617 1655 222 1851 1426 1157 323 201 247 1268 1654 2401 1252 
869 521 787 541 791 1567 964 257 1413 324 66 1370 867 1408 378 923 403 916 637 968 1118 1475 0 1273 643 1226 1189 1008 1257 527 161 665 1400 988 752 640 859 870 508 1152 899 475 461 137 1485 513 210 894 1443 1562 1608 1044 1416 1125 414 
612 1546 1788 1026 1796 995 1934 1452 832 1516 1234 774 649 1155 1520 783 1082 776 952 2001 1037 897 1264 0 1649 1732 532 2045 2298 1162 1308 1696 804 1482 1043 1838 1875 731 1536 1035 1889 865 1291 1329 864 1523 1105 460 847 981 1027 963 1163 2078 927 
1280 194 327 928 378 1951 551 612 1790 491 662 1747 1255 1778 361 1308 772 1301 993 549 1519 1869 618 1650 0 1008 1575 657 957 842 539 221 1777 878 1114 826 238 1268 283 1620 486 984 642 568 1870 236 828 1280 1837 1941 1987 1445 1786 711 925 
1383 1067 894 1016 691 2091 540 1389 1943 1340 1328 1883 1385 1889 1247 1438 1097 1431 1111 892 1622 1999 1304 1780 1173 0 1705 1691 2010 981 1241 1235 1914 544 1220 1610 1159 1398 1251 1750 611 1165 1064 1344 2014 1184 1280 1410 1957 2075 2121 1548 1897 416 1208 
670 1450 1692 928 1700 1394 1838 1366 1240 1430 1130 1197 516 789 1424 748 992 741 839 1897 1003 1302 1159 591 1553 1636 0 1926 2213 1073 1222 1600 1227 1386 950 1746 1770 696 1440 1006 1792 765 1201 1243 1312 1427 996 327 1270 1389 1435 943 797 2006 822 
1594 744 874 1219 1003 2291 1176 848 2137 753 1020 2097 1596 2149 656 1649 1095 1642 1299 1178 1841 2199 978 1987 635 1578 1934 0 351 1149 898 621 2127 1328 1431 484 603 1609 591 1962 1111 1299 979 916 2225 625 1172 1621 2170 2286 2332 1759 2157 1336 1238 
1822 996 1164 1453 1267 2531 1440 1075 2377 995 1238 2337 1833 2318 895 1881 1329 1874 1533 1441 2079 2439 1248 2230 930 1821 2151 350 0 1373 1169 917 2367 1560 1663 689 896 1840 830 2118 1375 1533 1204 1140 2465 864 1425 1856 2410 2526 2572 2005 2326 1600 1472 
799 713 995 393 910 1503 935 655 1349 625 555 1306 779 1347 613 834 341 827 492 1178 1053 1411 525 1215 810 1004 1103 1263 1525 0 379 865 1336 676 606 1030 1048 782 718 1070 890 547 249 509 1421 697 512 806 1379 1498 1544 979 1355 1103 486 
945 478 744 538 748 1634 925 286 1480 311 203 1437 933 1450 335 980 400 973 634 936 1209 1542 159 1340 600 1226 1254 1056 1305 409 0 622 1467 978 755 672 816 941 465 1293 856 627 343 140 1552 470 350 959 1510 1629 1675 1135 1458 1084 566 
1257 184 545 885 590 1930 763 519 1774 388 678 1731 1239 1762 301 1292 748 1285 961 761 1496 1838 634 1634 221 1226 1559 602 896 818 555 0 1761 943 1087 661 323 1252 170 1604 698 955 618 584 1850 202 844 1264 1837 1924 1970 1422 1770 929 893 
923 1891 2124 1335 2128 551 2264 1778 403 1846 1555 231 1074 1623 1832 1078 1408 1071 1270 2301 1342 422 1585 1088 1993 2054 1452 2358 2615 1488 1634 2022 0 1818 1374 2166 2206 1038 1865 1390 2219 1195 1617 1655 435 1851 1426 1157 99 469 515 1268 1654 2401 1252 
1143 751 691 762 508 1834 507 1104 1675 1050 1050 1632 1140 1663 996 1193 798 1186 849 936 1382 1737 1010 1535 848 586 1460 1379 1670 695 957 917 1662 0 963 1361 949 1153 939 1505 462 906 754 1038 1747 871 979 1165 1705 1827 1873 1308 1671 650 951 
658 1116 1360 336 1319 1394 1348 867 1240 939 709 1197 667 1210 983 722 508 715 197 1542 908 1302 703 1078 1221 1226 1034 1610 1868 668 723 1273 1227 1009 0 1253 1438 670 1113 974 1303 400 723 743 1312 1102 601 694 1270 1389 1435 831 1218 1516 448 
1454 673 995 1105 972 2152 1142 505 1998 505 668 1946 1449 2035 578 1502 1012 1495 1213 1141 1693 2060 683 1844 772 1497 1769 501 706 1064 709 606 1976 1247 1337 0 797 1462 513 1820 1080 1096 883 573 2086 547 855 1474 2019 2144 2190 1619 2043 1300 1035 
1467 426 320 1095 457 2163 630 809 2009 701 859 1963 1469 2035 587 1522 979 1515 1178 647 1706 2071 815 1871 238 1151 1789 603 897 1035 736 344 1993 970 1304 846 0 1482 483 1835 565 1183 839 765 2097 462 1013 1494 2036 2154 2200 1632 2043 790 1122 
370 1197 1439 602 1447 1030 1491 1026 868 1090 791 810 276 672 1137 116 662 133 527 1621 305 938 833 695 1300 1354 657 1672 1970 775 877 1347 840 1082 632 1411 1517 0 1187 326 1446 453 877 897 900 1174 683 362 883 1006 1052 231 634 1643 510 
1136 193 541 727 545 1794 718 369 1640 218 520 1597 1105 1628 131 1158 590 1151 793 716 1375 1702 476 1500 284 1163 1425 715 968 660 397 157 1627 815 930 563 461 1118 0 1470 653 796 460 420 1712 72 686 1130 1670 1789 1838 1301 1636 878 735 
623 1400 1642 855 1650 1263 1790 1302 1109 1366 1065 1063 529 569 1374 520 920 519 780 1836 606 1171 1095 954 1503 1589 925 1877 2164 1025 1158 1550 1093 1339 885 1678 1720 406 1390 0 1745 706 1129 1179 1181 1377 939 615 1136 1254 1300 635 531 1951 763 
1483 593 311 1088 108 2179 85 936 2025 884 984 1996 1485 2035 809 1538 948 1531 1162 535 1722 2087 940 1883 529 610 1808 1118 1409 1020 860 750 2041 486 1302 1233 558 1498 780 1856 0 1151 817 889 2113 713 1127 1510 2066 2174 2220 1648 2043 253 1090 
432 951 1202 362 1171 1221 1200 686 1061 767 429 1030 507 1021 842 562 343 555 287 1384 679 1129 471 904 1047 1226 829 1430 1658 538 615 1099 1061 884 392 1066 1280 510 961 814 1155 0 558 601 1133 931 321 534 1104 1212 1258 605 1029 1368 69 
864 644 925 454 873 1548 915 633 1394 599 550 1351 844 1408 572 899 303 892 506 1101 1112 1456 506 1273 766 1163 1189 1176 1425 372 357 783 1381 780 659 977 987 847 636 1139 857 509 0 487 1466 615 474 871 1424 1543 1589 1038 1416 1084 448 
973 432 698 564 702 1645 875 150 1491 201 179 1448 962 1492 302 1005 426 998 660 873 1222 1553 135 1351 554 1226 1289 914 1196 522 146 574 1478 1009 781 536 770 965 419 1317 810 603 456 0 1563 437 345 994 1521 1640 1686 1148 1500 1042 542 
749 1746 2005 1209 2009 232 2133 1652 270 1716 1429 405 969 1519 1720 980 1282 973 1144 2182 1245 225 1459 986 1849 1983 1369 2225 2482 1362 1508 1896 435 1682 1248 2050 2062 941 1736 1293 2088 1069 1491 1529 0 1723 1300 1077 478 396 376 1171 1550 2264 1126 
1136 126 514 746 518 1812 691 428 1655 262 539 1612 1120 1643 125 1173 609 1166 812 689 1375 1717 495 1515 225 1151 1440 727 1024 679 416 181 1642 834 950 609 448 1133 72 1485 626 815 479 427 1727 0 705 1145 1685 1811 1864 1301 1651 851 754 
720 735 1003 545 1011 1435 1093 445 1281 526 187 1238 718 1275 592 773 258 766 498 1185 971 1343 216 1131 857 1226 1051 1193 1423 539 352 879 1268 988 603 812 1080 721 722 1031 1048 326 473 351 1353 727 0 745 1311 1430 1476 893 1283 1261 265 
380 1193 1435 587 1443 1087 1491 1009 932 1072 776 867 189 609 1122 421 647 414 512 1617 672 1003 818 445 1296 1328 295 1668 1970 760 862 1343 897 1069 617 1395 1513 369 1183 673 1446 438 862 882 960 1170 668 0 951 1113 1159 598 617 1643 495 
941 1901 2134 1355 2138 452 2287 1798 446 1864 1575 132 1114 1671 1847 1126 1428 1119 1290 2311 1390 323 1605 1119 2003 2117 1492 2394 2651 1508 1654 2043 99 1818 1394 2196 2216 1086 1886 1438 2242 1215 1637 1675 478 1871 1446 1197 0 370 416 1316 1702 2414 1272 
1017 1962 2195 1400 2199 212 2335 1850 591 1907 1620 300 1159 1728 1884 1183 1473 1176 1335 2372 1447 201 1650 1168 2064 2117 1537 2427 2684 1553 1699 2081 469 1896 1439 2229 2277 1143 1924 1495 2290 1260 1682 1720 398 1911 1491 1242 370 0 63 1373 1748 2455 1317 
1067 2044 2277 1494 2281 149 2412 1938 621 2002 1714 346 1253 1812 2016 1263 1567 1256 1429 2454 1527 247 1744 1215 2146 2207 1631 2556 2935 1647 1793 2213 515 1944 1533 2324 2359 1223 2056 1575 2367 1354 1776 1816 362 2043 1585 1336 416 63 0 1453 1843 2545 1411 
484 1297 1539 777 1547 1252 1698 1182 1098 1257 935 1046 506 897 1271 331 822 353 702 1721 160 1160 972 927 1400 1497 887 1772 2074 937 1049 1447 1076 1247 807 1545 1617 230 1287 556 1653 555 1039 1070 1170 1274 813 592 1119 1244 1290 0 864 1834 612 
869 1648 1895 1098 1901 1508 2039 1554 1354 1618 1316 1311 736 38 1622 723 1184 716 1033 2071 640 1416 1346 1115 1751 1837 877 2134 2386 1264 1410 1798 1341 1584 1137 1930 1968 695 1638 529 1994 954 1393 1431 1426 1625 1187 627 1384 1503 1549 784 0 2173 1011 
1637 806 536 1242 333 2332 182 1161 2178 1112 1237 2138 1639 2149 1047 1692 1118 1685 1322 670 1879 2240 1193 2019 754 415 1967 1340 1631 1122 1069 979 2168 614 1467 1417 783 1652 997 2018 253 1322 1014 1117 2266 930 1284 1664 2211 2327 2373 1843 2157 0 1261 
489 888 1168 411 1085 1279 1114 624 1125 705 367 1096 556 1068 780 611 284 604 336 1350 736 1187 409 955 985 1226 878 1377 1605 565 556 1046 1141 930 441 1030 1219 559 893 863 1069 69 499 539 1197 872 259 583 1166 1274 1320 662 1076 1282 0 
