15
15
3600
0
2564
1964
2664
1816
2395
2112
2476
2468
1935
1841
2469
2406
1868
1800
0 1158 239 598 448 551 867 671 342 701 933 681 884 442 579 
1133 0 1212 1616 917 1548 1891 1680 1015 1709 1936 1689 272 1370 983 
239 1266 0 471 456 410 746 530 401 766 788 795 994 203 664 
649 1697 651 0 851 401 280 633 796 300 625 723 1425 665 1066 
425 988 469 881 0 820 1160 942 312 1005 1256 965 709 659 404 
559 1639 498 401 805 0 676 282 750 696 537 965 1368 314 1009 
917 1972 937 278 1141 679 0 914 1099 425 345 753 1734 954 1375 
655 1734 631 633 925 282 882 0 863 931 672 1062 1469 447 1110 
379 1072 430 842 336 781 1118 905 0 949 1159 954 790 615 485 
682 1775 809 296 1002 697 425 938 893 0 613 538 1525 964 1166 
1158 2238 1205 605 1456 837 327 809 1366 595 0 870 1966 1021 1642 
658 1741 785 710 978 1022 753 1145 869 538 888 0 1469 1019 1110 
846 272 925 1328 640 1256 1597 1388 734 1421 1634 1401 0 1092 710 
469 1524 234 701 686 354 964 488 631 995 708 1031 1252 0 887 
871 577 967 1352 665 1292 1621 1424 759 1445 1670 1425 305 1110 0 
0 1345 325 735 496 720 1039 890 420 804 1172 796 1069 528 638 
1261 0 1283 1870 944 1693 2161 1919 1035 1949 2166 1952 272 1418 1033 
330 1415 0 479 468 418 754 610 421 774 874 965 1142 203 680 
711 1848 666 0 874 401 280 633 827 300 625 735 1617 675 1138 
478 1048 467 887 0 826 1196 1021 313 1183 1301 1157 735 658 414 
645 1814 508 401 828 0 676 282 781 696 544 1062 1558 324 1079 
982 2186 967 278 1166 679 0 900 1135 425 345 753 1897 875 1404 
779 1974 647 633 989 282 887 0 955 931 679 1287 1729 463 1250 
420 1179 457 877 346 816 1192 1009 0 1146 1293 992 854 633 528 
805 2108 967 296 1183 697 425 938 1074 0 613 550 1827 985 1343 
1011 2279 868 610 1252 504 332 709 1211 600 0 875 2057 684 1493 
781 2066 1036 710 1166 1111 787 1343 1074 538 934 0 1797 1292 1318 
930 292 967 1558 666 1377 1866 1604 762 1677 1885 1670 0 1132 725 
560 1655 234 709 688 355 964 491 651 1006 726 1235 1379 0 898 
972 618 1005 1586 704 1415 1866 1642 800 1694 1919 1687 326 1171 0 
0 1660 505 842 644 913 1163 1080 535 931 1332 888 1294 818 768 
1389 0 1454 1999 1113 1954 2321 2063 1232 2150 2307 2052 465 1737 1222 
472 1660 0 638 605 618 996 787 514 1041 1044 1161 1294 313 758 
878 2386 1091 0 1371 593 351 917 1239 422 786 1054 2012 1081 1535 
587 1233 542 1118 0 1062 1455 1223 353 1226 1475 1246 937 855 478 
792 2198 868 610 1262 0 964 362 1118 1020 642 1267 1824 540 1377 
1153 2633 1369 334 1696 894 0 1227 1547 524 435 983 2259 1322 1831 
946 2386 1010 918 1357 385 1156 0 1254 1314 788 1404 2012 643 1533 
600 1468 596 1156 444 1108 1491 1268 0 1226 1513 1237 1102 877 596 
993 2386 1292 429 1434 1012 474 1330 1279 0 674 735 2012 1425 1538 
1355 2695 1626 711 1823 1109 377 1048 1646 626 0 983 2321 1364 1893 
906 2311 1240 1004 1386 1447 886 1573 1231 737 1082 0 1937 1478 1490 
1056 377 1065 1588 723 1554 1977 1662 787 1686 1907 1689 0 1356 836 
789 1859 493 986 887 480 1184 609 812 1342 834 1419 1485 0 1050 
1134 836 1187 1710 835 1676 2057 1784 899 1821 2040 1871 459 1471 0 
0 1446 431 790 534 691 1143 841 449 931 1160 889 1103 692 666 
1353 0 1390 1871 1028 1766 2212 1906 1205 2071 2232 1946 331 1610 1120 
409 1495 0 598 596 501 966 651 489 1016 939 1048 1152 275 738 
779 1959 818 0 1080 542 358 894 965 457 791 1042 1594 884 1231 
549 1219 623 1129 0 1017 1479 1188 376 1216 1474 1216 847 771 441 
652 1916 681 543 1006 0 885 401 914 983 634 1216 1511 429 1148 
1150 2365 1231 390 1461 913 0 1266 1346 535 433 936 2000 1193 1639 
825 2072 889 829 1181 348 1133 0 1063 1248 754 1355 1708 637 1345 
511 1321 535 1058 437 916 1408 1092 0 1178 1375 1179 978 725 573 
906 2144 1197 465 1287 1005 534 1359 1133 0 694 774 1766 1323 1403 
1160 2365 1075 789 1428 623 458 885 1313 736 0 1099 2000 859 1606 
852 2092 1152 1042 1260 1313 926 1449 1106 781 1102 0 1739 1294 1376 
1036 331 1068 1531 695 1437 1899 1573 799 1642 1875 1601 0 1262 783 
720 1715 371 847 873 407 1164 566 788 1263 783 1240 1372 0 1009 
1093 737 1124 1597 773 1506 1987 1642 877 1708 1952 1667 406 1355 0 
0 1403 474 731 589 660 1088 786 460 833 1073 869 1064 702 740 
1288 0 1351 1882 1087 1756 2223 1886 1219 1952 2227 2032 369 1584 1159 
410 1450 0 597 600 509 964 635 470 1011 940 1058 1111 338 788 
745 1906 822 0 1062 510 323 823 935 439 745 1074 1528 875 1210 
482 1167 560 1056 0 933 1361 1049 385 1152 1316 1145 816 733 453 
711 1862 742 523 1043 0 835 382 921 945 678 1256 1513 537 1195 
1109 2257 1126 354 1410 851 0 1172 1304 515 422 895 1905 1268 1540 
800 1945 886 811 1160 342 1077 0 994 1189 761 1364 1592 635 1274 
428 1268 506 976 394 868 1293 995 0 1090 1301 1058 929 679 563 
831 1981 1058 432 1247 979 476 1296 1105 0 687 771 1653 1298 1335 
1305 2488 1492 750 1682 1063 396 1115 1540 674 0 1055 2136 1360 1770 
825 1981 1043 1094 1241 1241 873 1367 1099 751 1085 0 1647 1298 1329 
947 335 983 1544 722 1389 1864 1515 861 1607 1781 1637 0 1232 783 
761 1757 374 874 960 450 1170 616 826 1275 862 1344 1418 0 1100 
947 698 1007 1570 735 1418 1891 1544 874 1633 1838 1663 363 1232 0 
0 1408 384 780 550 683 1086 795 427 871 1106 879 1028 657 649 
1301 0 1406 1912 1085 1786 2223 1913 1241 1982 2199 1991 380 1563 1217 
419 1481 0 649 585 536 991 648 495 1040 939 1103 1101 273 722 
673 1902 774 0 1038 560 330 854 926 442 756 1001 1534 840 1172 
519 1145 585 1096 0 1019 1439 1114 411 1161 1440 1206 784 823 426 
679 1897 659 486 1018 0 809 348 907 922 662 1206 1507 417 1145 
1044 2283 1152 369 1417 875 0 1151 1272 473 426 856 1975 1172 1567 
838 2050 852 792 1167 380 1096 0 1053 1194 789 1387 1682 610 1320 
415 1257 475 1002 384 881 1345 1005 0 1083 1311 1103 878 719 520 
843 2094 1087 401 1272 991 486 1327 1134 0 713 805 1748 1221 1386 
1147 2283 1095 798 1467 651 429 854 1322 664 0 1066 1975 852 1617 
810 2050 1057 977 1214 1260 997 1391 1076 778 1205 0 1690 1234 1328 
923 336 1026 1510 690 1433 1864 1564 813 1579 1842 1595 0 1194 790 
677 1699 315 888 854 435 1137 586 731 1269 829 1271 1319 0 957 
967 694 1066 1550 736 1464 1903 1595 859 1629 1875 1645 358 1231 0 
0 1271 322 746 498 600 1077 720 347 749 1021 789 933 596 606 
1196 0 1284 1780 995 1686 2099 1780 1134 1887 2067 1858 304 1475 1292 
324 1394 0 683 507 460 1000 580 431 957 867 989 1056 274 697 
733 1910 764 0 987 547 340 843 907 380 795 888 1566 857 1397 
485 1168 566 1113 0 976 1382 1068 409 1140 1370 1164 789 769 447 
592 1791 658 513 935 0 840 363 804 880 635 1091 1453 424 1284 
1064 2324 1089 341 1336 846 0 1131 1223 481 455 849 1965 1142 1736 
771 1990 879 817 1116 348 1025 0 993 1226 755 1322 1661 645 1492 
417 1238 501 1049 418 876 1292 1037 0 1072 1289 1065 888 701 546 
759 1970 1001 383 1148 906 470 1187 981 0 711 682 1628 1220 1459 
1024 2324 1106 751 1387 571 410 833 1254 647 0 996 1965 848 1732 
773 1990 1013 968 1181 1226 861 1320 993 692 1059 0 1661 1246 1492 
897 382 976 1477 677 1394 1793 1488 828 1607 1761 1566 0 1178 775 
676 1728 354 931 859 408 1140 567 739 1258 815 1235 1390 0 1221 
906 724 983 1484 683 1401 1793 1495 834 1607 1768 1566 342 1199 0 
0 1466 480 820 633 724 1153 865 472 902 1148 962 1088 754 734 
1337 0 1410 1927 1114 1847 2232 1941 1236 2024 2204 2037 364 1619 1171 
379 1466 0 645 521 585 1008 726 417 1036 1002 1068 1088 274 696 
742 1927 828 0 1003 519 338 783 907 461 799 1010 1550 898 1204 
490 1130 595 1091 0 997 1403 1110 357 1137 1381 1142 805 775 440 
668 1891 691 573 954 0 933 337 862 988 650 1204 1516 467 1170 
1114 2300 1136 366 1428 850 0 1120 1287 506 461 936 1984 1153 1657 
810 2092 857 878 1119 361 1073 0 1009 1321 780 1312 1713 633 1367 
449 1298 506 957 411 892 1325 1040 0 1074 1306 1126 920 734 555 
883 2279 1137 379 1429 898 465 1171 1288 0 717 823 1963 1229 1604 
1104 2300 1136 775 1428 595 409 817 1287 671 0 1097 1984 870 1657 
807 2092 1081 990 1282 1268 858 1367 1071 741 1026 0 1755 1247 1409 
953 485 1015 1526 737 1457 1907 1556 829 1634 1838 1630 0 1237 790 
739 1782 364 957 881 497 1230 626 777 1321 934 1312 1404 0 1058 
953 850 1015 1526 738 1457 1907 1556 830 1634 1838 1630 365 1237 0 
0 1464 457 762 556 739 1077 804 419 826 1107 954 1119 725 682 
1396 0 1395 1934 1053 1841 2231 1955 1205 2002 2225 2001 343 1594 1155 
441 1469 0 604 619 560 964 625 482 1012 939 1096 1124 298 745 
778 1955 754 0 1036 526 339 796 912 423 771 1065 1574 889 1199 
521 1129 561 1060 0 1020 1399 1095 379 1172 1391 1204 787 777 434 
683 1912 710 514 1030 0 834 324 900 921 637 1233 1548 469 1173 
1056 2285 1120 335 1316 835 0 1138 1262 480 432 983 1926 1190 1545 
842 2078 905 836 1145 384 1091 0 1068 1231 764 1363 1726 662 1351 
453 1245 503 980 416 970 1319 1033 0 1104 1325 1137 896 709 543 
874 2173 1143 421 1269 976 502 1268 1148 0 704 864 1814 1265 1431 
1540 2719 1591 786 1792 1124 451 1073 1721 806 0 1173 2367 1319 2007 
833 2141 1107 1039 1243 1311 926 1440 1122 778 1083 0 1780 1279 1405 
1014 361 1035 1537 708 1480 1891 1609 825 1645 1870 1630 0 1228 789 
762 1824 322 901 925 488 1162 598 803 1316 843 1311 1458 0 1083 
1014 714 1035 1537 711 1480 1891 1609 828 1645 1870 1630 353 1248 0 
0 1500 464 860 634 776 1168 887 488 855 1153 889 1146 748 712 
1368 0 1405 1954 1066 1887 2236 2036 1154 1975 2320 1974 341 1572 1138 
429 1520 0 639 557 573 991 684 503 1046 939 1060 1166 297 727 
784 2010 855 0 1051 681 349 973 983 456 824 1050 1667 970 1294 
584 1213 578 1176 0 1067 1489 1179 428 1220 1429 1220 929 793 494 
741 1984 733 532 1023 0 860 357 966 960 617 1256 1637 449 1264 
1124 2362 1181 338 1444 999 0 1280 1349 539 475 1000 2027 1326 1639 
876 2166 925 838 1224 365 1152 0 1146 1254 739 1389 1820 639 1436 
513 1386 498 1086 473 987 1421 1078 0 1130 1359 1158 1032 722 582 
849 2146 1117 459 1240 1072 492 1353 1134 0 739 765 1797 1411 1424 
1372 2654 1590 759 1751 1128 421 1108 1645 713 0 1088 2308 1385 1943 
818 2128 1117 981 1207 1307 851 1468 1101 705 1031 0 1764 1363 1391 
1014 337 1062 1624 715 1521 1927 1709 846 1644 1993 1652 0 1224 786 
764 1774 393 986 936 500 1236 596 812 1357 856 1362 1420 0 1047 
1123 764 1165 1722 807 1624 2004 1835 952 1742 2060 1750 427 1332 0 
0 1710 525 954 752 927 1167 1118 532 902 1457 954 1346 855 978 
1810 0 1735 2423 1191 2350 2685 2494 1345 2403 2925 2459 345 1912 1277 
464 1710 0 740 636 628 1085 776 490 1061 1093 1087 1346 399 978 
810 2162 870 0 1036 514 355 793 954 417 848 1005 1743 918 1375 
795 1211 740 1334 0 1218 1647 1388 458 1482 1777 1394 877 967 468 
723 2134 777 609 1008 0 964 358 907 1002 640 1191 1725 471 1357 
1106 2501 1168 321 1389 834 0 1074 1422 474 493 881 2242 1156 1727 
960 2322 946 927 1254 414 1092 0 1285 1316 769 1411 2097 642 1592 
645 1401 635 1247 446 1142 1560 1292 0 1355 1675 1267 1100 812 666 
851 2447 1211 407 1459 927 472 1214 1248 0 748 743 2130 1255 1660 
1153 2583 1189 731 1483 581 410 779 1516 678 0 1081 2316 847 1855 
807 2363 1180 1013 1372 1400 843 1600 1241 708 1115 0 2123 1399 1653 
1391 420 1334 1963 828 1858 2287 1997 969 2057 2405 1987 0 1543 894 
862 2024 419 1127 994 573 1292 651 912 1478 1022 1449 1626 0 1258 
1344 829 1294 1920 800 1797 2228 1943 953 1980 2358 1905 409 1503 0 
0 1631 550 847 706 881 1095 1063 613 917 1469 954 1312 755 978 
1706 0 1717 2280 1233 2198 2551 2324 1360 2407 2556 2370 383 1835 1352 
442 1535 0 824 564 562 1122 707 505 1106 1195 1122 1216 205 849 
765 2017 832 0 1035 503 311 749 962 371 656 954 1678 843 1344 
728 1107 708 1320 0 1179 1594 1233 400 1417 1642 1386 792 773 451 
720 1984 654 622 987 0 886 320 932 980 835 1284 1650 414 1316 
1068 2309 1171 345 1319 805 0 1012 1250 450 345 810 2015 1013 1651 
911 2122 826 914 1147 355 1167 0 1113 1271 906 1478 1828 578 1479 
658 1238 662 1261 369 1124 1513 1284 0 1321 1639 1278 919 802 585 
776 2304 1070 341 1312 844 433 1093 1191 0 613 674 2010 1151 1588 
1156 2354 1112 693 1369 557 348 759 1300 600 0 938 2060 783 1701 
764 2304 1017 878 1323 1390 864 1548 1191 681 941 0 2010 1228 1588 
1360 344 1359 1996 857 1874 2229 1981 996 2022 2230 2029 0 1478 955 
779 1809 337 981 836 414 1251 538 842 1354 1072 1459 1483 0 1149 
1250 685 1238 1877 735 1737 2130 1856 921 1932 2158 1920 341 1357 0 
0 1233 304 701 453 664 991 832 345 708 1135 688 951 507 611 
1196 0 1289 1764 978 1654 2040 1794 1106 1775 2060 1792 289 1463 1075 
326 1338 0 576 462 477 851 691 401 907 985 885 1056 203 704 
673 1739 757 0 925 401 280 633 855 337 677 748 1457 689 1152 
452 1112 515 1015 0 886 1280 1120 316 1044 1396 1005 821 658 453 
590 1664 552 430 864 0 705 282 803 762 592 1005 1382 328 1077 
994 2075 1003 288 1213 689 0 921 1150 425 397 808 1744 1012 1439 
688 1739 690 675 964 295 964 0 907 1020 722 1131 1457 466 1152 
417 1182 495 973 336 866 1241 1097 0 980 1396 965 899 647 531 
726 1779 905 303 1055 704 452 938 949 0 645 538 1497 1029 1192 
1280 2451 1256 615 1513 843 327 809 1455 595 0 887 2132 1068 1737 
696 1755 888 717 1023 1166 757 1329 917 538 934 0 1473 1106 1168 
917 312 1003 1483 685 1367 1749 1507 779 1494 1776 1511 0 1183 765 
596 1542 274 762 694 372 1053 488 671 1102 779 1131 1260 0 955 
924 680 1005 1487 697 1396 1753 1536 791 1498 1825 1515 368 1183 0 
0 1226 239 623 462 587 889 690 346 751 948 738 889 442 584 
1112 0 1215 1606 945 1553 1891 1708 1015 1690 1968 1719 272 1364 996 
239 1343 0 509 456 423 784 552 401 814 807 852 1028 203 673 
631 1728 670 0 851 401 280 643 796 318 625 841 1407 671 1068 
432 988 493 952 0 832 1227 963 312 1048 1256 1035 709 659 404 
564 1682 502 409 805 0 684 292 750 722 539 1031 1361 318 1022 
894 1989 959 278 1141 679 0 914 1106 425 345 753 1684 875 1345 
673 1792 641 641 936 282 882 0 880 955 674 1141 1471 457 1132 
386 1096 455 880 336 794 1160 926 0 1005 1192 989 790 615 485 
760 1878 887 353 1086 754 455 1002 981 0 613 638 1556 1017 1217 
947 2014 869 605 1214 508 327 719 1159 595 0 870 1726 685 1387 
731 1850 858 805 1062 1139 753 1242 949 638 888 0 1523 1082 1184 
845 272 951 1335 670 1272 1610 1423 726 1425 1681 1454 0 1094 715 
469 1579 234 726 686 354 964 488 631 995 712 1089 1258 0 919 
867 577 968 1356 692 1299 1631 1450 748 1442 1708 1471 305 1120 0 
0 1184 270 625 473 615 891 717 374 755 993 813 912 473 602 
1110 0 1189 1598 917 1523 1891 1639 1015 1676 1903 1666 272 1347 983 
239 1232 0 471 456 418 746 541 401 766 807 896 960 203 654 
644 1626 651 0 851 401 280 633 796 300 625 731 1354 672 1049 
426 988 467 879 0 826 1160 955 312 1080 1256 1074 709 658 404 
555 1586 502 449 805 0 724 282 750 744 540 1074 1314 318 1009 
911 1924 937 278 1141 679 0 900 1099 425 345 753 1632 869 1327 
665 1693 638 683 936 284 885 0 878 964 675 1179 1421 454 1116 
380 1072 430 842 336 789 1118 912 0 1043 1192 1030 790 618 485 
682 1709 809 296 1002 697 425 938 897 0 613 546 1437 961 1132 
936 1972 862 610 1210 504 332 709 1150 600 0 875 1683 678 1378 
658 1685 785 710 973 1057 758 1167 873 538 893 0 1413 1019 1108 
839 272 925 1333 633 1257 1602 1373 726 1411 1631 1401 0 1092 708 
469 1459 234 701 686 354 964 488 631 1029 712 1136 1187 0 877 
861 577 967 1358 655 1290 1627 1406 748 1436 1664 1426 305 1110 0 
