11
10
5400
0
2234
2224
2425
2560
1991
2333
1951
2310
1829
2005
0 362 1362 693 764 522 491 456 1207 586 767 
405 0 1508 578 649 430 399 535 1353 496 846 
1252 1376 0 1766 1845 1610 1579 1135 497 1498 925 
798 579 1924 0 209 420 492 944 1749 767 1250 
839 620 1992 209 0 493 565 980 1818 808 1296 
577 358 1696 423 538 0 187 719 1541 587 1052 
555 336 1674 493 608 192 0 697 1519 451 1052 
362 547 1161 912 980 738 707 0 1017 550 565 
1175 1299 480 1689 1760 1533 1502 1044 0 1421 847 
531 462 1546 787 858 589 451 536 1391 0 925 
714 839 911 1226 1297 1074 1043 599 839 971 0 
0 417 1858 825 938 603 597 506 1602 711 841 
482 0 1895 776 872 550 514 657 1625 790 1038 
1516 1713 0 2342 2389 1953 1908 1302 596 1858 988 
988 698 2430 0 212 657 706 1133 2125 1015 1630 
1000 724 2440 209 0 679 728 1178 2135 1039 1669 
750 508 2173 559 682 0 261 925 1899 786 1423 
675 433 2095 629 752 249 0 850 1792 593 1342 
392 693 1594 1171 1228 923 944 0 1326 591 637 
1440 1637 615 2242 2289 1886 1847 1226 0 1746 964 
765 791 2061 1204 1266 870 685 651 1767 0 1269 
855 1062 1130 1538 1610 1298 1211 686 986 1166 0 
0 484 1608 827 884 631 568 486 1394 661 876 
460 0 1750 747 804 581 518 631 1536 676 1030 
1413 1628 0 2047 2097 1882 1839 1352 667 1700 1101 
973 786 2209 0 255 547 675 1152 2016 959 1504 
973 777 2203 278 0 629 710 1149 1981 947 1478 
689 525 1922 578 682 0 258 860 1713 784 1215 
630 466 1878 736 837 266 0 801 1651 622 1156 
433 719 1448 1123 1145 891 828 0 1234 726 661 
1317 1532 686 1953 1989 1787 1748 1256 0 1604 1018 
621 607 1761 964 1006 785 606 664 1547 0 1087 
849 1078 1187 1492 1520 1337 1298 740 1094 1137 0 
0 490 1452 822 854 628 565 481 1253 591 809 
491 0 1703 720 752 562 499 646 1504 598 1040 
1412 1653 0 2071 2084 1877 1806 1333 641 1713 1086 
973 757 2195 0 267 551 689 1107 1974 902 1485 
937 740 2153 276 0 584 714 1077 1953 884 1462 
666 500 1882 557 674 0 251 821 1666 698 1186 
627 461 1847 705 802 267 0 782 1635 543 1164 
387 693 1298 1068 1109 890 827 0 1091 620 636 
1289 1530 597 1896 1957 1738 1683 1210 0 1590 978 
672 600 1795 963 975 810 601 627 1596 0 1102 
814 1046 1122 1412 1449 1261 1206 723 955 1065 0 
0 435 1486 773 813 597 562 485 1282 627 865 
487 0 1577 683 723 520 459 619 1373 563 991 
1396 1591 0 1949 2056 1792 1789 1301 655 1663 1108 
937 782 2183 0 253 561 640 1084 1950 902 1467 
973 805 2197 287 0 628 707 1103 1983 930 1492 
647 504 1938 606 696 0 234 822 1697 708 1199 
600 457 1880 701 758 232 0 775 1653 661 1169 
450 714 1327 1081 1137 913 868 0 1151 645 688 
1309 1504 619 1888 1982 1705 1702 1214 0 1576 1043 
545 552 1628 875 919 741 649 603 1424 0 1056 
782 958 1126 1381 1432 1178 1175 708 1002 1068 0 
0 433 1574 863 875 616 558 475 1408 663 998 
486 0 1706 734 746 509 451 603 1540 556 1123 
1444 1652 0 2134 2207 1903 1839 1391 687 1729 1163 
1029 815 2237 0 283 552 717 1181 2066 991 1565 
976 770 2197 291 0 607 719 1135 2055 919 1517 
727 499 1911 553 652 0 257 844 1781 741 1284 
665 437 1871 719 818 263 0 782 1726 608 1226 
435 697 1346 1131 1138 880 822 0 1079 728 757 
1310 1518 655 2001 2055 1819 1700 1257 0 1595 1040 
603 587 1777 980 1012 761 638 680 1611 0 1141 
831 1073 1178 1521 1557 1330 1217 742 925 1142 0 
0 463 1602 862 893 732 614 547 1416 684 925 
602 0 1720 777 808 633 512 682 1534 635 1076 
1439 1734 0 2202 2277 1922 1906 1325 682 1760 1159 
1109 805 2333 0 241 553 703 1184 2074 992 1576 
1122 831 2333 290 0 609 759 1211 2074 1002 1599 
821 513 1943 609 699 0 251 904 1728 786 1304 
752 444 1864 793 849 275 0 832 1668 628 1230 
441 719 1389 1122 1166 974 870 0 1203 679 680 
1319 1614 626 2080 2141 1799 1758 1205 0 1640 1033 
689 636 1787 1003 1048 941 742 740 1601 0 1179 
824 1118 1110 1562 1606 1300 1259 740 965 1133 0 
0 534 1735 1135 1191 786 828 611 1540 830 1178 
461 0 1735 889 933 609 594 664 1540 673 1183 
1990 2312 0 2739 2869 2574 2614 1732 600 2284 1106 
1076 869 2471 0 265 627 772 1227 2269 1252 1761 
995 788 2426 260 0 631 776 1203 2224 1149 1688 
706 507 2091 568 676 0 242 916 1885 859 1420 
659 460 1935 674 782 244 0 862 1738 671 1381 
463 797 1409 1353 1407 1099 1146 0 1214 839 743 
1880 2247 600 2671 2775 2509 2549 1630 0 2219 1257 
757 630 1904 1207 1261 941 842 648 1700 0 1256 
1068 1402 1034 1775 1839 1703 1750 785 954 1412 0 
0 407 1466 860 984 567 628 483 1311 606 879 
421 0 1516 728 826 464 443 564 1361 552 997 
1456 1656 0 2015 2091 1914 1846 1315 512 1699 913 
878 645 1924 0 209 442 521 1014 1752 839 1360 
872 639 1924 209 0 493 572 1014 1752 833 1357 
662 429 1757 423 545 0 194 805 1602 694 1213 
620 387 1712 497 619 192 0 763 1557 548 1175 
395 622 1242 1086 1187 782 843 0 1116 615 651 
1422 1622 498 1979 2055 1895 1841 1281 0 1665 1050 
573 550 1597 987 1054 740 611 584 1442 0 1052 
762 997 976 1342 1419 1313 1201 651 866 1032 0 
0 362 1359 693 764 522 491 455 1206 656 759 
405 0 1468 577 648 430 399 554 1315 526 858 
1232 1356 0 1759 1838 1604 1573 1120 497 1495 907 
816 608 1858 0 209 424 498 956 1696 803 1263 
876 668 1924 209 0 513 587 1023 1746 863 1328 
584 386 1672 423 538 0 189 738 1519 644 1052 
562 364 1636 497 612 192 0 716 1483 615 1052 
362 553 1177 912 980 738 707 0 1021 550 565 
1151 1275 480 1678 1749 1523 1492 1046 0 1414 843 
568 494 1532 814 885 680 548 536 1379 0 942 
716 848 911 1268 1339 1074 1043 599 840 987 0 
