15
10
5400
0
2234
2224
2425
2560
1991
2333
1951
2310
1829
2005
2090
2463
2174
2690
0 1158 239 598 448 551 867 671 342 701 933 681 884 442 579 
1133 0 1212 1616 917 1548 1891 1680 1015 1709 1936 1689 272 1370 983 
239 1266 0 471 456 410 746 530 401 766 788 795 994 203 664 
649 1697 651 0 851 401 280 633 796 300 625 723 1425 665 1066 
425 988 469 881 0 820 1160 942 312 1005 1256 965 709 659 404 
559 1639 498 401 805 0 676 282 750 696 537 965 1368 314 1009 
917 1972 937 278 1141 679 0 914 1099 425 345 753 1734 954 1375 
655 1734 631 633 925 282 882 0 863 931 672 1062 1469 447 1110 
379 1072 430 842 336 781 1118 905 0 949 1159 954 790 615 485 
682 1775 809 296 1002 697 425 938 893 0 613 538 1525 964 1166 
1158 2238 1205 605 1456 837 327 809 1366 595 0 870 1966 1021 1642 
658 1741 785 710 978 1022 753 1145 869 538 888 0 1469 1019 1110 
846 272 925 1328 640 1256 1597 1388 734 1421 1634 1401 0 1092 710 
469 1524 234 701 686 354 964 488 631 995 708 1031 1252 0 887 
871 577 967 1352 665 1292 1621 1424 759 1445 1670 1425 305 1110 0 
0 1555 414 784 581 774 1077 925 466 917 1227 961 1311 692 725 
1484 0 1593 2080 1170 2047 2422 2244 1231 2192 2507 2150 353 1792 1208 
451 1555 0 644 471 518 991 657 441 957 944 1131 1311 278 732 
800 2076 778 0 996 563 338 838 976 331 683 864 1694 892 1244 
616 1198 482 1058 0 960 1390 1073 343 1342 1379 1328 1004 699 470 
701 2038 652 630 947 0 834 313 907 917 601 1231 1646 376 1196 
1157 2480 1201 310 1366 763 0 987 1292 431 345 765 2103 1034 1633 
838 2177 791 863 1104 288 964 0 1095 1063 707 1380 1787 515 1337 
480 1364 529 1105 377 1011 1437 1125 0 1306 1425 1275 1117 712 555 
1041 2588 1245 360 1410 894 457 1147 1336 0 613 670 2211 1169 1677 
1139 2588 1134 642 1439 504 332 719 1365 600 0 887 2211 732 1706 
1143 2480 1423 883 1557 1476 823 1702 1437 649 983 0 2103 1714 1647 
1091 369 1170 1640 757 1599 1977 1739 850 1778 2041 1748 0 1358 854 
791 1833 363 884 728 370 991 512 745 1103 743 1356 1457 0 1007 
1233 919 1342 1861 899 1771 2196 1913 1014 1938 2222 1905 547 1541 0 
0 1446 431 790 534 691 1143 841 449 931 1160 889 1103 692 666 
1353 0 1390 1871 1028 1766 2212 1906 1205 2071 2232 1946 331 1610 1120 
409 1495 0 598 596 501 966 651 489 1016 939 1048 1152 275 738 
779 1959 818 0 1080 542 358 894 965 457 791 1042 1594 884 1231 
549 1219 623 1129 0 1017 1479 1188 376 1216 1474 1216 847 771 441 
652 1916 681 543 1006 0 885 401 914 983 634 1216 1511 429 1148 
1150 2365 1231 390 1461 913 0 1266 1346 535 433 936 2000 1193 1639 
825 2072 889 829 1181 348 1133 0 1063 1248 754 1355 1708 637 1345 
511 1321 535 1058 437 916 1408 1092 0 1178 1375 1179 978 725 573 
906 2144 1197 465 1287 1005 534 1359 1133 0 694 774 1766 1323 1403 
1160 2365 1075 789 1428 623 458 885 1313 736 0 1099 2000 859 1606 
852 2092 1152 1042 1260 1313 926 1449 1106 781 1102 0 1739 1294 1376 
1036 331 1068 1531 695 1437 1899 1573 799 1642 1875 1601 0 1262 783 
720 1715 371 847 873 407 1164 566 788 1263 783 1240 1372 0 1009 
1093 737 1124 1597 773 1506 1987 1642 877 1708 1952 1667 406 1355 0 
0 1346 423 722 534 612 1077 792 372 768 1029 822 996 648 620 
1314 0 1358 1869 1048 1759 2192 1927 1163 1981 2216 1998 352 1566 1162 
382 1398 0 574 537 460 964 640 419 955 906 1017 1048 296 685 
703 2011 879 0 1069 535 354 845 966 387 800 965 1637 914 1267 
555 1145 665 1117 0 1011 1439 1147 454 1196 1422 1196 815 892 493 
702 1901 682 519 984 0 861 383 860 898 684 1162 1536 449 1166 
1059 2329 1201 385 1457 884 0 1144 1344 499 446 948 1993 1135 1646 
835 2051 814 831 1089 378 1129 0 994 1250 778 1338 1662 581 1292 
445 1250 570 1011 424 867 1333 1040 0 1091 1303 1047 884 768 530 
851 2097 1141 473 1217 1013 506 1326 1068 0 695 731 1713 1245 1343 
1046 2258 1105 813 1361 587 428 818 1248 673 0 1087 1922 807 1550 
887 2136 1168 1055 1264 1246 883 1413 1115 771 1057 0 1760 1287 1390 
936 352 1023 1508 703 1383 1867 1550 850 1590 1793 1574 0 1245 762 
707 1751 344 850 877 396 1129 598 733 1266 814 1229 1401 0 1031 
936 706 1040 1508 709 1383 1867 1550 856 1590 1793 1574 354 1245 0 
0 1271 322 746 498 600 1077 720 347 749 1021 789 933 596 606 
1196 0 1284 1780 995 1686 2099 1780 1134 1887 2067 1858 304 1475 1292 
324 1394 0 683 507 460 1000 580 431 957 867 989 1056 274 697 
733 1910 764 0 987 547 340 843 907 380 795 888 1566 857 1397 
485 1168 566 1113 0 976 1382 1068 409 1140 1370 1164 789 769 447 
592 1791 658 513 935 0 840 363 804 880 635 1091 1453 424 1284 
1064 2324 1089 341 1336 846 0 1131 1223 481 455 849 1965 1142 1736 
771 1990 879 817 1116 348 1025 0 993 1226 755 1322 1661 645 1492 
417 1238 501 1049 418 876 1292 1037 0 1072 1289 1065 888 701 546 
759 1970 1001 383 1148 906 470 1187 981 0 711 682 1628 1220 1459 
1024 2324 1106 751 1387 571 410 833 1254 647 0 996 1965 848 1732 
773 1990 1013 968 1181 1226 861 1320 993 692 1059 0 1661 1246 1492 
897 382 976 1477 677 1394 1793 1488 828 1607 1761 1566 0 1178 775 
676 1728 354 931 859 408 1140 567 739 1258 815 1235 1390 0 1221 
906 724 983 1484 683 1401 1793 1495 834 1607 1768 1566 342 1199 0 
0 1339 458 760 603 793 1078 883 430 871 1106 868 1009 751 676 
1275 0 1369 1860 1004 1818 2178 1911 1186 1908 2209 1913 320 1573 1093 
390 1403 0 595 514 608 964 698 427 1025 934 1015 1073 429 710 
701 1922 776 0 1012 537 353 835 925 475 812 969 1550 950 1220 
557 1093 525 1072 0 988 1390 1110 397 1210 1354 1169 743 805 428 
702 1872 682 502 975 0 834 376 887 974 648 1169 1509 479 1179 
1046 2239 1133 324 1360 846 0 1137 1254 483 459 983 1878 1222 1525 
867 2037 909 819 1161 375 1152 0 1058 1279 771 1316 1676 659 1346 
505 1212 516 1072 412 988 1383 1105 0 1154 1354 1125 845 753 530 
778 1947 991 447 1135 984 474 1265 1021 0 723 711 1585 1286 1255 
1087 2288 1164 719 1406 619 395 865 1300 679 0 1123 1927 892 1556 
814 1977 1002 1005 1163 1322 867 1415 1054 770 1042 0 1613 1301 1283 
1017 316 1071 1562 701 1522 1891 1615 835 1658 1892 1608 0 1259 771 
761 1741 375 864 885 481 1152 585 798 1297 793 1231 1411 0 1081 
1025 631 1084 1575 723 1535 1900 1628 857 1680 1923 1630 315 1307 0 
0 1500 464 860 634 776 1168 887 488 855 1153 889 1146 748 712 
1368 0 1405 1954 1066 1887 2236 2036 1154 1975 2320 1974 341 1572 1138 
429 1520 0 639 557 573 991 684 503 1046 939 1060 1166 297 727 
784 2010 855 0 1051 681 349 973 983 456 824 1050 1667 970 1294 
584 1213 578 1176 0 1067 1489 1179 428 1220 1429 1220 929 793 494 
741 1984 733 532 1023 0 860 357 966 960 617 1256 1637 449 1264 
1124 2362 1181 338 1444 999 0 1280 1349 539 475 1000 2027 1326 1639 
876 2166 925 838 1224 365 1152 0 1146 1254 739 1389 1820 639 1436 
513 1386 498 1086 473 987 1421 1078 0 1130 1359 1158 1032 722 582 
849 2146 1117 459 1240 1072 492 1353 1134 0 739 765 1797 1411 1424 
1372 2654 1590 759 1751 1128 421 1108 1645 713 0 1088 2308 1385 1943 
818 2128 1117 981 1207 1307 851 1468 1101 705 1031 0 1764 1363 1391 
1014 337 1062 1624 715 1521 1927 1709 846 1644 1993 1652 0 1224 786 
764 1774 393 986 936 500 1236 596 812 1357 856 1362 1420 0 1047 
1123 764 1165 1722 807 1624 2004 1835 952 1742 2060 1750 427 1332 0 
0 1714 501 883 743 962 1131 1131 603 878 1437 977 1354 786 1015 
1787 0 1838 2453 1219 2302 2690 2447 1461 2482 2953 2503 394 1952 1400 
425 1581 0 814 580 708 1128 898 494 1043 1289 1181 1221 285 861 
786 2192 869 0 1073 633 381 921 1000 423 773 1005 1848 970 1508 
820 1189 679 1437 0 1273 1703 1379 418 1562 1736 1529 916 886 453 
755 2135 639 595 1016 0 869 335 925 980 699 1327 1783 371 1444 
1096 2504 1214 325 1368 942 0 1173 1273 499 419 821 2160 1273 1819 
1039 2395 914 944 1275 380 1180 0 1180 1258 832 1656 2052 644 1712 
636 1315 586 1317 392 1180 1532 1314 0 1345 1657 1278 981 801 587 
816 2368 1139 374 1385 987 475 1237 1174 0 683 740 2052 1310 1713 
1326 2793 1491 728 1769 998 403 1033 1666 660 0 983 2461 1255 2120 
805 2357 1139 868 1347 1420 826 1560 1136 657 979 0 2013 1387 1675 
1456 485 1521 2171 917 2054 2347 2140 1070 2162 2677 2175 0 1609 1046 
769 1926 348 1129 889 559 1358 613 838 1400 1028 1473 1565 0 1226 
1353 778 1363 2070 771 1918 2250 2017 910 2065 2478 1950 461 1451 0 
0 1233 304 701 453 664 991 832 345 708 1135 688 951 507 611 
1196 0 1289 1764 978 1654 2040 1794 1106 1775 2060 1792 289 1463 1075 
326 1338 0 576 462 477 851 691 401 907 985 885 1056 203 704 
673 1739 757 0 925 401 280 633 855 337 677 748 1457 689 1152 
452 1112 515 1015 0 886 1280 1120 316 1044 1396 1005 821 658 453 
590 1664 552 430 864 0 705 282 803 762 592 1005 1382 328 1077 
994 2075 1003 288 1213 689 0 921 1150 425 397 808 1744 1012 1439 
688 1739 690 675 964 295 964 0 907 1020 722 1131 1457 466 1152 
417 1182 495 973 336 866 1241 1097 0 980 1396 965 899 647 531 
726 1779 905 303 1055 704 452 938 949 0 645 538 1497 1029 1192 
1280 2451 1256 615 1513 843 327 809 1455 595 0 887 2132 1068 1737 
696 1755 888 717 1023 1166 757 1329 917 538 934 0 1473 1106 1168 
917 312 1003 1483 685 1367 1749 1507 779 1494 1776 1511 0 1183 765 
596 1542 274 762 694 372 1053 488 671 1102 779 1131 1260 0 955 
924 680 1005 1487 697 1396 1753 1536 791 1498 1825 1515 368 1183 0 
0 1172 239 650 442 552 964 676 344 697 933 677 889 442 580 
1133 0 1216 1618 917 1547 1891 1694 1017 1712 1940 1692 272 1370 999 
254 1266 0 471 456 410 746 534 402 766 788 791 994 203 664 
665 1643 658 0 858 401 280 633 804 300 625 750 1371 670 1066 
460 988 467 879 0 818 1160 946 312 1005 1256 977 721 658 421 
562 1599 502 401 826 0 676 282 772 696 537 965 1327 318 1022 
936 1924 942 278 1141 679 0 908 1114 425 345 776 1647 874 1342 
681 1709 643 637 948 286 882 0 893 937 672 1087 1437 459 1132 
413 1102 431 843 358 782 1118 908 0 949 1163 954 825 616 516 
735 1759 859 296 1047 697 425 938 949 0 613 565 1487 954 1182 
954 2002 867 610 1214 507 332 712 1173 600 0 898 1710 683 1405 
694 1719 818 720 1013 1057 753 1180 907 548 888 0 1447 1022 1142 
875 272 925 1341 633 1264 1610 1411 726 1435 1656 1415 0 1092 727 
484 1470 234 701 686 354 964 488 632 995 708 1024 1198 0 887 
898 581 967 1355 656 1291 1624 1438 749 1449 1683 1429 309 1110 0 
