23
10
5400
0
1082
1388
1388
1366
1295
1282
1158
1423
1441
1067
1063
1117
1247
1196
1043
1023
1464
1076
1074
919
1296
1455
0 1036 802 783 434 1155 781 1384 1265 1255 909 751 1067 1047 827 758 679 1304 1051 1271 415 1228 1113 
999 0 1284 489 856 1671 1263 1856 1765 1739 1395 1254 1565 1530 1330 1261 775 1832 1549 1739 1087 1709 147 
841 1493 0 1167 782 871 254 727 975 779 626 58 771 750 51 112 1024 1041 309 691 985 496 1570 
759 489 1055 0 620 1399 1029 1622 1493 1503 1159 1027 1293 1294 1103 1034 539 1533 1320 1509 801 1479 566 
474 858 715 608 0 1063 694 1268 1161 1175 822 690 970 958 766 697 412 1203 980 1170 516 1125 941 
1104 1740 819 1408 1042 0 798 1412 227 1282 985 863 382 1099 870 926 1265 312 1090 1299 1219 1251 1824 
810 1371 254 1094 740 811 0 636 917 538 461 298 711 585 305 361 949 954 490 550 948 508 1448 
1447 2106 729 1758 1417 1505 827 0 1599 967 932 741 1399 1052 689 717 1626 1639 523 733 1593 363 2154 
1204 1835 918 1515 1134 216 896 1500 0 1375 1077 962 598 1212 969 1025 1343 85 1190 1387 1310 1351 1912 
1309 1994 868 1620 1279 1323 755 988 1417 0 614 915 1140 399 856 941 1488 1457 866 486 1455 860 2042 
898 1493 611 1190 828 1001 431 894 1052 589 0 655 650 396 662 718 1038 1137 839 808 1019 766 1570 
783 1358 58 1051 724 915 298 736 1024 823 670 0 815 794 84 63 936 1067 318 740 900 505 1435 
1080 1717 805 1390 1042 392 784 1361 598 1114 649 849 0 875 856 919 1243 683 1076 1248 1219 1218 1794 
1085 1717 798 1396 1017 1155 618 1113 1254 372 385 842 875 0 849 905 1243 1277 1028 671 1219 957 1794 
859 1493 51 1176 800 925 305 688 1024 830 677 84 822 801 0 69 1038 1067 270 656 985 457 1570 
792 1361 117 1060 733 1001 359 711 1087 884 731 61 876 855 71 0 942 1145 293 727 914 480 1438 
712 827 1055 577 412 1407 1029 1622 1501 1508 1165 1000 1301 1300 1076 1007 0 1541 1298 1509 859 1479 910 
1250 1968 997 1561 1205 301 969 1573 85 1448 1132 1041 683 1267 1048 1104 1414 0 1262 1460 1381 1423 2016 
1176 1817 397 1487 1120 1221 527 418 1300 817 837 409 1105 964 357 385 1329 1331 0 584 1296 187 1894 
1692 2350 1049 2003 1662 1740 1029 1145 1839 632 1170 1098 1634 845 1014 1083 1888 1877 1021 0 1848 932 2398 
416 1159 997 872 523 1369 976 1565 1463 1455 1130 974 1263 1267 1048 981 768 1503 1262 1452 0 1422 1236 
1243 1950 462 1554 1188 1295 552 374 1389 837 797 474 1164 949 422 450 1397 1429 256 604 1364 0 2014 
1073 147 1372 566 936 1721 1351 1939 1817 1832 1483 1340 1615 1618 1416 1347 852 1877 1637 1827 1124 1797 0 
0 1630 873 1064 599 1268 888 1568 1429 1531 1166 815 1148 1310 896 822 862 1452 1131 1551 542 1318 1662 
1219 0 1562 541 1094 1797 1584 2282 1977 2195 1724 1527 1690 1902 1591 1550 984 2062 1848 2191 1161 2035 164 
944 1880 0 1344 863 928 340 745 1116 963 850 58 830 997 51 112 1165 1145 320 762 1019 509 1958 
985 582 1321 0 830 1577 1344 2066 1737 1933 1484 1286 1470 1628 1350 1309 744 1760 1617 1947 948 1806 673 
612 1414 728 939 0 1077 743 1419 1266 1378 1018 670 970 1195 751 677 536 1318 982 1416 552 1169 1446 
1253 2047 910 1623 1187 0 896 1653 228 1558 1053 952 382 1310 965 1024 1410 313 1252 1578 1320 1403 2118 
932 1880 334 1325 835 831 0 786 988 681 685 378 739 831 385 441 1083 1041 567 691 985 645 1958 
1665 2460 758 2045 1558 1692 1074 0 1854 1139 1178 764 1585 1352 708 739 1830 1877 530 792 1716 367 2531 
1384 2164 1167 1755 1285 240 1106 1815 0 1680 1215 1198 622 1420 1220 1274 1542 85 1490 1700 1443 1629 2235 
1579 2373 1106 1939 1463 1493 899 1216 1653 0 775 1137 1348 448 1138 1168 1720 1676 1120 546 1621 1062 2444 
1264 2047 953 1623 1187 1173 737 1240 1344 854 0 978 785 543 1006 1054 1410 1367 1264 1149 1320 1130 2118 
876 1796 58 1279 805 1019 384 751 1190 1022 894 0 874 1064 84 63 1083 1213 326 803 956 515 1842 
1264 2047 917 1636 1187 395 902 1653 602 1489 781 957 0 1118 970 1029 1423 687 1257 1578 1320 1403 2118 
1687 2478 1398 2045 1571 1639 1142 1493 1777 545 626 1429 1249 0 1451 1505 1830 1832 1496 868 1729 1379 2549 
983 1880 56 1446 889 1019 396 695 1190 1041 919 84 886 1071 0 83 1165 1213 270 728 1019 459 1958 
885 1880 119 1325 814 1059 445 718 1240 1106 975 61 942 1118 76 0 1083 1266 293 781 956 482 1958 
1047 1245 1290 830 561 1577 1333 2039 1737 1913 1482 1255 1470 1626 1319 1278 0 1760 1586 1932 1019 1773 1259 
1413 2182 1206 1790 1320 325 1148 1869 85 1722 1246 1237 707 1471 1259 1313 1577 0 1529 1742 1478 1668 2253 
1330 2070 422 1683 1213 1268 602 425 1429 974 1030 428 1173 1213 372 403 1470 1452 0 608 1371 189 2141 
1909 2772 943 2350 1792 1799 1095 1018 1983 658 1178 993 1692 908 915 976 2044 2068 915 0 2021 855 2865 
568 1712 1120 1252 647 1427 1166 1857 1587 1740 1327 1075 1320 1471 1149 1098 918 1610 1416 1760 0 1603 1744 
1384 2164 487 1755 1285 1341 677 395 1501 991 1018 493 1231 1195 437 468 1542 1524 259 640 1443 0 2235 
1268 224 1649 692 1142 1909 1671 2392 2102 2256 1813 1614 1777 1979 1678 1637 1063 2155 1958 2332 1223 2145 0 
0 1359 1018 1038 594 1335 956 1648 1501 1528 1066 993 1206 1243 1073 1001 918 1586 1397 1451 592 1464 1460 
1235 0 1566 695 1088 1904 1483 2122 2025 2099 1575 1559 1766 1752 1621 1567 988 2110 1912 1979 1195 1972 265 
988 1651 0 1383 955 1006 357 917 1206 983 760 61 873 908 57 116 1257 1291 449 830 1105 562 1752 
928 662 1295 0 779 1546 1212 1847 1712 1746 1284 1307 1439 1461 1350 1315 700 1797 1673 1678 985 1691 773 
592 1162 865 790 0 1135 799 1509 1285 1361 940 926 993 1076 922 880 611 1370 1182 1312 620 1256 1263 
1336 1911 1127 1629 1251 0 1038 1743 255 1645 1172 1184 648 1360 1182 1243 1522 340 1505 1546 1398 1559 1984 
928 1558 430 1290 868 887 0 791 1136 708 630 479 790 771 448 519 1147 1221 689 641 1027 654 1659 
1878 2455 980 2143 1758 1821 1115 0 1958 1284 1164 1020 1701 1341 943 957 2099 2043 700 964 1919 463 2528 
1568 2216 1322 1870 1500 271 1239 1910 0 1856 1381 1379 886 1558 1377 1438 1771 85 1700 1747 1647 1760 2289 
1623 2240 1156 1922 1529 1582 980 1311 1748 0 823 1213 1380 625 1163 1250 1800 1843 1176 671 1676 1127 2313 
1104 1662 830 1394 1023 1135 664 1174 1279 806 0 879 758 528 883 952 1287 1364 1114 964 1129 986 1763 
1053 1651 64 1383 983 1046 406 966 1220 1056 809 0 942 958 93 66 1276 1305 485 866 1129 598 1752 
1222 1791 1014 1523 1166 486 921 1629 718 1338 729 1071 0 996 1066 1130 1416 803 1338 1432 1288 1412 1894 
1336 1911 1063 1629 1251 1376 921 1421 1542 570 648 1120 1140 0 1118 1179 1522 1627 1368 1038 1398 1237 1984 
1117 1688 84 1420 1037 1062 440 860 1268 1084 843 96 970 996 0 92 1313 1353 392 788 1175 520 1789 
1124 1666 132 1398 1030 1135 488 966 1296 1134 891 112 1030 1064 99 0 1291 1381 433 872 1162 601 1767 
928 1100 1295 653 532 1546 1212 1847 1712 1746 1284 1307 1439 1461 1350 1315 0 1797 1673 1678 956 1691 1178 
1648 2286 1354 1962 1580 367 1271 1933 96 1886 1413 1411 942 1590 1409 1470 1914 0 1732 1779 1727 1792 2359 
1425 2035 553 1709 1331 1420 676 529 1586 1123 1034 545 1313 1213 503 536 1602 1671 0 768 1478 189 2108 
1791 2455 1124 2143 1697 1767 1063 1206 1931 767 1145 1188 1660 1194 1090 1177 2023 2016 1097 0 1848 1040 2528 
525 1392 1172 1062 620 1453 1101 1774 1619 1645 1183 1212 1346 1360 1227 1220 932 1704 1550 1577 0 1590 1493 
1536 2147 631 1834 1442 1502 754 477 1668 1101 993 623 1395 1153 581 614 1713 1753 344 774 1589 0 2220 
1280 208 1634 742 1135 1944 1551 2175 2077 2155 1643 1627 1842 1852 1689 1635 1042 2162 1968 2050 1240 2043 0 
0 1326 1024 1061 616 1304 952 1601 1459 1534 1095 997 1221 1187 1074 995 926 1528 1393 1440 690 1477 1424 
1286 0 1595 754 1137 1902 1520 2195 2090 2174 1688 1623 1842 1808 1669 1637 1069 2133 1965 2060 1257 2056 319 
997 1589 0 1324 925 1005 379 930 1125 981 679 86 850 834 57 123 1161 1201 437 917 1087 627 1687 
974 736 1262 0 776 1526 1187 1863 1681 1782 1334 1258 1433 1451 1319 1256 705 1750 1612 1697 1019 1734 740 
598 1114 827 748 0 1126 810 1399 1256 1340 832 814 991 1002 863 811 530 1319 1145 1236 639 1275 1151 
1186 1897 964 1584 1148 0 907 1559 319 1465 1022 963 402 1158 1017 1030 1333 404 1245 1398 1287 1431 1975 
892 1474 346 1209 795 845 0 716 1038 680 556 388 744 711 401 455 1085 1147 655 599 1019 615 1572 
1710 2302 924 2013 1604 1673 1096 0 1830 1235 1122 950 1580 1239 866 951 1830 1888 648 864 1767 435 2371 
1371 2022 1114 1765 1295 241 1025 1725 0 1620 1209 1142 643 1326 1188 1209 1514 85 1464 1564 1458 1601 2091 
1820 2406 1381 2118 1707 1776 1203 1520 1937 0 966 1409 1483 774 1434 1476 1949 1989 1420 917 1885 1396 2475 
1079 1687 796 1422 984 1075 660 1014 1239 747 0 838 662 439 851 905 1186 1305 998 875 1129 891 1785 
1048 1687 64 1422 972 1005 427 967 1179 1082 727 0 898 882 93 67 1186 1265 471 960 1129 661 1785 
1227 1918 987 1618 1148 508 935 1514 750 1340 669 1015 0 970 1061 1082 1367 835 1305 1353 1311 1390 1987 
1294 2010 1043 1676 1206 1336 898 1243 1491 564 438 1071 982 0 1117 1138 1425 1560 1235 975 1369 1138 2057 
1079 1687 75 1422 984 1045 452 908 1198 1082 752 89 942 914 0 100 1204 1265 386 855 1140 576 1785 
1099 1687 139 1422 984 1126 516 930 1250 1153 816 99 987 976 116 0 1204 1319 437 960 1129 627 1785 
939 969 1262 707 576 1526 1187 1863 1681 1782 1334 1278 1433 1451 1336 1276 0 1750 1612 1697 1019 1734 1067 
1474 2111 1206 1886 1400 346 1131 1838 105 1726 1341 1234 748 1497 1280 1301 1619 0 1556 1670 1563 1707 2180 
1343 2010 535 1697 1227 1304 646 520 1459 1096 985 549 1221 1126 471 560 1446 1528 0 694 1390 190 2079 
1695 2288 1105 2013 1589 1658 1087 1086 1818 801 1109 1136 1565 1194 1047 1132 1812 1888 1022 0 1752 955 2357 
774 1541 1342 1276 791 1641 1267 1959 1796 1899 1435 1370 1548 1552 1416 1404 1098 1888 1692 1798 0 1862 1639 
1410 2022 610 1768 1298 1386 721 509 1541 1113 943 624 1293 1126 546 635 1517 1610 328 718 1461 0 2091 
1273 306 1595 745 1137 1902 1520 2195 2090 2174 1688 1623 1842 1808 1669 1637 1031 2133 1965 2060 1244 2056 0 
0 1239 929 942 515 1253 863 1467 1421 1444 1000 951 1160 1164 996 963 773 1506 1233 1372 492 1356 1297 
1186 0 1493 646 1042 1782 1420 2025 1981 2009 1544 1487 1694 1693 1541 1494 966 2066 1780 1922 1178 1904 206 
1022 1670 0 1328 930 1001 430 838 1204 1099 775 58 942 874 57 120 1174 1244 382 875 1124 576 1728 
864 663 1189 0 693 1470 1088 1695 1637 1662 1221 1194 1382 1370 1248 1201 646 1722 1449 1600 835 1584 775 
596 984 758 737 0 1070 699 1303 1253 1309 855 786 987 958 815 811 441 1283 1042 1216 510 1192 1047 
1134 1817 887 1468 1120 0 828 1440 290 1415 1003 915 382 1164 968 978 1311 375 1186 1345 1240 1329 1870 
849 1498 330 1156 772 837 0 713 1018 707 564 358 752 675 387 421 1038 1041 579 592 956 563 1556 
1696 2403 908 2104 1592 1690 1078 0 1864 1218 1095 915 1594 1244 853 852 1842 1949 564 891 1772 399 2487 
1320 1993 1110 1650 1245 228 1011 1625 0 1585 1181 1120 610 1330 1172 1183 1493 85 1370 1530 1425 1514 2077 
1485 2140 1089 1786 1381 1447 886 1151 1614 0 814 1099 1340 500 1126 1162 1629 1699 1031 665 1561 1031 2224 
963 1549 681 1207 864 1001 524 976 1204 862 0 709 707 440 738 772 1101 1244 946 859 1087 830 1607 
1049 1670 69 1328 935 1047 481 879 1252 1153 826 0 970 949 98 63 1200 1283 423 916 1124 617 1728 
1134 1817 888 1468 1120 405 829 1440 674 1320 675 916 0 958 968 979 1311 759 1186 1345 1240 1329 1870 
1215 1878 929 1509 1120 1225 765 1221 1394 562 496 951 982 0 996 1014 1352 1479 1168 916 1284 1104 1962 
1086 1670 57 1328 965 1055 464 781 1252 1153 828 85 970 949 0 87 1228 1283 325 830 1149 519 1728 
1014 1554 139 1212 871 1120 551 856 1307 1188 896 70 1070 1015 150 0 1101 1378 400 927 1087 594 1612 
805 946 1216 688 462 1513 1116 1729 1680 1690 1255 1221 1425 1404 1275 1228 0 1765 1476 1634 879 1618 1006 
1333 2070 1128 1694 1300 313 1026 1640 85 1600 1202 1138 695 1351 1190 1201 1530 0 1388 1545 1480 1529 2154 
1384 2070 545 1688 1283 1371 702 456 1538 1022 966 555 1283 1090 494 493 1531 1623 0 683 1463 194 2154 
1667 2314 1116 2041 1563 1659 1081 1096 1829 774 1066 1155 1570 1108 1063 1154 1812 1914 968 0 1743 952 2398 
558 1308 1189 1000 602 1470 1088 1683 1637 1658 1209 1194 1382 1358 1248 1201 860 1722 1449 1588 0 1572 1366 
1460 2108 613 1761 1356 1418 775 420 1585 1077 958 623 1330 1080 562 561 1604 1670 273 724 1536 0 2192 
1278 220 1589 772 1129 1915 1516 2124 2103 2106 1640 1583 1790 1789 1637 1590 1046 2140 1872 2040 1270 1999 0 
0 1223 1007 945 550 1261 896 1688 1434 1510 1099 950 1155 1221 1038 957 849 1518 1317 1497 573 1446 1295 
1243 0 1567 620 1061 1800 1478 2165 2009 2031 1604 1555 1688 1726 1618 1562 967 2045 1866 2043 1207 2000 199 
1043 1612 0 1328 899 1050 382 866 1185 1083 843 66 1067 958 75 139 1191 1228 418 863 1106 598 1684 
944 787 1280 0 711 1487 1181 1903 1660 1748 1327 1241 1375 1449 1304 1248 653 1743 1608 1735 914 1737 763 
621 1070 844 723 0 1133 778 1563 1264 1377 978 860 1067 1097 912 868 475 1282 1195 1372 589 1324 1142 
1212 1727 922 1443 1139 0 847 1649 274 1471 1099 957 512 1221 982 1020 1355 408 1276 1458 1304 1405 1799 
985 1473 362 1189 787 858 0 789 1040 714 643 406 864 713 431 485 1104 1125 631 660 1019 674 1545 
1781 2344 858 2051 1661 1734 1056 0 1918 1343 1209 869 1622 1331 817 850 1955 2025 598 938 1885 414 2424 
1385 2002 1146 1655 1304 292 1073 1820 0 1640 1261 1163 804 1383 1201 1226 1567 134 1444 1627 1495 1573 2082 
1541 2107 1132 1772 1421 1489 896 1238 1662 0 827 1149 1377 538 1149 1212 1684 1745 1093 582 1612 1105 2187 
1100 1612 737 1328 906 1050 619 1073 1185 810 0 781 740 431 806 860 1191 1228 1027 927 1106 954 1684 
1008 1520 58 1236 866 1068 425 908 1234 1114 886 0 1067 958 105 79 1172 1268 448 916 1106 635 1592 
1223 1739 974 1455 1139 452 861 1649 689 1371 748 970 0 958 1008 1033 1367 823 1276 1458 1304 1405 1810 
1280 1774 974 1490 1139 1232 826 1329 1405 593 493 991 1149 0 1029 1054 1402 1486 1238 994 1330 1196 1841 
1108 1612 88 1328 956 1133 447 822 1270 1121 944 109 1067 1031 0 120 1244 1288 367 825 1178 554 1684 
1008 1520 125 1236 866 1140 492 871 1308 1155 949 67 1067 1055 114 0 1172 1326 416 874 1106 603 1592 
944 971 1319 648 533 1531 1218 1949 1704 1785 1356 1320 1419 1478 1374 1320 0 1787 1617 1772 948 1746 1058 
1448 2016 1233 1696 1345 420 1144 1878 128 1711 1327 1250 973 1449 1288 1313 1608 0 1531 1698 1536 1660 2096 
1420 2002 476 1642 1291 1386 624 460 1559 1065 997 487 1274 1136 435 468 1554 1642 0 673 1482 192 2082 
1764 2326 1116 2051 1644 1717 1139 1130 1895 760 1178 1151 1605 1143 1075 1148 1955 2002 1027 0 1848 1013 2406 
610 1308 1280 1016 624 1487 1181 1903 1660 1748 1327 1241 1375 1449 1304 1248 928 1743 1608 1735 0 1737 1380 
1470 2020 536 1701 1350 1417 684 423 1590 1165 1067 547 1305 1187 495 528 1613 1673 276 777 1541 0 2100 
1297 343 1644 739 1108 1917 1555 2212 2102 2110 1681 1632 1765 1808 1695 1639 1044 2155 1965 2112 1261 2082 0 
0 1322 1019 1037 539 1257 937 1678 1431 1638 1098 1036 1212 1224 1069 1086 847 1445 1278 1565 509 1410 1399 
1276 0 1542 661 1074 1811 1493 2206 2002 2094 1644 1551 1760 1770 1592 1560 949 2100 1794 2125 1218 1956 187 
1110 1697 0 1401 962 1005 428 873 1202 1177 788 61 942 921 82 124 1292 1243 423 926 1150 589 1774 
977 580 1273 0 774 1529 1224 1944 1703 1881 1345 1290 1481 1471 1323 1306 664 1717 1525 1863 914 1657 681 
609 1186 798 885 0 1124 764 1491 1293 1465 940 839 1014 1058 879 921 500 1307 1091 1410 562 1223 1263 
1241 1897 916 1565 1160 0 876 1606 301 1588 1098 957 462 1224 970 1022 1456 417 1206 1515 1350 1338 1948 
937 1584 383 1288 828 864 0 843 1035 726 620 424 771 742 464 498 1194 1049 611 666 1034 712 1661 
1727 2388 865 2142 1692 1674 1049 0 1865 1292 1178 904 1626 1304 823 902 1995 1901 606 875 1885 405 2425 
1409 2022 1128 1748 1343 269 1083 1780 0 1780 1266 1145 731 1392 1178 1210 1639 116 1380 1707 1533 1512 2059 
1594 2227 1148 1982 1559 1539 1036 1386 1713 0 861 1165 1408 618 1198 1230 1865 1727 1309 622 1749 1220 2264 
1110 1701 766 1405 981 1059 650 1145 1270 878 0 807 771 475 847 881 1296 1284 1053 960 1189 983 1778 
1134 1725 73 1429 1017 1051 481 888 1270 1224 841 0 970 977 97 74 1320 1284 438 960 1218 604 1810 
1283 1989 1019 1620 1215 408 937 1646 676 1554 850 1036 0 1086 1069 1101 1511 792 1246 1565 1405 1378 2026 
1283 1897 1019 1585 1180 1250 841 1348 1425 552 470 1036 1075 0 1069 1101 1476 1439 1245 960 1370 1182 1948 
1163 1764 83 1468 1049 1074 504 810 1270 1257 865 98 987 1003 0 99 1359 1284 384 851 1261 526 1841 
1158 1725 163 1429 1017 1156 571 840 1342 1309 940 90 1091 1058 150 0 1320 1356 390 895 1218 556 1810 
868 943 1273 661 483 1529 1224 1944 1703 1881 1345 1290 1481 1471 1323 1299 0 1717 1525 1863 914 1657 1036 
1453 2084 1167 1792 1387 354 1138 1836 85 1833 1314 1184 803 1440 1217 1249 1683 0 1419 1762 1577 1551 2121 
1374 1989 490 1680 1275 1294 651 471 1468 1088 996 526 1250 1140 448 527 1571 1482 0 670 1465 187 2026 
2178 2811 1486 2554 2159 2156 1445 1545 2307 821 1523 1497 2059 1216 1435 1496 2370 2370 1371 0 2321 1341 2856 
563 1392 1167 1116 606 1460 1119 1836 1634 1815 1266 1184 1412 1392 1217 1209 926 1648 1419 1743 0 1551 1469 
1473 2131 590 1858 1438 1414 751 460 1588 1130 995 626 1366 1140 548 627 1734 1602 331 715 1628 0 2168 
1344 189 1618 743 1141 1902 1569 2280 2079 2191 1720 1627 1842 1858 1668 1636 1059 2177 1865 2229 1286 2017 0 
0 1231 1010 951 587 1437 1172 1716 1578 1967 1499 956 1333 1677 1032 963 821 1607 1282 2002 533 1468 1308 
1597 0 1967 637 1400 2342 2099 2640 2477 2855 2311 1927 2245 2432 1996 1929 1278 2496 2211 2903 1545 2398 147 
1177 1637 0 1434 1017 1248 561 816 1390 1369 1106 58 1164 1220 57 117 1250 1419 361 1098 1226 601 1714 
1066 617 1558 0 980 1941 1679 2242 2084 2418 1874 1497 1842 2014 1573 1504 795 2103 1815 2515 1151 2000 694 
672 1024 885 817 0 1291 1037 1612 1432 1843 1307 842 1197 1482 917 849 453 1461 1178 1768 601 1364 1101 
1281 1835 1019 1628 1215 0 958 1662 227 1775 1178 1060 382 1353 1074 1120 1443 316 1266 1730 1402 1414 1912 
1126 1564 341 1361 956 1002 0 1009 1175 819 674 385 893 806 398 448 1173 1203 556 1045 1151 760 1641 
1949 2471 818 2255 1806 2022 1023 0 2159 1444 1525 844 1914 1630 769 820 2050 2178 606 1147 1988 423 2547 
1445 2069 1144 1837 1453 235 1143 1787 0 1942 1360 1185 617 1592 1199 1245 1632 89 1391 2002 1640 1539 2145 
1741 2334 1141 2110 1709 1835 1049 1440 2026 0 983 1182 1511 663 1153 1209 1938 2045 1127 568 1919 1174 2410 
1317 1817 891 1601 1188 1123 616 1413 1266 832 0 937 739 451 950 1000 1416 1294 1184 1216 1375 1209 1894 
1169 1564 58 1361 965 1291 590 825 1432 1415 1156 0 1197 1261 86 63 1191 1461 370 1147 1167 610 1641 
1317 1835 1019 1628 1215 511 958 1662 717 1395 717 1060 0 965 1074 1120 1443 806 1266 1743 1402 1414 1912 
1551 2167 1144 1954 1534 1382 853 1608 1523 523 483 1185 1075 0 1199 1245 1738 1552 1391 882 1721 1404 2243 
1179 1575 56 1372 977 1291 540 759 1432 1294 1156 87 1197 1261 0 75 1199 1461 304 1045 1167 544 1652 
1126 1564 125 1361 906 1382 633 787 1523 1422 1251 118 1278 1356 93 0 1150 1552 332 1098 1124 572 1641 
920 886 1378 713 556 1687 1523 2096 1829 2278 1765 1317 1583 1871 1393 1324 0 1877 1643 2369 1019 1829 948 
1449 2069 1183 1873 1453 320 1182 1830 85 1989 1402 1224 702 1667 1238 1284 1636 0 1430 2002 1640 1578 2145 
1555 2069 442 1873 1447 1437 661 455 1578 1238 1307 468 1333 1412 393 444 1675 1607 0 916 1634 240 2145 
2152 2752 1284 2541 2143 2227 1256 1433 2362 774 1574 1292 2040 1134 1214 1270 2354 2381 1188 0 2327 1183 2829 
578 1273 1277 1121 607 1555 1372 1955 1696 2194 1633 1216 1451 1786 1290 1221 858 1725 1525 2180 0 1711 1350 
1613 2069 488 1873 1447 1486 707 402 1627 1228 1325 514 1382 1452 439 490 1675 1656 276 916 1634 0 2145 
1776 190 2099 757 1579 2543 2263 2791 2678 2983 2478 2041 2446 2599 2125 2048 1450 2697 2359 2997 1724 2546 0 
0 1086 839 868 442 1215 887 1472 1320 1413 991 781 1117 1106 857 788 771 1370 1084 1400 427 1271 1163 
1189 0 1534 490 1080 1901 1505 2140 1952 2057 1627 1479 1747 1750 1563 1486 999 2037 1785 2046 1223 1970 147 
920 1436 0 1183 837 1001 288 727 1087 890 696 58 854 879 51 112 1105 1145 309 762 1019 496 1513 
817 521 1140 0 721 1472 1122 1718 1577 1662 1237 1085 1377 1360 1169 1092 651 1625 1391 1646 855 1578 598 
466 891 720 697 0 1055 738 1375 1161 1233 819 662 970 1005 738 669 478 1203 964 1317 504 1144 973 
1164 1680 873 1427 1120 0 877 1490 227 1371 1012 921 382 1138 930 984 1341 312 1125 1418 1278 1286 1757 
879 1409 276 1156 780 845 0 840 943 602 548 320 742 731 327 383 1050 985 490 748 956 547 1486 
1536 2055 735 1791 1464 1551 899 0 1656 1023 1003 747 1456 1138 695 723 1705 1704 529 827 1647 369 2132 
1260 1800 1021 1547 1220 216 969 1636 0 1581 1158 1054 598 1281 1072 1115 1461 85 1268 1564 1403 1429 1878 
1415 1936 921 1673 1346 1428 873 1073 1533 0 711 967 1320 447 880 950 1587 1581 890 486 1529 896 2013 
997 1459 658 1206 871 1001 501 1099 1096 678 0 702 658 459 709 765 1150 1145 915 1035 1087 943 1536 
860 1409 58 1156 779 1001 332 736 1097 939 740 0 898 949 84 63 1045 1145 318 811 956 505 1486 
1164 1667 870 1414 1120 392 874 1472 598 1268 691 915 0 944 930 978 1328 683 1125 1400 1278 1286 1744 
1204 1700 900 1447 1120 1243 743 1305 1348 427 448 947 900 0 951 1010 1361 1397 1148 735 1303 1200 1777 
947 1454 51 1201 855 1041 339 688 1122 915 747 84 942 949 0 69 1128 1145 270 727 1087 457 1531 
869 1409 117 1156 788 1062 393 711 1161 993 801 61 970 999 71 0 1056 1203 293 798 985 480 1486 
763 797 1140 603 464 1451 1091 1706 1556 1650 1225 1085 1356 1348 1169 1092 0 1604 1391 1634 841 1558 874 
1276 1817 1066 1557 1230 301 985 1646 85 1590 1165 1099 683 1288 1117 1160 1471 0 1313 1574 1413 1474 1894 
1229 1759 397 1506 1179 1243 545 418 1348 838 872 409 1145 1011 357 385 1420 1397 0 651 1362 187 1841 
1743 2306 1057 2141 1674 1743 1045 1147 1849 637 1210 1104 1648 936 1020 1089 1957 1897 1032 0 1885 943 2383 
430 1185 1049 986 549 1386 1017 1636 1491 1581 1158 994 1291 1281 1078 1001 878 1539 1300 1564 0 1487 1262 
1291 1817 462 1557 1230 1312 592 382 1417 861 838 474 1214 1005 422 450 1471 1465 256 674 1413 0 1894 
1273 147 1599 567 1174 1941 1570 2209 2032 2135 1692 1544 1842 1849 1628 1551 1041 2103 1852 2117 1307 2033 0 
0 1121 804 792 439 1152 783 1373 1265 1267 932 746 1067 1047 822 753 699 1304 1045 1277 415 1232 1191 
1018 0 1283 489 861 1658 1266 1848 1761 1740 1393 1253 1563 1511 1329 1260 778 1832 1551 1751 1087 1719 147 
841 1496 0 1156 788 910 254 727 1044 779 643 58 804 748 51 112 1036 1067 309 691 985 496 1566 
767 489 1055 0 625 1386 1033 1618 1489 1505 1158 1027 1291 1276 1103 1034 542 1529 1325 1522 803 1491 566 
480 871 690 619 0 1047 669 1243 1144 1173 816 656 942 949 732 663 434 1203 956 1159 516 1117 951 
1104 1723 819 1383 1042 0 798 1413 228 1282 985 863 382 1099 870 926 1265 313 1094 1317 1221 1257 1793 
803 1411 254 1094 737 848 0 626 962 538 476 298 744 581 305 361 988 985 490 550 948 516 1481 
1484 2073 729 1739 1412 1516 846 0 1619 993 985 741 1421 1099 689 717 1621 1659 523 752 1587 363 2146 
1204 1817 932 1471 1144 216 902 1529 0 1402 1082 975 598 1200 983 1035 1353 85 1198 1433 1319 1361 1886 
1309 1923 875 1571 1244 1357 762 988 1460 0 686 921 1262 399 866 941 1453 1500 876 486 1419 878 1996 
947 1541 652 1201 865 1041 467 921 1134 690 0 696 683 422 703 759 1101 1203 870 839 1087 805 1611 
783 1411 58 1094 730 1001 298 736 1087 823 687 0 848 792 84 63 959 1145 318 740 914 505 1481 
1104 1723 818 1383 1042 392 795 1344 599 1235 698 862 0 875 869 926 1265 684 1094 1248 1221 1220 1793 
1109 1723 830 1383 1053 1215 645 1091 1300 372 405 874 875 0 881 937 1265 1340 1042 671 1221 978 1793 
859 1496 51 1156 806 1001 305 688 1096 830 694 84 855 799 0 69 1038 1145 270 656 1019 457 1566 
792 1413 117 1094 739 1041 359 711 1132 884 748 61 942 853 71 0 988 1203 293 727 948 480 1483 
692 794 1032 542 418 1363 1007 1608 1466 1496 1157 974 1268 1275 1050 981 0 1506 1272 1512 798 1459 871 
1250 1850 997 1521 1194 301 969 1585 85 1458 1133 1041 683 1251 1048 1104 1403 0 1270 1489 1369 1433 1923 
1176 1787 397 1447 1120 1243 527 418 1347 821 860 409 1129 970 357 385 1329 1387 0 584 1295 187 1857 
1531 2119 870 1786 1459 1568 851 972 1671 632 1021 927 1473 845 835 908 1668 1711 845 0 1634 847 2192 
416 1240 998 885 532 1357 985 1579 1460 1474 1131 970 1262 1249 1046 977 792 1500 1268 1483 0 1434 1310 
1243 1850 462 1513 1186 1285 552 374 1388 848 830 474 1197 949 422 450 1395 1428 256 611 1361 0 1923 
1087 147 1352 566 936 1691 1335 1916 1794 1815 1462 1325 1596 1580 1401 1332 855 1843 1623 1823 1124 1788 0 
