51
5
10800
0
542
507
553
521
493
449
493
428
583
451
378
459
522
563
527
411
489
507
548
501
562
588
493
582
541
381
498
592
390
420
396
469
470
460
557
598
550
567
563
557
441
561
579
558
521
565
592
576
568
402
0 1609 842 2305 1393 742 1147 752 181 2396 1046 1193 833 1185 1840 1889 1925 1717 2202 301 2402 828 2477 2235 1330 1793 1142 2186 272 2224 2306 1346 1418 958 2447 1654 1080 1587 859 1036 2094 1383 1510 855 2238 515 1357 2262 2039 1846 1294 
1545 0 1011 1506 450 1067 637 1266 1404 1597 689 737 1066 481 1040 1070 1146 932 1403 1410 1603 968 1684 1424 1292 988 1123 1371 1424 1409 1516 513 1039 883 1675 832 573 389 1254 930 1272 926 698 998 1428 1412 479 1460 1241 1037 1013 
826 1045 0 1761 857 109 453 640 674 1853 344 649 446 625 1307 1314 1347 1185 1658 646 1860 137 1952 1679 943 1224 751 1647 681 1685 1771 810 1020 213 1943 1085 613 1023 634 619 1473 641 978 13 1683 672 821 1715 1477 1313 928 
2155 1405 1613 0 991 1667 1247 1859 1985 91 1299 1304 1654 1129 1138 1070 1213 985 309 2019 164 1571 391 364 1858 643 1731 200 2033 168 559 898 1616 1476 416 867 1183 1502 1847 1538 1339 1295 830 1600 538 2024 981 495 881 625 1564 
1379 447 841 1049 0 879 475 1078 1238 1140 527 533 878 357 610 644 732 488 930 1224 1093 799 1171 951 1076 560 963 965 1258 1003 1045 96 829 714 1162 421 411 659 1115 766 858 523 281 828 998 1246 51 989 798 616 787 
755 1148 109 1900 977 0 562 608 603 1991 453 697 480 728 1396 1448 1481 1274 1792 549 2006 185 2111 1825 998 1358 785 1736 584 1774 1905 897 1020 290 2081 1219 649 1126 662 604 1607 718 1067 122 1898 591 941 1855 1611 1402 918 
1106 677 463 1348 491 557 0 819 950 1439 117 383 619 259 940 946 1023 815 1245 971 1445 391 1526 1266 858 851 681 1243 983 1281 1358 444 775 349 1517 712 194 654 807 488 1194 381 608 450 1276 952 455 1302 1105 943 733 
754 1358 642 2057 1115 614 824 0 658 2148 725 936 421 934 1561 1605 1638 1439 1954 497 2154 580 2233 1987 623 1515 577 1901 532 1939 2062 1068 1063 743 2203 1376 802 1336 107 665 1764 1062 1232 655 1981 988 1079 2015 1768 1567 781 
181 1465 701 2196 1256 601 1005 656 0 2287 910 1064 737 1041 1702 1746 1779 1580 2093 235 2293 687 2368 2126 1272 1656 1044 2042 232 2080 2197 1209 1271 811 2338 1517 936 1443 763 888 1934 1240 1373 714 2128 362 1220 2153 1907 1708 1207 
2253 1498 1707 91 1084 1761 1341 1953 2081 0 1393 1398 1748 1223 1213 1147 1296 1060 388 2106 160 1665 320 448 1948 727 1827 279 2131 241 555 991 1710 1569 412 956 1277 1566 1951 1632 1422 1361 919 1694 622 2091 1074 579 978 702 1658 
1077 734 353 1450 548 462 119 731 921 1541 0 382 531 316 994 997 1129 872 1347 937 1547 296 1628 1368 895 933 718 1339 956 1377 1460 501 832 252 1619 769 303 711 719 525 1255 391 665 340 1372 885 512 1404 1186 1011 790 
1120 763 637 1450 526 626 381 825 963 1541 380 0 625 345 984 977 1068 850 1347 977 1547 530 1628 1368 844 886 687 1316 989 1354 1460 479 664 617 1619 747 285 740 813 494 1194 668 643 624 1372 960 490 1404 1136 980 598 
833 1098 448 1761 863 456 571 421 737 1853 472 676 0 654 1324 1314 1347 1202 1658 576 1860 349 1952 1679 646 1224 395 1650 611 1688 1771 816 868 490 1943 1085 549 1057 418 334 1473 809 995 435 1683 786 827 1715 1477 1330 641 
1255 450 701 1222 317 758 335 959 1102 1313 387 412 757 0 816 825 929 694 1119 1119 1319 659 1400 1140 958 741 819 1135 1134 1173 1232 323 708 581 1391 602 271 427 947 626 1039 613 487 688 1190 1090 281 1176 995 822 666 
1769 1007 1246 1157 592 1291 874 1478 1628 1248 937 936 1278 756 0 498 842 315 1054 1634 1251 1204 1329 1075 1476 677 1361 1049 1648 1087 1161 499 1231 1083 1320 516 810 1126 1466 1179 1034 891 407 1233 1114 1636 582 1115 931 742 1187 
1723 1001 1190 994 570 1245 823 1432 1582 1085 875 881 1232 705 506 0 686 353 890 1588 1081 1148 1159 925 1448 521 1333 893 1602 934 1005 477 1177 1060 1150 360 759 1057 1420 1145 812 850 528 1177 998 1590 560 955 759 709 1159 
1900 1162 1376 1222 739 1419 1010 1606 1756 1313 1062 1061 1406 874 926 850 0 763 1119 1762 1319 1334 1400 1140 1608 747 1477 1135 1776 1173 1232 646 1371 1242 1391 434 943 1230 1594 1284 470 1064 706 1363 1190 1764 729 1176 778 886 1319 
1614 861 1097 988 447 1136 729 1355 1473 1079 781 787 1155 611 297 327 671 0 875 1479 1081 1058 1159 896 1338 506 1229 878 1493 918 979 354 1091 940 1150 345 665 974 1343 1036 797 746 262 1084 983 1481 437 940 744 597 1041 
2037 1303 1501 308 875 1556 1135 1743 1883 388 1187 1193 1543 1018 1007 946 1129 852 0 1911 429 1459 537 248 1742 527 1619 117 1920 147 461 782 1505 1367 528 751 1071 1377 1731 1426 1255 1169 714 1488 412 1902 865 369 765 515 1453 
301 1403 640 2119 1184 540 947 495 235 2210 844 1003 576 979 1630 1674 1707 1508 2016 0 2216 626 2291 2049 1079 1584 881 1979 36 2017 2120 1137 1209 761 2261 1445 872 1381 602 820 1846 1188 1301 653 2090 584 1148 2076 1829 1636 1140 
2209 1457 1666 164 1043 1720 1300 1910 2059 160 1352 1357 1707 1182 1171 1107 1239 1018 435 2063 0 1624 227 414 1910 693 1784 326 2087 313 395 950 1669 1528 252 921 1236 1525 1909 1591 1365 1329 880 1653 575 2069 1033 532 944 751 1617 
819 1014 137 1728 823 185 399 550 667 1821 300 529 350 591 1276 1291 1309 1154 1625 679 1831 0 1908 1646 841 1191 655 1616 697 1654 1738 776 895 318 1900 1085 493 1001 538 531 1435 637 947 139 1650 665 787 1682 1444 1282 832 
2299 1552 1761 392 1138 1818 1395 2018 2133 320 1447 1452 1845 1277 1260 1194 1329 1107 523 2158 228 1719 0 490 2001 769 1881 472 2177 487 351 1045 1764 1623 192 1007 1331 1620 2015 1686 1455 1415 960 1748 651 2143 1128 608 1021 887 1712 
1773 1045 1246 531 627 1295 880 1482 1632 609 937 945 1282 762 757 691 829 604 427 1638 605 1204 683 0 1508 279 1373 330 1652 368 548 534 1234 1126 674 503 816 1126 1470 1180 1034 908 466 1233 424 1640 617 466 517 397 1219 
1390 1298 1009 2057 1115 948 870 623 1288 2148 1000 841 649 879 1561 1605 1638 1439 1954 1127 2154 900 2233 1987 0 1515 295 1901 1162 1939 2062 1068 617 1053 2203 1376 774 1276 530 371 1764 1174 1232 998 1981 1300 1079 2015 1768 1567 354 
1769 1045 1235 625 606 1291 859 1478 1628 716 913 935 1278 741 736 670 808 583 522 1634 683 1189 761 543 1469 0 1352 525 1648 563 626 513 1226 1097 752 451 795 1090 1466 1159 946 886 445 1222 558 1636 596 582 238 324 1180 
1153 1138 753 1888 946 761 705 577 1051 1979 777 725 395 714 1396 1438 1471 1274 1782 881 1992 654 2107 1825 292 1348 0 1736 924 1774 1905 899 653 795 2077 1209 609 1126 484 206 1597 1033 1067 740 1883 1099 910 1840 1601 1402 329 
2085 1316 1533 201 898 1587 1167 1774 1908 279 1219 1224 1574 1049 1040 965 1129 875 115 1942 322 1491 475 343 1773 550 1651 0 1963 38 556 805 1536 1398 466 774 1103 1384 1762 1458 1255 1193 737 1520 507 1959 888 464 788 425 1484 
272 1457 675 2165 1231 575 986 530 232 2256 879 1064 611 1033 1677 1721 1754 1555 2062 36 2262 661 2337 2095 1109 1631 916 2035 0 2073 2166 1184 1226 796 2307 1492 907 1435 637 855 1934 1219 1348 688 2090 576 1195 2122 1875 1683 1167 
2097 1351 1556 168 937 1610 1190 1797 1941 241 1242 1247 1597 1072 1067 1013 1146 932 147 1966 312 1514 490 358 1796 588 1674 38 1975 0 571 843 1559 1422 481 812 1126 1430 1785 1481 1272 1248 775 1543 522 1960 927 479 826 463 1507 
2209 1457 1666 491 1043 1720 1300 1910 2059 556 1352 1357 1707 1182 1171 1104 1239 1018 444 2063 396 1624 351 411 1910 690 1784 526 2087 541 0 950 1669 1528 292 921 1236 1525 1909 1591 1365 1329 877 1653 537 2069 1033 494 944 808 1617 
1318 507 795 994 93 833 429 1037 1178 1085 481 487 832 311 514 608 696 392 888 1177 1081 753 1159 925 1036 519 918 866 1197 907 1005 0 783 638 1150 385 365 655 1027 720 822 427 185 782 998 1188 83 955 757 520 741 
1430 1037 1009 1697 800 946 794 1050 1289 1788 846 658 945 619 1248 1256 1298 1126 1594 1294 1794 896 1876 1615 610 1160 647 1586 1309 1624 1707 753 0 1043 1890 1085 730 1014 957 656 1424 1072 919 998 1619 1297 764 1651 1413 1260 480 
916 972 187 1601 704 296 383 698 744 1692 284 646 498 545 1156 1167 1239 1025 1498 762 1698 299 1779 1519 1020 1064 803 1490 797 1528 1611 646 1091 0 1770 930 536 943 686 682 1365 467 810 174 1523 680 668 1555 1317 1158 984 
2279 1538 1747 417 1124 1801 1381 1996 2113 413 1433 1438 1788 1263 1260 1194 1329 1107 517 2148 253 1705 192 484 1989 763 1865 466 2157 481 292 1031 1750 1609 0 1007 1317 1606 2015 1672 1455 1401 953 1734 645 2123 1114 602 1018 881 1698 
1526 796 1011 862 382 1045 635 1244 1385 953 687 693 1044 517 559 493 457 406 759 1391 921 968 999 780 1239 390 1122 762 1405 800 863 289 1020 870 990 0 571 862 1232 930 583 662 331 998 795 1393 372 819 594 511 956 
1077 669 557 1208 365 583 191 782 921 1299 243 346 582 257 811 809 897 689 1105 937 1305 515 1386 1126 821 725 644 1104 956 1142 1218 318 737 437 1377 586 0 652 770 451 1034 408 482 544 1190 917 329 1167 978 817 695 
1531 391 999 1525 567 1053 628 1266 1390 1616 680 728 1066 472 1067 1080 1167 944 1422 1396 1622 957 1703 1443 1282 988 1115 1414 1410 1452 1535 573 1029 874 1694 855 564 0 1254 930 1293 908 737 986 1447 1398 531 1479 1241 1126 984 
861 1370 694 2105 1164 666 862 107 765 2196 763 992 473 946 1610 1654 1687 1488 2002 604 2202 632 2277 2035 537 1564 491 1956 639 1994 2106 1117 995 781 2247 1425 840 1348 0 635 1815 1101 1281 707 2090 1059 1128 2067 1816 1616 695 
1063 929 636 1638 740 577 499 667 913 1729 608 539 336 508 1189 1194 1298 1067 1535 822 1735 529 1817 1556 378 1101 201 1527 857 1565 1648 693 621 678 1812 982 403 929 616 0 1424 796 857 623 1560 917 704 1592 1354 1199 307 
2037 1302 1501 1450 872 1556 1135 1743 1883 1541 1187 1193 1543 1018 1067 989 434 896 1347 1911 1547 1459 1628 1368 1742 880 1619 1339 1920 1377 1460 779 1505 1356 1619 567 1071 1377 1731 1426 0 1169 839 1488 1372 1902 862 1404 911 1032 1453 
1375 937 631 1304 520 740 383 1072 1199 1395 390 670 870 545 926 897 987 800 1201 1216 1401 635 1482 1222 1179 813 1012 1186 1251 1224 1314 427 1091 446 1473 674 491 943 1115 800 1134 0 593 618 1228 1132 508 1258 1081 931 1028 
1452 697 932 905 283 974 565 1176 1311 996 617 623 971 447 393 511 738 271 801 1315 974 889 1052 822 1174 432 1055 779 1331 817 942 190 957 774 1043 323 501 791 1164 856 864 582 0 919 837 1319 273 861 670 433 877 
839 1037 13 1741 844 122 440 633 687 1832 331 637 433 612 1296 1300 1333 1174 1638 659 1839 132 1920 1659 924 1204 738 1630 694 1668 1751 797 1020 200 1922 1085 601 1014 621 615 1459 628 967 0 1663 668 808 1695 1457 1302 918 
2183 1415 1641 518 1001 1695 1275 1894 2031 609 1327 1332 1682 1157 1138 1070 1213 985 415 2046 572 1599 650 436 1898 650 1759 509 2061 524 533 908 1644 1503 641 874 1211 1502 1909 1566 1339 1295 837 1628 0 2040 991 42 888 700 1592 
508 1457 625 2165 1231 574 968 917 360 2256 863 1064 740 1033 1677 1721 1754 1555 2062 582 2262 663 2337 2095 1247 1631 1066 2035 574 2073 2166 1184 1231 686 2307 1492 927 1435 939 864 1934 1114 1348 638 2090 0 1195 2122 1875 1683 1167 
1330 476 805 1000 51 843 439 1043 1190 1091 491 497 842 321 596 608 696 474 893 1190 1081 763 1159 925 1040 524 927 896 1209 934 1005 82 793 678 1150 385 375 623 1051 730 822 509 267 792 998 1209 0 955 762 602 751 
2183 1446 1643 476 1032 1697 1277 1894 2031 567 1329 1334 1684 1159 1161 1089 1239 1011 373 2046 530 1601 608 394 1898 673 1761 467 2061 482 491 939 1646 1505 599 897 1213 1502 1909 1568 1365 1307 860 1630 45 2045 1022 0 925 745 1594 
2020 1279 1501 869 850 1535 1135 1722 1875 964 1187 1172 1522 997 984 946 773 827 766 1889 927 1459 1008 787 1721 244 1606 769 1895 807 870 757 1484 1344 1000 587 1067 1338 1710 1424 915 1169 689 1488 802 1883 840 826 0 568 1432 
1840 1058 1296 611 636 1354 946 1541 1691 689 979 992 1341 800 746 769 929 624 507 1697 732 1254 885 724 1527 329 1404 410 1711 448 807 543 1290 1127 876 493 854 1154 1529 1211 1034 937 417 1283 683 1699 626 725 567 0 1238 
1379 1050 941 1716 813 881 803 781 1238 1808 853 657 640 632 1260 1291 1298 1138 1613 1131 1821 833 1899 1634 354 1179 332 1601 1166 1639 1726 766 460 982 1890 1085 707 1028 688 312 1424 1114 930 928 1638 1246 777 1670 1432 1267 0 
0 2080 1015 2752 1733 897 1440 1052 189 2849 1332 1561 1180 1456 2285 2214 2249 2106 2555 365 2864 1050 2951 2556 1837 2124 1556 2612 336 2689 2638 1681 1690 1181 2881 2006 1354 1963 1204 1361 2355 1745 1840 1030 2538 637 1684 2596 2449 2290 1657 
2014 0 1328 1766 595 1293 782 1567 1772 1881 834 1008 1319 668 1324 1262 1316 1136 1573 1750 1800 1174 1907 1587 1668 1138 1453 1636 1793 1685 1654 690 1252 1139 1905 1077 711 520 1470 1194 1435 1169 854 1303 1583 1705 643 1652 1444 1291 1223 
1047 1397 0 2063 1069 153 595 877 849 2179 486 1008 603 811 1631 1544 1570 1443 1879 856 2137 185 2225 1882 1287 1429 1015 1930 918 2007 1954 1017 1218 319 2188 1358 783 1330 766 819 1689 908 1169 18 1898 780 1020 1956 1735 1595 1127 
2713 1902 2043 0 1224 1971 1523 2271 2419 116 1579 1652 1969 1359 1442 1262 1385 1223 471 2442 213 1937 500 486 2331 783 2134 291 2482 268 698 1105 1930 1889 527 1115 1418 1843 2159 1876 1504 1493 1042 2040 770 2385 1195 718 1134 759 1896 
1768 541 1127 1381 0 1112 595 1392 1591 1490 647 770 1144 463 720 755 749 691 1188 1569 1415 993 1527 1202 1474 656 1243 1161 1612 1210 1269 113 1027 912 1482 516 524 763 1295 981 923 632 298 1102 1114 1524 62 1183 1036 787 1029 
979 1478 158 2136 1168 0 674 847 757 2252 565 1008 615 890 1730 1643 1669 1542 1970 704 2266 269 2354 1971 1280 1528 1015 2024 757 2101 2069 1116 1154 390 2317 1457 781 1411 778 764 1788 991 1268 176 1981 730 1119 2039 1856 1694 1076 
1364 808 594 1573 560 696 0 1002 1187 1684 117 525 723 284 1047 1002 1033 932 1380 1176 1607 501 1719 1394 1079 935 847 1443 1219 1492 1461 456 842 426 1674 784 198 737 886 562 1145 538 620 580 1390 1128 496 1459 1241 1147 892 
1019 1660 897 2311 1342 915 1034 0 896 2427 920 1187 571 1083 1918 1846 1846 1716 2145 687 2425 767 2513 2146 882 1702 707 2216 740 2293 2228 1290 1308 1026 2476 1631 981 1593 137 930 1980 1394 1442 883 2142 1282 1293 2200 2050 1861 1117 
242 1902 828 2566 1544 723 1252 944 0 2682 1151 1363 998 1268 2099 2024 2066 1907 2400 321 2680 889 2792 2401 1644 1969 1354 2457 292 2534 2483 1492 1492 965 2734 1836 1166 1778 1096 1185 2172 1533 1644 846 2383 487 1495 2441 2294 2066 1459 
2748 1987 2114 110 1310 2042 1609 2356 2488 0 1665 1738 2054 1445 1527 1347 1500 1308 533 2511 231 2031 429 596 2456 893 2218 353 2551 322 742 1191 2027 2007 546 1230 1504 1931 2244 1960 1619 1579 1165 2135 880 2454 1281 828 1202 821 2010 
1274 886 484 1693 638 589 119 899 1097 1805 0 528 625 362 1141 1080 1143 981 1500 1161 1727 391 1848 1514 1154 1065 934 1563 1204 1612 1581 534 958 319 1794 862 307 815 788 651 1262 549 698 470 1510 1042 574 1579 1371 1172 967 
1461 1049 892 1693 706 845 484 1108 1284 1805 525 0 819 482 1221 1150 1182 1065 1500 1285 1727 762 1848 1514 1118 1065 934 1563 1328 1612 1581 602 791 843 1794 1000 392 945 1027 658 1301 946 766 878 1510 1220 642 1579 1371 1236 801 
1178 1364 593 2011 1028 603 712 613 1010 2127 614 885 0 771 1560 1486 1512 1372 1817 828 2120 463 2208 1826 929 1371 532 1877 881 1954 1913 946 1027 708 2171 1300 653 1297 502 470 1631 1119 1098 579 1898 1003 979 1956 1677 1524 918 
1526 648 896 1482 458 915 412 1171 1349 1593 464 547 883 0 945 946 929 932 1289 1358 1516 826 1628 1303 1243 832 1047 1352 1401 1401 1370 364 762 726 1583 692 341 577 1074 765 1081 808 528 882 1299 1282 400 1368 1134 1032 812 
2292 1324 1616 1551 757 1551 1109 1823 2023 1662 1165 1233 1577 934 0 692 1033 613 1358 2001 1585 1464 1697 1372 1963 879 1677 1421 2041 1470 1439 653 1466 1458 1652 716 993 1379 1728 1453 1140 1070 567 1631 1368 2027 750 1437 1185 1063 1447 
2100 1174 1455 1334 610 1390 900 1664 1863 1442 962 1079 1416 768 665 0 726 580 1141 1857 1368 1303 1480 1155 1734 599 1519 1114 1882 1163 1222 506 1308 1283 1435 436 829 1212 1567 1304 895 908 626 1440 1081 1820 603 1150 948 847 1289 
2244 1312 1575 1446 735 1510 1061 1784 1987 1557 1117 1212 1536 893 1068 946 0 932 1253 1973 1480 1423 1592 1267 1888 774 1636 1296 2013 1345 1334 631 1425 1436 1547 457 952 1330 1687 1412 523 1070 778 1590 1236 1937 728 1305 889 1018 1406 
2030 1094 1373 1334 514 1322 829 1596 1807 1443 881 1008 1348 697 436 430 744 0 1141 1779 1368 1235 1480 1155 1667 617 1453 1114 1825 1163 1222 410 1252 1183 1435 454 758 1136 1499 1235 915 827 324 1348 1081 1734 507 1150 983 813 1222 
2461 1584 1786 494 972 1721 1274 2004 2195 610 1330 1403 1747 1110 1243 1053 1165 1024 0 2183 600 1634 730 285 2079 582 1856 225 2223 284 519 851 1636 1648 694 863 1169 1570 1917 1629 1284 1260 842 1804 530 2168 948 478 948 589 1617 
428 1827 784 2473 1503 679 1210 702 307 2589 1101 1327 897 1226 2064 1979 2049 1854 2307 0 2587 845 2675 2308 1556 1897 1333 2364 53 2441 2390 1451 1456 929 2638 1792 1124 1736 839 1122 2155 1502 1603 802 2290 762 1454 2348 2222 2066 1423 
2713 1902 2043 237 1224 1971 1523 2271 2419 236 1579 1652 1969 1359 1442 1262 1385 1223 578 2442 0 1937 287 496 2331 793 2134 436 2482 467 511 1105 1930 1889 315 1115 1418 1843 2159 1876 1504 1493 1068 2040 835 2385 1195 783 1134 906 1896 
1036 1311 225 1976 997 311 520 702 839 2092 412 817 428 741 1546 1474 1500 1358 1794 882 2110 0 2208 1826 1148 1359 823 1868 931 1945 1887 932 1027 472 2171 1288 661 1244 591 644 1619 900 1084 211 1804 841 948 1862 1665 1510 975 
2743 1936 2103 516 1286 2031 1585 2341 2477 443 1641 1714 2039 1421 1527 1347 1476 1308 669 2500 279 2017 0 587 2423 884 2185 651 2540 683 426 1167 1951 1952 226 1206 1480 1923 2229 1927 1595 1555 1141 2094 923 2443 1257 874 1189 1051 1978 
2188 1222 1511 723 670 1453 951 1727 1942 808 1008 1149 1479 828 924 776 868 839 566 1920 842 1366 948 0 1800 297 1585 410 1960 460 666 566 1374 1327 874 578 889 1244 1630 1348 1035 1001 557 1486 472 1885 663 531 650 457 1355 
1965 1666 1310 2335 1366 1245 1072 954 1724 2451 1212 1234 871 1089 1932 1846 1900 1740 2169 1548 2449 1158 2537 2170 0 1726 422 2250 1591 2327 2252 1314 767 1409 2500 1655 987 1599 807 489 2034 1519 1466 1325 2176 1657 1317 2234 2050 1882 501 
2151 1199 1482 915 634 1417 946 1691 1879 1026 982 1095 1443 792 888 740 832 803 684 1881 931 1330 1042 685 1748 0 1533 631 1921 681 750 530 1322 1301 972 542 853 1212 1594 1332 1035 960 521 1460 600 1826 627 659 353 379 1303 
1594 1478 1029 2136 1168 980 866 788 1459 2252 1026 1124 507 892 1730 1643 1669 1542 1970 1260 2266 856 2354 1971 440 1528 0 2024 1303 2101 2069 1116 899 1102 2317 1457 774 1411 653 290 1788 1333 1268 1004 1981 1393 1119 2039 1856 1694 508 
2545 1662 1877 314 1034 1796 1349 2064 2261 399 1405 1478 1845 1185 1280 1102 1229 1061 185 2271 476 1709 648 451 2167 638 1979 0 2311 59 685 915 1711 1695 612 921 1244 1646 1972 1704 1348 1307 898 1862 696 2227 1005 644 1013 468 1692 
376 1902 835 2566 1545 730 1252 753 291 2682 1169 1385 958 1268 2099 2024 2066 1907 2400 51 2680 896 2792 2401 1622 1969 1333 2457 0 2534 2483 1493 1514 985 2734 1836 1166 1778 890 1185 2172 1533 1645 853 2383 746 1496 2441 2294 2066 1481 
2565 1715 1917 263 1087 1828 1386 2130 2281 348 1442 1515 1845 1222 1330 1150 1283 1111 226 2296 456 1746 654 492 2196 682 2006 46 2336 0 726 968 1748 1738 618 1013 1281 1681 2037 1741 1402 1350 953 1907 737 2247 1058 685 1059 512 1729 
2624 1765 1949 648 1137 1887 1436 2197 2340 755 1492 1565 1876 1272 1383 1203 1322 1164 524 2357 533 1796 470 442 2234 739 2053 687 2397 728 0 1018 1798 1794 310 1052 1331 1731 2059 1791 1441 1406 1007 1970 730 2306 1108 678 1073 899 1779 
1680 611 985 1307 104 1006 482 1288 1503 1409 534 657 1012 350 607 682 676 578 1114 1457 1341 905 1453 1128 1347 582 1117 1080 1500 1129 1195 0 872 796 1408 443 411 734 1191 846 845 528 185 960 1081 1436 97 1150 948 674 928 
1835 1322 1222 1921 968 1157 946 1348 1636 2037 1008 870 1181 755 1504 1426 1452 1316 1746 1614 1996 1068 2084 1760 758 1311 934 1821 1657 1898 1842 875 0 1319 2047 1240 874 1253 1238 930 1571 1307 1042 1237 1756 1569 919 1825 1617 1468 564 
1160 1297 251 1965 997 396 519 1026 965 2081 410 935 759 732 1546 1457 1483 1358 1777 983 2099 411 2208 1791 1460 1342 1139 1868 1026 1945 1887 915 1308 0 2171 1271 705 1244 922 981 1602 675 1084 237 1787 848 948 1858 1648 1510 1289 
2743 1936 2103 546 1286 2031 1585 2341 2477 538 1641 1714 2039 1421 1527 1347 1476 1308 660 2500 336 2017 290 578 2423 875 2185 649 2540 681 337 1167 1951 1952 0 1206 1480 1923 2229 1927 1595 1555 1141 2094 914 2443 1257 865 1185 1031 1978 
1925 888 1196 1178 381 1186 671 1466 1665 1289 723 846 1216 539 700 552 520 615 965 1643 1188 1051 1300 982 1531 420 1326 924 1686 973 1051 277 1126 986 1264 0 600 945 1369 1057 689 674 424 1171 885 1598 374 969 753 645 1086 
1328 792 707 1476 459 721 220 986 1151 1587 275 497 695 285 944 946 929 932 1283 1176 1510 638 1622 1297 1062 823 819 1352 1219 1401 1364 355 811 537 1577 683 0 738 858 534 1081 584 519 693 1299 1110 395 1368 1134 1032 861 
2100 518 1413 1839 810 1390 867 1664 1863 1955 924 1095 1416 753 1410 1326 1352 1222 1646 1857 1902 1278 1989 1660 1739 1211 1524 1709 1882 1758 1727 775 1313 1224 1968 1155 796 0 1567 1276 1471 1260 948 1388 1656 1820 752 1725 1517 1374 1294 
1146 1660 925 2322 1351 926 1044 135 1011 2438 943 1202 586 1083 1918 1846 1856 1725 2156 795 2436 782 2524 2157 785 1711 610 2216 848 2293 2239 1299 1313 1047 2487 1640 981 1593 0 810 1980 1417 1451 898 2142 1322 1302 2200 2050 1869 1005 
1386 1152 823 1832 878 776 576 994 1209 1948 685 816 476 602 1401 1326 1352 1213 1640 1199 1874 693 1973 1654 528 1205 295 1703 1242 1752 1721 774 755 958 1961 1155 484 1086 864 0 1471 1040 939 809 1650 1149 814 1719 1511 1374 443 
2509 1595 1827 1693 983 1748 1301 2023 2225 1805 1357 1430 1774 1137 1311 1126 564 1092 1500 2216 1727 1661 1848 1514 2110 1065 1894 1563 2256 1612 1581 866 1663 1648 1794 692 1196 1593 1917 1656 0 1260 1021 1835 1510 2191 964 1579 1134 1207 1644 
1713 1210 847 1600 653 943 514 1358 1536 1711 510 956 1110 701 1141 1023 1081 1024 1407 1583 1634 838 1746 1421 1546 992 1307 1470 1626 1519 1488 549 1271 606 1701 807 597 1212 1261 1038 1200 0 707 833 1417 1396 646 1486 1298 1172 1257 
1835 827 1168 1250 320 1157 635 1429 1636 1361 687 810 1181 503 506 636 781 477 1058 1614 1278 1025 1390 1072 1501 532 1301 1034 1657 1083 1132 216 1027 964 1345 451 564 887 1332 1032 1035 633 0 1143 998 1569 313 1067 885 624 1056 
1059 1364 14 2063 1054 167 577 876 863 2179 468 1008 602 793 1616 1529 1555 1428 1879 870 2120 174 2208 1882 1287 1414 1015 1911 918 1988 1954 1002 1218 301 2171 1343 765 1297 765 818 1674 887 1154 0 1898 794 1005 1956 1720 1580 1127 
2713 1902 2043 836 1224 1971 1523 2271 2419 954 1579 1652 1969 1359 1453 1273 1414 1234 607 2442 898 1937 991 608 2331 814 2134 784 2482 836 732 1105 1930 1889 948 1144 1418 1843 2159 1876 1533 1493 1068 2040 0 2385 1195 59 1134 875 1896 
674 1902 681 2566 1544 658 1114 1164 517 2682 1005 1363 998 1268 2099 2024 2066 1907 2400 782 2680 832 2792 2401 1644 1969 1354 2457 799 2534 2483 1492 1492 810 2734 1836 1166 1778 1162 1185 2172 1368 1644 699 2383 0 1495 2441 2294 2066 1459 
1734 599 1094 1307 74 1076 553 1358 1557 1418 605 728 1094 421 703 693 687 674 1114 1535 1341 945 1453 1128 1430 594 1206 1114 1578 1163 1195 96 958 867 1408 454 482 701 1261 937 856 570 281 1069 1081 1490 0 1150 948 770 996 
2716 1902 2067 777 1244 1995 1543 2280 2441 893 1599 1672 1978 1379 1491 1311 1434 1272 548 2464 839 1956 948 549 2370 846 2157 725 2504 777 673 1125 1930 1913 881 1164 1438 1849 2168 1899 1553 1513 1092 2052 54 2407 1215 0 1169 929 1927 
2431 1562 1761 1178 945 1696 1249 1985 2165 1289 1305 1378 1722 1085 1200 1009 879 981 1010 2161 1192 1609 1304 982 2079 291 1823 924 2201 973 1051 821 1611 1624 1264 662 1144 1549 1865 1604 1040 1260 812 1776 891 2138 927 969 0 670 1592 
2292 1345 1616 809 787 1551 1109 1823 2023 894 1165 1233 1577 949 1030 893 994 932 652 2001 995 1464 1171 933 1963 379 1677 496 2041 546 985 683 1466 1484 1138 681 1004 1379 1728 1464 1140 1112 581 1631 803 2027 780 862 732 0 1447 
1925 1446 1251 2063 1054 1186 1052 1148 1665 2179 1134 936 958 849 1616 1529 1555 1428 1879 1643 2120 1105 2208 1882 569 1414 485 1911 1686 1988 1954 1002 564 1356 2171 1343 940 1379 1038 442 1674 1410 1154 1266 1898 1598 1005 1956 1720 1580 0 
0 2019 1099 2713 1709 1010 1449 987 233 2806 1340 1534 1124 1471 2239 2166 2218 2076 2491 378 2761 1064 2842 2502 1737 2073 1492 2566 349 2598 2579 1689 1689 1166 2807 1985 1350 1913 1092 1343 2324 1726 1829 1118 2498 686 1671 2546 2413 2202 1692 
1840 0 1186 1706 539 1210 723 1497 1642 1793 775 868 1226 553 1196 1196 1183 1025 1503 1618 1752 1155 1854 1518 1536 1104 1353 1562 1653 1581 1592 609 1156 1007 1793 921 654 511 1427 1109 1309 1070 794 1168 1517 1578 567 1587 1407 1238 1206 
1075 1239 0 2084 1047 171 574 797 856 2161 464 906 589 783 1558 1512 1515 1365 1915 788 2149 177 2233 1881 1241 1466 979 1933 823 1965 1953 1009 1142 255 2170 1250 755 1279 766 926 1641 799 1147 25 1898 771 1009 1946 1769 1521 1165 
2454 1673 1856 0 1178 1841 1391 2118 2270 105 1443 1494 1874 1285 1344 1225 1330 1161 378 2357 198 1789 470 445 2123 781 1999 258 2371 203 642 1061 1777 1684 540 1007 1327 1698 2061 1747 1456 1411 1014 1839 718 2274 1169 688 1093 716 1799 
1666 530 1006 1233 0 993 536 1279 1448 1320 588 636 1016 432 649 712 732 546 1005 1424 1274 939 1363 1027 1279 595 1177 1146 1459 1157 1114 108 960 844 1315 456 467 758 1209 933 848 582 293 988 1088 1384 69 1139 895 798 958 
978 1332 176 2171 1130 0 683 779 738 2248 573 992 604 885 1659 1608 1611 1466 1954 670 2219 279 2303 1965 1233 1562 993 2003 705 2035 2059 1110 1115 315 2274 1346 774 1357 781 877 1737 893 1248 201 1981 691 1092 2029 1857 1622 1103 
1364 749 578 1534 562 670 0 919 1146 1621 117 455 703 284 1022 997 1023 892 1331 1117 1580 527 1669 1346 1077 878 861 1390 1152 1409 1420 499 816 411 1621 739 194 703 880 677 1134 481 639 556 1345 1089 517 1415 1183 1108 838 
990 1511 859 2338 1284 801 1053 0 824 2415 948 1136 532 1067 1820 1762 1765 1620 2121 611 2369 742 2453 2132 922 1716 742 2201 646 2233 2209 1264 1262 955 2424 1500 971 1536 136 897 1934 1450 1402 862 2128 1248 1246 2176 2029 1776 1097 
204 1696 899 2529 1464 794 1265 813 0 2606 1156 1289 950 1252 1940 1952 1988 1800 2312 297 2560 861 2644 2323 1581 1894 1312 2387 276 2419 2400 1444 1444 929 2615 1680 1151 1721 947 1126 2094 1511 1582 886 2319 537 1426 2367 2234 1967 1447 
2531 1761 1937 91 1266 1925 1479 2235 2347 0 1531 1582 1996 1373 1436 1317 1417 1253 417 2451 194 1883 389 534 2219 870 2085 297 2465 242 686 1149 1920 1772 536 1094 1415 1786 2164 1903 1543 1499 1114 1920 807 2351 1257 777 1173 755 1873 
1345 809 478 1544 622 595 120 886 1127 1631 0 482 678 344 1102 1087 1068 954 1341 1123 1590 417 1679 1356 1140 961 935 1400 1158 1419 1430 559 876 311 1631 799 304 763 855 750 1194 491 699 456 1355 982 577 1425 1264 1167 898 
1407 887 841 1590 660 731 452 1035 1189 1677 480 0 764 422 1137 1124 1129 993 1387 1153 1636 713 1725 1402 1062 1006 927 1446 1188 1465 1476 597 758 789 1677 837 356 841 955 696 1255 866 737 833 1401 1140 615 1471 1309 1200 780 
1181 1203 576 2026 990 530 728 542 971 2103 636 804 0 751 1478 1438 1441 1285 1791 807 2059 434 2143 1825 846 1392 495 1873 842 1887 1908 930 960 669 2114 1176 632 1230 511 454 1567 1128 1067 554 1898 960 952 1927 1695 1441 817 
1470 505 856 1373 329 796 381 1104 1251 1460 433 453 829 0 863 879 899 760 1170 1204 1419 778 1508 1185 1079 762 1002 1253 1239 1272 1259 365 739 689 1460 623 312 459 1034 786 1034 749 507 834 1197 1196 284 1267 1066 996 761 
2019 1255 1418 1373 679 1410 948 1697 1835 1460 1004 1050 1430 844 0 576 943 395 1170 1838 1419 1355 1508 1185 1697 761 1549 1253 1864 1272 1259 563 1356 1245 1460 598 879 1279 1627 1297 1080 960 462 1400 1197 1778 658 1267 1066 985 1378 
1923 1143 1313 1142 617 1300 841 1587 1732 1229 893 945 1320 737 641 0 697 442 934 1708 1161 1245 1250 980 1591 525 1453 1075 1743 1090 1048 501 1240 1140 1202 362 772 1162 1517 1201 813 870 560 1295 1005 1668 596 1075 825 748 1272 
2054 1295 1457 1373 764 1446 991 1733 1870 1460 1043 1098 1466 884 1050 872 0 863 1170 1897 1419 1391 1508 1185 1723 745 1587 1246 1911 1265 1259 648 1382 1284 1460 440 943 1312 1663 1335 470 1070 731 1439 1197 1822 743 1267 862 977 1404 
1875 1031 1274 1215 535 1258 804 1545 1690 1302 856 906 1278 700 323 378 735 0 1005 1666 1250 1203 1339 988 1552 563 1412 1106 1701 1125 1061 419 1207 1093 1291 400 735 1135 1475 1160 851 816 318 1256 1005 1626 514 1075 863 786 1233 
2342 1573 1757 431 1078 1744 1291 1999 2158 499 1343 1394 1764 1185 1239 1139 1240 1086 0 2254 584 1689 763 339 2037 675 1935 169 2268 226 539 961 1677 1584 703 893 1227 1598 1982 1647 1366 1307 887 1739 572 2170 1069 542 1006 594 1699 
400 1639 848 2461 1410 719 1177 624 285 2538 1098 1255 786 1195 1904 1893 1943 1746 2244 0 2492 793 2576 2255 1406 1849 1151 2319 36 2351 2332 1390 1390 912 2547 1626 1074 1664 760 1084 2034 1493 1528 870 2251 790 1372 2299 2183 1917 1412 
2531 1761 1937 211 1266 1925 1479 2235 2347 238 1531 1582 1996 1373 1436 1317 1417 1253 562 2451 0 1883 272 522 2219 858 2085 452 2465 399 492 1149 1920 1772 342 1094 1415 1786 2164 1903 1543 1499 1114 1920 768 2351 1257 717 1157 912 1873 
1064 1219 209 2067 1034 266 556 669 843 2144 446 771 461 765 1523 1488 1491 1330 1861 842 2098 0 2182 1881 1108 1442 864 1893 877 1925 1948 974 1023 369 2153 1226 684 1232 638 787 1617 908 1112 188 1898 830 996 1946 1745 1486 1013 
2726 2013 2080 485 1405 2092 1618 2362 2526 415 1670 1721 2108 1512 1577 1458 1556 1394 700 2630 314 2052 0 660 2348 1011 2229 696 2644 657 485 1288 2015 1923 252 1233 1554 1903 2291 2004 1682 1638 1250 2063 914 2530 1396 855 1314 1114 2026 
2019 1259 1418 652 726 1410 950 1697 1835 726 1004 1050 1430 846 907 771 889 762 479 1838 734 1355 825 0 1697 336 1549 455 1864 504 571 610 1356 1245 765 554 881 1279 1627 1297 1034 1001 548 1400 446 1778 705 505 636 460 1378 
1821 1517 1277 2379 1330 1186 1079 907 1618 2456 1196 1084 840 1073 1848 1846 1829 1666 2162 1478 2410 1131 2494 2173 0 1762 449 2244 1513 2276 2250 1310 726 1332 2465 1546 971 1542 773 500 1939 1483 1448 1274 2176 1554 1292 2224 2109 1824 424 
1969 1203 1378 748 672 1351 896 1638 1783 850 962 1003 1371 792 850 717 835 708 575 1759 830 1296 926 618 1632 0 1497 690 1794 739 667 556 1291 1205 861 500 827 1230 1568 1245 1034 925 494 1360 604 1719 651 663 300 344 1313 
1564 1295 934 2157 1098 886 794 806 1346 2234 913 906 470 826 1634 1583 1586 1441 1940 1189 2187 790 2271 1951 408 1537 0 1973 1224 2005 2027 1085 763 999 2242 1321 698 1312 674 250 1712 1229 1223 916 1981 1282 1060 2029 1833 1597 379 
2279 1508 1703 284 1015 1690 1237 1960 2095 352 1289 1340 1710 1131 1187 1066 1167 1038 132 2183 437 1635 654 423 1981 614 1860 0 2197 57 623 888 1623 1530 621 832 1173 1533 1927 1593 1293 1295 826 1685 656 2122 1006 626 937 464 1645 
371 1639 861 2461 1410 732 1191 637 278 2538 1112 1256 799 1195 1904 1893 1943 1746 2244 36 2492 806 2576 2255 1406 1849 1151 2319 0 2351 2332 1390 1390 929 2547 1626 1074 1664 773 1109 2034 1506 1528 883 2251 783 1372 2299 2183 1917 1412 
2304 1561 1743 262 1078 1730 1277 1985 2120 328 1329 1380 1750 1171 1230 1124 1213 1075 175 2240 445 1675 673 466 2025 663 1923 55 2249 0 666 961 1663 1570 640 881 1213 1586 1957 1633 1339 1307 875 1725 699 2145 1069 669 992 513 1685 
2432 1665 1847 534 1170 1830 1383 2118 2248 636 1435 1486 1868 1277 1344 1225 1330 1161 477 2357 500 1781 437 437 2106 773 1988 590 2371 571 0 1053 1769 1676 322 1007 1319 1690 2046 1739 1456 1403 1014 1830 619 2252 1161 568 1081 897 1791 
1584 588 934 1210 116 897 454 1207 1366 1297 506 554 945 350 541 664 684 438 960 1322 1201 879 1290 980 1174 547 1104 1085 1357 1104 1048 0 840 762 1242 408 385 728 1155 887 800 505 185 916 1005 1302 95 1075 847 690 862 
1666 1126 1099 1921 892 1008 829 1306 1448 1975 881 721 1044 654 1389 1331 1334 1196 1684 1424 1957 965 2041 1699 724 1285 871 1743 1459 1762 1773 829 0 1127 2012 1085 760 1135 1236 875 1460 1218 978 1106 1698 1384 847 1768 1588 1352 563 
1106 1138 221 1941 948 381 484 928 885 2018 374 846 716 676 1445 1377 1380 1252 1730 893 2029 346 2143 1745 1348 1331 1101 1789 930 1812 1842 891 1240 0 2044 1115 648 1162 893 986 1506 648 1034 199 1744 756 910 1815 1634 1408 1242 
2616 1930 2011 579 1331 1998 1544 2274 2432 564 1596 1647 2035 1438 1495 1376 1482 1312 631 2536 368 1968 228 591 2263 941 2155 665 2550 639 301 1214 1940 1853 0 1159 1480 1863 2203 1931 1608 1564 1176 1994 837 2436 1322 786 1244 1058 1941 
1739 879 1097 963 407 1089 631 1380 1521 1069 683 731 1113 527 669 515 466 506 791 1497 1060 1045 1149 834 1384 388 1262 938 1532 948 883 291 1023 937 1112 0 562 898 1310 1010 582 660 374 1079 820 1457 386 879 688 611 1084 
1364 765 720 1387 442 667 245 919 1146 1474 297 452 700 300 891 891 929 788 1184 1117 1433 649 1522 1199 1077 774 858 1259 1152 1278 1273 395 790 553 1474 635 0 719 877 674 1034 525 535 698 1202 1090 397 1272 1081 1015 812 
1800 453 1148 1706 616 1150 683 1435 1582 1793 735 828 1168 513 1196 1176 1183 1025 1503 1558 1752 1107 1854 1518 1477 1104 1336 1562 1593 1581 1592 652 1142 970 1793 921 614 0 1365 1084 1309 1070 794 1130 1517 1518 571 1587 1407 1238 1166 
1098 1496 871 2338 1284 825 1026 146 980 2415 931 1114 519 1052 1820 1762 1765 1620 2121 741 2369 729 2453 2132 808 1716 633 2201 776 2233 2209 1264 1210 952 2424 1500 930 1521 0 812 1934 1422 1402 849 2128 1226 1246 2176 2029 1776 928 
1332 1043 762 1882 854 652 544 876 1114 1947 653 670 448 576 1337 1322 1299 1144 1653 1083 1927 634 1981 1668 504 1254 249 1712 1118 1731 1742 791 778 869 1947 1085 448 1034 845 0 1425 974 931 754 1667 1082 809 1737 1557 1312 377 
2147 1435 1601 1534 885 1568 1135 1844 1963 1621 1187 1218 1588 1009 1156 997 437 1009 1331 2020 1580 1513 1669 1346 1851 866 1722 1390 2034 1409 1420 769 1501 1428 1621 561 1071 1460 1785 1491 0 1169 852 1583 1345 1958 864 1415 1041 1108 1523 
1735 1143 839 1435 613 983 590 1440 1517 1522 595 936 1173 733 981 946 987 868 1232 1503 1481 900 1570 1247 1547 824 1336 1294 1538 1313 1321 497 1240 618 1522 685 631 1162 1370 1084 1080 0 615 817 1249 1363 592 1319 1155 1058 1242 
1694 789 1068 1200 317 1046 586 1345 1476 1287 638 686 1078 482 420 603 777 317 948 1452 1176 1005 1265 980 1332 535 1212 1085 1487 1099 1048 201 1023 894 1217 476 517 860 1275 986 893 598 0 1050 1005 1412 296 1075 835 608 1006 
1090 1219 22 2067 1031 193 549 772 875 2144 439 881 564 758 1521 1488 1491 1328 1861 810 2098 152 2182 1881 1217 1442 967 1893 845 1925 1948 972 1115 230 2153 1226 730 1230 741 890 1617 774 1110 0 1898 746 993 1946 1745 1484 1131 
2374 1597 1781 686 1102 1768 1315 2027 2190 788 1367 1418 1788 1209 1268 1162 1241 1098 513 2292 771 1713 862 556 2059 700 1941 660 2306 717 645 985 1701 1608 802 921 1251 1622 1982 1671 1367 1329 919 1763 0 2193 1093 59 1007 774 1723 
652 1716 737 2603 1507 688 1131 1205 460 2680 1022 1332 967 1272 1982 1975 2049 1844 2386 757 2634 859 2712 2397 1597 1968 1334 2461 736 2493 2474 1487 1487 766 2689 1723 1151 1741 1171 1151 2155 1373 1625 724 2393 0 1469 2441 2294 2052 1490 
1593 543 951 1200 55 924 481 1231 1375 1287 533 581 959 377 624 657 677 521 960 1350 1181 905 1270 980 1201 540 1132 1085 1385 1104 1048 83 867 789 1222 401 412 703 1155 933 793 527 268 933 1005 1311 0 1075 840 763 889 
2405 1643 1829 654 1148 1813 1361 2103 2221 756 1413 1464 1845 1255 1315 1196 1305 1132 481 2322 712 1759 803 524 2105 753 1970 628 2336 685 586 1031 1747 1654 743 982 1297 1668 2046 1717 1431 1381 1014 1812 53 2225 1139 0 1060 827 1769 
2251 1489 1681 1082 986 1668 1215 1933 2067 1169 1267 1318 1688 1109 1187 1030 826 1025 888 2172 1161 1613 1250 926 1963 313 1823 1035 2186 1066 1007 869 1601 1508 1202 662 1151 1514 1927 1571 1034 1248 807 1663 1005 2083 968 1032 0 657 1623 
2101 1330 1476 769 776 1473 1010 1760 1917 797 1062 1114 1493 945 879 833 952 776 639 1929 969 1418 1149 850 1747 367 1623 526 1943 575 899 660 1406 1303 1112 616 943 1355 1690 1371 1080 1070 523 1458 784 1839 755 843 667 0 1428 
1619 1203 1042 2026 990 945 886 1043 1401 2103 982 724 813 748 1478 1438 1441 1285 1791 1375 2059 909 2143 1825 432 1392 481 1873 1410 1887 1908 930 543 1105 2114 1176 790 1230 922 379 1567 1295 1067 1062 1898 1337 952 1927 1695 1441 0 
0 2047 1138 2886 1811 980 1499 957 241 2945 1390 1649 1192 1526 2330 2380 2363 2193 2649 429 2892 1099 2930 2667 1837 2225 1613 2784 378 2824 2742 1752 1730 1172 2905 2092 1414 1978 1072 1407 2505 1753 1918 1155 2656 667 1759 2744 2532 2343 1739 
2010 0 1196 1717 532 1329 749 1532 1805 1826 810 980 1331 599 1265 1278 1264 1101 1564 1837 1865 1131 1920 1596 1571 1163 1525 1664 1863 1705 1664 627 1203 1092 1890 1006 682 555 1519 1178 1373 1132 818 1180 1597 1709 583 1647 1473 1274 1241 
997 1384 0 2148 1073 134 577 829 818 2226 468 1023 685 776 1609 1606 1624 1452 1914 848 2178 198 2218 1941 1333 1499 1091 1985 884 2031 2013 1019 1203 317 2170 1356 756 1221 802 847 1733 863 1189 45 1981 766 1026 2052 1817 1606 1206 
2740 1829 1980 0 1245 2074 1505 2391 2549 102 1556 1707 2042 1384 1477 1284 1401 1244 491 2640 174 1966 415 503 2354 800 2170 311 2687 243 620 1128 1933 1844 496 1078 1439 1729 2328 1943 1510 1505 1122 1964 826 2446 1242 767 1135 777 1960 
1766 627 1036 1230 0 1141 577 1316 1594 1335 638 735 1115 450 700 702 723 540 1077 1636 1333 985 1408 1109 1372 652 1314 1166 1659 1207 1157 109 1023 884 1401 450 510 746 1303 988 859 586 300 1020 1114 1535 57 1164 1000 755 1059 
940 1422 144 2199 1112 0 617 775 739 2277 508 1046 672 816 1648 1645 1663 1491 1967 741 2225 282 2265 1985 1301 1538 1066 2036 777 2082 2060 1058 1155 350 2217 1395 796 1259 794 822 1772 946 1228 189 1981 738 1065 2064 1844 1645 1170 
1385 830 558 1552 564 667 0 960 1213 1657 117 481 798 286 1112 1034 1090 932 1399 1257 1675 489 1750 1431 1067 998 865 1499 1278 1540 1499 542 836 410 1743 778 216 728 922 596 1199 467 689 545 1432 1064 517 1482 1308 1168 918 
962 1758 906 2524 1442 855 1093 0 855 2602 984 1292 602 1162 1982 2007 2034 1832 2292 642 2529 779 2569 2310 833 1888 755 2360 678 2406 2364 1388 1337 984 2521 1725 1050 1595 116 952 2176 1461 1558 892 2299 1269 1395 2382 2195 1971 1112 
202 1829 847 2629 1555 720 1226 848 0 2705 1117 1394 951 1279 2097 2122 2088 1923 2397 374 2634 840 2674 2415 1632 1973 1372 2477 324 2523 2469 1501 1464 950 2626 1835 1167 1712 967 1141 2230 1507 1671 888 2404 445 1508 2487 2280 2088 1473 
2852 1866 2053 91 1333 2195 1593 2463 2670 0 1644 1795 2184 1472 1579 1386 1509 1346 542 2768 178 2044 340 593 2444 890 2240 362 2785 281 649 1216 2023 1903 472 1186 1527 1850 2400 2013 1618 1593 1246 2037 914 2567 1330 857 1207 815 2075 
1279 900 451 1631 634 569 119 923 1096 1736 0 526 764 356 1213 1101 1152 1043 1478 1185 1754 380 1837 1510 1190 1077 1025 1578 1234 1619 1578 612 958 313 1827 848 325 798 881 711 1261 483 759 438 1511 959 587 1561 1385 1247 1009 
1469 1017 861 1650 701 849 529 1027 1297 1755 516 0 876 470 1285 1183 1197 1112 1497 1349 1773 743 1856 1529 1088 1096 974 1597 1362 1638 1597 679 756 823 1842 921 352 941 1017 674 1306 883 826 848 1530 1277 654 1580 1406 1274 828 
1111 1384 587 2152 1083 613 771 540 998 2230 662 946 0 791 1619 1616 1634 1462 1925 821 2178 461 2218 1941 838 1509 496 2019 857 2065 2013 1029 1063 641 2170 1366 673 1221 498 452 1743 1132 1199 574 1981 1044 1036 2052 1823 1616 898 
1577 588 872 1485 414 949 417 1122 1405 1590 478 536 951 0 1006 946 943 816 1332 1436 1608 825 1683 1364 1173 867 1155 1432 1470 1473 1432 429 763 724 1676 665 350 486 1137 801 1080 781 576 859 1365 1384 383 1415 1191 1055 835 
2330 1400 1508 1485 764 1641 1059 1890 2125 1590 1110 1253 1619 951 0 642 990 408 1332 2122 1608 1462 1683 1364 1840 886 1812 1432 2169 1473 1432 654 1455 1406 1676 659 1008 1305 1918 1466 1139 1186 564 1492 1365 2022 746 1415 1201 1041 1494 
2158 1269 1362 1189 633 1495 895 1692 1953 1294 962 1091 1427 768 721 0 727 467 1027 1992 1300 1316 1375 1059 1656 624 1621 1133 2017 1174 1124 523 1287 1260 1368 397 828 1139 1679 1274 863 925 612 1346 1081 1865 615 1131 970 865 1326 
2328 1415 1503 1485 780 1636 1054 1850 2123 1590 1105 1228 1593 938 1101 898 0 823 1332 2122 1608 1457 1683 1364 1800 933 1787 1432 2169 1473 1432 670 1431 1401 1676 472 982 1267 1854 1440 536 1074 782 1487 1365 2022 762 1415 878 1055 1470 
2142 1245 1319 1207 570 1452 868 1664 1937 1312 937 1050 1399 741 433 401 748 0 1054 1954 1333 1273 1408 1086 1642 645 1593 1153 1991 1194 1157 460 1261 1217 1401 418 801 1096 1651 1246 884 925 370 1303 1114 1827 552 1164 998 825 1326 
2542 1605 1729 458 1014 1850 1280 2143 2337 520 1331 1482 1853 1159 1262 1062 1190 1006 0 2386 565 1683 680 286 2114 583 1941 201 2406 266 492 885 1684 1627 681 842 1214 1493 2080 1672 1299 1318 855 1713 542 2234 1011 483 917 610 1723 
381 1829 852 2629 1559 725 1238 618 327 2705 1129 1399 881 1279 2097 2122 2094 1923 2397 0 2634 852 2674 2415 1491 1973 1287 2477 36 2523 2469 1505 1469 962 2626 1847 1167 1712 734 1168 2236 1543 1675 897 2404 772 1512 2487 2280 2088 1478 
2740 1829 1980 197 1245 2074 1505 2391 2549 186 1556 1707 2042 1384 1520 1327 1421 1287 597 2640 0 1966 241 524 2354 821 2170 447 2687 415 471 1128 1933 1844 329 1098 1439 1729 2328 1943 1530 1505 1165 1964 773 2446 1242 714 1161 917 1960 
997 1384 177 2148 1073 222 565 662 814 2226 456 835 503 786 1609 1606 1624 1452 1914 876 2178 0 2218 1941 1139 1499 883 1985 909 2031 2013 1019 1042 409 2170 1356 701 1221 620 704 1733 914 1189 174 1981 841 1026 2052 1817 1606 1059 
2825 1839 2029 429 1309 2171 1569 2449 2646 393 1620 1771 2141 1448 1579 1386 1485 1346 661 2737 239 2005 0 588 2434 885 2239 657 2774 644 376 1192 2023 1883 211 1162 1503 1793 2386 2012 1594 1569 1222 2013 837 2543 1306 778 1201 1046 2044 
2252 1368 1445 694 709 1578 996 1782 2047 756 1047 1176 1517 844 940 769 886 694 510 2043 781 1399 845 0 1747 297 1711 410 2090 464 615 599 1378 1343 843 556 908 1221 1769 1364 1034 1001 569 1429 511 1939 691 572 622 458 1417 
1749 1698 1394 2477 1382 1352 1078 842 1627 2555 1187 1162 957 1102 1907 1915 1924 1761 2245 1470 2482 1246 2522 2263 0 1833 413 2327 1519 2373 2317 1328 767 1495 2474 1665 990 1535 726 492 2060 1551 1498 1378 2252 1786 1335 2335 2140 1931 566 
2214 1312 1404 805 670 1537 946 1744 2009 880 1006 1120 1479 805 881 730 847 655 565 2031 822 1358 886 592 1721 0 1673 645 2076 699 656 560 1352 1302 884 517 865 1168 1731 1326 1034 960 530 1388 638 1904 652 694 325 369 1391 
1654 1534 1166 2272 1195 1126 996 751 1532 2350 1047 1023 689 938 1731 1728 1746 1574 2040 1375 2277 1018 2317 2058 422 1621 0 2121 1424 2167 2112 1141 958 1267 2269 1478 785 1371 635 303 1940 1342 1311 1150 2090 1560 1148 2165 1939 1728 500 
2569 1646 1769 284 1055 1887 1320 2173 2364 346 1371 1522 1903 1199 1299 1101 1237 1043 188 2434 395 1723 546 452 2119 625 1958 0 2454 65 658 938 1724 1667 563 884 1254 1546 2110 1712 1346 1330 897 1753 708 2261 1052 649 970 470 1763 
354 1867 914 2691 1605 778 1302 671 301 2754 1200 1448 945 1325 2136 2159 2145 1957 2459 54 2696 908 2742 2477 1534 2035 1346 2518 0 2564 2531 1551 1534 1009 2688 1887 1213 1758 787 1206 2287 1590 1721 940 2466 746 1558 2549 2342 2129 1543 
2630 1700 1823 242 1109 1946 1369 2226 2425 304 1420 1571 1932 1248 1361 1183 1290 1143 264 2502 376 1772 538 528 2134 689 2008 84 2526 0 677 992 1773 1716 555 955 1303 1593 2163 1761 1399 1369 976 1807 784 2322 1106 725 1027 534 1820 
2693 1768 1901 627 1177 2013 1437 2287 2488 660 1488 1639 2014 1316 1432 1239 1354 1199 531 2579 490 1871 431 458 2267 755 2073 676 2616 682 0 1060 1863 1784 324 1031 1371 1661 2224 1846 1463 1437 1079 1885 645 2385 1174 586 1088 924 1892 
1653 730 946 1210 110 1037 481 1234 1481 1315 542 639 1037 354 591 698 719 431 1057 1523 1333 889 1408 1089 1278 648 1214 1076 1546 1117 1157 0 866 788 1401 446 414 715 1221 865 855 563 191 930 1114 1445 92 1164 998 646 972 
1751 1275 1166 1913 942 1126 910 1311 1579 2017 962 803 1110 697 1489 1422 1440 1332 1716 1621 2007 1018 2103 1748 710 1315 869 1823 1644 1869 1842 920 0 1260 2072 1172 843 1139 1194 887 1549 1296 1069 1150 1749 1560 877 1799 1625 1486 589 
1052 1207 216 1841 911 350 438 865 872 1945 325 845 706 631 1472 1389 1407 1315 1683 963 1974 355 2040 1715 1372 1282 1108 1783 1012 1832 1783 887 1203 0 1997 1139 611 1069 823 942 1516 658 1052 203 1716 752 862 1766 1592 1469 1241 
2808 1829 2011 500 1278 2155 1538 2391 2630 482 1589 1740 2061 1417 1548 1355 1454 1315 627 2685 321 2005 192 554 2389 851 2201 654 2709 641 317 1161 1949 1852 0 1131 1472 1762 2328 1974 1563 1538 1222 1995 803 2527 1275 744 1191 1005 1995 
1883 1017 1112 1094 408 1230 670 1410 1683 1199 731 828 1209 543 677 526 477 451 936 1725 1189 1075 1264 989 1442 531 1424 1048 1748 1089 1045 298 1063 1018 1257 0 603 941 1397 1084 613 693 410 1096 998 1625 390 1048 695 663 1112 
1346 844 673 1485 465 731 218 919 1168 1590 279 441 758 300 1026 946 952 830 1332 1226 1608 626 1683 1364 1028 881 825 1432 1239 1473 1432 443 812 525 1676 679 0 742 875 556 1139 545 590 660 1365 1141 418 1415 1195 1063 884 
2010 558 1195 1740 722 1329 746 1532 1805 1849 807 974 1331 596 1333 1278 1324 1176 1587 1837 1876 1131 1931 1619 1571 1186 1525 1687 1863 1728 1687 742 1203 1092 1914 1031 679 0 1519 1178 1433 1132 889 1179 1620 1709 691 1670 1496 1351 1241 
1067 1829 1004 2618 1520 983 1169 130 956 2696 1060 1378 688 1240 2037 2079 2055 1923 2386 772 2623 865 2663 2404 743 1962 665 2445 808 2491 2458 1466 1194 1100 2615 1808 1128 1673 0 878 2197 1550 1636 988 2393 1365 1473 2476 2269 2056 1049 
1427 1184 858 1823 885 818 693 921 1255 1925 754 717 561 607 1451 1367 1385 1294 1661 1307 1957 732 2034 1693 497 1260 284 1761 1320 1803 1761 863 762 950 1997 1117 489 1049 797 0 1494 1048 1031 845 1694 1232 838 1744 1570 1448 446 
2446 1485 1609 1631 892 1742 1160 1977 2241 1736 1211 1362 1705 1039 1221 1021 442 938 1478 2251 1754 1563 1837 1510 1974 1077 1860 1578 2298 1619 1578 782 1564 1507 1827 584 1094 1418 1962 1552 0 1216 894 1593 1511 2171 874 1561 990 1168 1603 
1649 1287 813 1513 659 948 518 1343 1466 1618 524 936 1142 708 1101 1009 1034 932 1360 1535 1636 871 1711 1392 1573 998 1422 1460 1584 1501 1460 549 1287 598 1704 749 580 1139 1330 1084 1144 0 676 800 1393 1335 641 1443 1301 1168 1326 
1824 986 1080 1245 338 1194 636 1384 1647 1294 697 794 1183 509 492 610 844 332 1085 1689 1341 1010 1416 1126 1419 668 1396 1031 1712 1072 1165 228 1023 967 1409 474 569 870 1371 1047 1034 689 0 1064 1198 1590 320 1210 964 595 1089 
1008 1328 13 2074 1009 147 532 801 831 2158 423 946 642 731 1568 1521 1539 1411 1834 861 2101 173 2141 1848 1296 1414 1050 1913 897 1959 1947 978 1155 274 2093 1271 711 1168 759 822 1648 818 1148 0 1898 767 962 1958 1724 1565 1170 
2674 1746 1878 770 1155 1993 1415 2287 2469 845 1466 1617 1991 1294 1412 1219 1329 1179 530 2559 779 1845 843 557 2209 730 2061 723 2582 788 620 1038 1863 1762 844 1006 1349 1639 2224 1846 1438 1415 1031 1862 0 2366 1152 61 1057 822 1877 
705 1836 747 2636 1576 661 1064 1169 554 2712 955 1419 1007 1296 2097 2137 2118 1957 2404 816 2641 868 2681 2422 1652 1980 1420 2477 843 2523 2476 1522 1505 795 2633 1854 1184 1729 1152 1206 2260 1377 1692 734 2411 0 1529 2494 2287 2088 1514 
1722 672 982 1184 62 1097 532 1276 1550 1289 593 690 1075 405 682 663 684 522 1020 1592 1286 939 1361 1047 1340 613 1286 1133 1615 1174 1110 91 958 839 1354 411 465 701 1263 942 820 547 282 966 1081 1489 0 1131 951 737 1015 
2740 1829 1980 709 1245 2074 1505 2391 2549 784 1556 1707 2042 1384 1471 1278 1392 1238 469 2640 718 1966 782 496 2354 791 2170 662 2687 727 559 1128 1933 1844 783 1069 1439 1729 2328 1943 1501 1505 1122 1964 61 2446 1242 0 1135 883 1960 
2520 1581 1700 1054 990 1827 1251 2103 2315 1159 1302 1453 1796 1130 1262 1058 856 1006 881 2345 1171 1654 1246 928 2082 316 1932 977 2383 1018 979 876 1655 1598 1231 833 1185 1493 2044 1643 1160 1318 846 1684 998 2212 987 1009 0 685 1694 
2330 1415 1528 747 781 1661 1079 1890 2125 809 1130 1256 1619 951 955 865 987 775 576 2122 871 1482 1025 833 1841 369 1812 476 2169 530 897 671 1458 1426 1055 652 1008 1305 1918 1466 1139 1135 535 1512 824 2022 763 885 694 0 1497 
1751 1422 1166 2127 1058 1126 1016 1085 1579 2205 1105 845 1004 824 1594 1591 1609 1437 1914 1621 2155 1018 2195 1941 493 1484 452 1978 1644 2024 1990 1004 542 1267 2147 1341 860 1259 942 430 1718 1420 1174 1150 1981 1560 1011 2032 1794 1591 0 
0 1686 853 2305 1428 753 1230 752 181 2396 1121 1279 945 1247 1904 1995 1968 1777 2202 301 2363 845 2441 2230 1415 1839 1263 2305 272 2335 2306 1404 1471 997 2432 1675 1137 1650 865 1112 2108 1429 1570 866 2266 510 1392 2262 2088 1955 1430 
1747 0 1040 1539 450 1149 671 1443 1607 1630 724 805 1121 525 1067 1192 1162 944 1436 1598 1597 999 1675 1458 1364 1058 1212 1446 1625 1484 1540 513 1122 918 1666 878 596 389 1449 1042 1310 946 737 1027 1469 1552 479 1493 1329 1135 1079 
881 1132 0 1758 876 109 453 647 741 1850 344 689 463 656 1370 1463 1424 1248 1655 646 1821 137 1899 1677 1059 1277 768 1665 681 1703 1759 849 1020 213 1890 1144 630 1094 696 717 1572 641 1041 13 1688 681 840 1712 1548 1431 987 
2437 1618 1867 0 1204 1945 1491 2140 2297 99 1549 1538 1935 1348 1309 1324 1383 1163 318 2293 164 1824 391 458 2134 788 2045 200 2315 168 559 1111 1857 1702 416 1045 1411 1692 2138 1867 1531 1484 1017 1854 552 2297 1194 509 1067 622 1857 
1545 447 860 1110 0 973 493 1241 1405 1201 546 580 954 376 649 709 734 527 999 1396 1166 818 1244 1035 1148 609 1040 1066 1423 1104 1109 96 958 709 1235 467 418 670 1247 885 884 523 320 847 1081 1388 51 1068 872 709 853 
784 1243 109 1825 982 0 562 615 644 1916 453 737 492 762 1443 1530 1491 1321 1722 549 1892 185 1970 1744 1071 1344 797 1732 584 1770 1842 946 1020 290 1961 1211 683 1207 708 724 1639 718 1114 122 1755 591 946 1779 1615 1504 966 
1281 717 463 1408 491 557 0 876 1113 1499 117 384 651 271 1007 993 1038 883 1305 1066 1466 391 1544 1327 998 893 743 1315 1101 1353 1409 464 957 350 1535 751 194 684 884 593 1232 399 676 450 1338 983 455 1362 1168 1122 802 
754 1389 642 2003 1139 614 847 0 658 2094 738 1008 442 950 1610 1705 1666 1488 1899 497 2066 602 2144 1941 679 1519 584 1931 532 1969 2009 1115 1153 756 2135 1386 825 1353 114 696 1815 1081 1281 655 1981 1008 1103 1968 1790 1671 853 
181 1517 679 2119 1256 579 1024 656 0 2210 910 1120 763 1078 1727 1846 1783 1605 2016 235 2177 671 2255 2044 1300 1636 1089 2094 232 2132 2120 1232 1296 813 2246 1503 968 1481 769 1013 1934 1249 1398 692 2090 362 1220 2076 1912 1788 1247 
2506 1683 1928 91 1269 2017 1556 2211 2366 0 1614 1603 2006 1413 1393 1408 1477 1247 397 2362 163 1894 321 542 2187 867 2126 279 2384 241 558 1176 1920 1767 415 1139 1476 1757 2209 1935 1625 1549 1094 1915 633 2366 1259 590 1149 701 1914 
1174 787 353 1453 561 462 119 781 1006 1544 0 382 556 341 1079 1059 1145 954 1350 985 1511 296 1589 1372 1020 991 780 1360 1020 1398 1454 534 1020 252 1580 821 303 754 789 630 1293 408 746 340 1383 885 525 1407 1262 1167 872 
1391 880 705 1539 598 764 415 1033 1251 1630 453 0 698 434 1117 1171 1145 994 1436 1190 1597 598 1675 1458 1010 1058 783 1446 1225 1484 1540 571 858 685 1666 858 319 847 1086 633 1293 712 783 692 1469 1253 562 1493 1329 1167 753 
833 1157 472 1771 891 492 605 425 737 1864 496 765 0 701 1380 1476 1437 1258 1668 576 1849 373 1908 1690 675 1290 395 1678 611 1716 1772 864 1020 514 1900 1157 583 1135 472 344 1585 833 1051 459 1701 927 855 1725 1561 1441 668 
1450 469 741 1299 327 850 374 1138 1310 1390 427 463 831 0 886 893 929 764 1196 1294 1357 699 1435 1218 1036 793 918 1210 1328 1248 1300 345 841 621 1426 651 299 436 1150 766 1095 670 557 728 1233 1278 291 1253 1072 946 736 
1893 1045 1306 1184 627 1404 946 1586 1750 1275 1010 1027 1387 820 0 509 850 315 1081 1741 1242 1282 1320 1103 1596 689 1496 1145 1768 1183 1185 534 1321 1121 1311 524 862 1207 1592 1326 1034 926 407 1293 1190 1752 617 1167 953 796 1311 
1816 1001 1233 1049 572 1322 849 1504 1668 1140 910 936 1305 732 550 0 692 397 954 1659 1081 1176 1159 979 1521 531 1414 1001 1686 1039 1045 479 1240 1060 1150 366 774 1094 1510 1244 842 852 557 1220 998 1670 562 989 794 754 1240 
1956 1154 1387 1250 723 1468 1015 1650 1816 1341 1073 1085 1451 883 915 864 0 762 1147 1813 1308 1345 1386 1169 1658 754 1560 1192 1839 1230 1251 630 1383 1221 1377 445 943 1236 1656 1390 498 1011 733 1374 1190 1817 713 1204 790 931 1373 
1777 896 1153 1044 482 1262 792 1473 1637 1135 845 879 1274 675 297 338 679 0 925 1628 1081 1121 1159 979 1466 518 1350 970 1655 1008 1045 389 1208 968 1150 353 717 1031 1479 1180 829 781 262 1140 998 1639 472 989 781 651 1181 
2285 1469 1714 308 1055 1791 1342 1978 2145 401 1400 1389 1774 1199 1183 1202 1281 1037 0 2136 429 1672 550 341 1991 681 1891 117 2163 147 461 962 1703 1553 541 930 1262 1543 2019 1713 1429 1335 906 1701 412 2145 1045 369 944 515 1693 
301 1492 660 2110 1250 560 1004 495 235 2201 894 1120 657 1053 1721 1846 1777 1599 2007 0 2168 658 2246 2035 1106 1630 972 2069 36 2107 2111 1226 1291 775 2237 1497 968 1456 608 912 1934 1209 1392 673 2090 584 1214 2067 1901 1782 1236 
2473 1652 1899 164 1238 1984 1525 2176 2333 160 1583 1572 1971 1382 1387 1402 1446 1241 444 2329 0 1857 227 510 2153 853 2077 326 2351 313 395 1145 1920 1736 252 1108 1445 1726 2174 1877 1594 1518 1059 1886 575 2333 1228 532 1135 748 1885 
916 1084 137 1725 842 185 409 603 767 1816 300 569 382 622 1342 1430 1391 1220 1622 705 1783 0 1867 1644 998 1244 687 1632 740 1670 1726 815 1020 318 1859 1111 533 1047 615 636 1539 637 1013 139 1655 758 806 1679 1515 1403 918 
2575 1723 1969 392 1309 2078 1596 2241 2435 320 1654 1643 2036 1453 1440 1455 1517 1294 590 2431 228 1931 0 586 2229 933 2141 472 2453 487 351 1216 1954 1808 192 1179 1516 1797 2239 1961 1665 1589 1137 1956 651 2435 1299 608 1204 894 1929 
1956 1150 1387 583 715 1468 1015 1650 1816 682 1073 1075 1451 875 842 791 929 689 460 1813 621 1345 699 0 1658 343 1560 395 1839 428 564 622 1383 1212 690 591 943 1213 1656 1390 1095 1001 584 1374 439 1817 705 481 606 405 1373 
1388 1401 1051 2057 1187 1074 945 632 1292 2148 1054 992 659 962 1658 1753 1714 1536 1954 1131 2112 944 2190 1982 0 1567 305 1993 1166 2031 2055 1163 697 1093 2181 1434 843 1365 539 381 1934 1239 1329 1038 1981 1422 1151 2002 1838 1719 370 
1852 1045 1278 643 623 1365 900 1547 1711 742 962 992 1348 783 750 699 825 597 537 1702 681 1236 759 636 1566 0 1457 611 1729 631 624 530 1291 1117 750 499 825 1135 1553 1287 1034 908 492 1265 570 1713 613 579 263 349 1281 
1147 1243 777 1852 1015 797 764 577 1051 1943 801 849 395 786 1486 1554 1515 1364 1746 881 1909 678 1987 1768 317 1368 0 1756 924 1794 1879 991 815 819 1978 1235 668 1207 484 219 1663 1063 1157 764 1779 1200 979 1808 1639 1547 368 
2209 1377 1639 201 963 1716 1267 1902 2073 292 1325 1314 1699 1124 1107 1049 1183 938 126 2063 322 1597 475 436 1905 588 1812 0 2087 38 556 867 1628 1463 466 836 1187 1455 1909 1638 1331 1248 810 1626 507 2063 953 464 851 422 1618 
272 1532 695 2147 1280 595 1040 530 232 2238 931 1142 692 1093 1751 1846 1829 1629 2044 36 2205 693 2283 2072 1162 1660 1002 2133 0 2171 2148 1256 1321 810 2274 1527 983 1496 643 944 1986 1244 1422 708 2090 576 1244 2104 1931 1815 1268 
2230 1415 1677 168 1001 1754 1305 1937 2090 254 1363 1352 1737 1162 1138 1073 1229 992 156 2096 312 1635 490 451 1944 626 1850 38 2108 0 571 908 1666 1516 481 874 1225 1508 1951 1676 1377 1295 848 1664 522 2114 991 479 889 460 1656 
2473 1652 1899 494 1238 1984 1525 2176 2333 556 1583 1572 1971 1382 1387 1402 1446 1241 513 2329 396 1857 351 509 2153 852 2077 529 2351 544 0 1145 1920 1736 292 1108 1445 1726 2174 1877 1594 1518 1059 1886 537 2333 1228 494 1135 917 1885 
1540 507 833 1066 93 944 472 1241 1400 1157 525 559 945 355 553 646 671 431 954 1391 1093 797 1171 979 1117 546 1018 1001 1418 1039 1045 0 957 648 1162 404 397 701 1247 864 821 427 224 820 998 1327 83 1017 809 613 832 
1699 1195 1249 1771 911 1213 946 1126 1559 1864 979 792 1091 738 1380 1476 1437 1258 1668 1550 1849 1150 1908 1690 631 1290 713 1678 1577 1716 1772 875 0 1176 1900 1157 846 1162 1033 789 1585 1214 1051 1236 1701 1561 866 1725 1561 1441 539 
962 1055 187 1612 735 296 398 749 782 1703 289 660 524 581 1224 1324 1314 1102 1509 762 1670 305 1748 1531 1080 1131 829 1519 797 1557 1613 693 1122 0 1739 982 555 1001 757 778 1462 467 887 174 1542 680 699 1566 1402 1278 1058 
2575 1723 1969 417 1309 2078 1596 2241 2435 413 1654 1643 2036 1453 1440 1455 1517 1294 584 2431 253 1931 192 580 2229 933 2141 466 2453 481 292 1216 1954 1808 0 1179 1516 1797 2239 1961 1665 1589 1137 1956 645 2435 1299 602 1204 888 1929 
1689 773 1011 899 359 1120 636 1385 1549 991 689 723 1098 519 551 500 457 398 793 1540 949 968 1020 892 1284 390 1200 867 1567 887 880 266 1020 842 1022 0 561 850 1391 1042 607 639 357 998 826 1525 349 835 601 554 999 
1342 669 573 1256 361 682 206 971 1202 1347 259 363 625 268 875 863 888 753 1153 1112 1314 531 1392 1175 936 763 710 1196 1147 1234 1257 334 875 453 1383 621 0 681 1009 560 1039 408 546 560 1208 1095 325 1210 1046 937 770 
1724 391 1028 1539 570 1137 659 1420 1584 1630 712 793 1121 513 1146 1227 1183 1025 1436 1575 1597 985 1675 1458 1356 1058 1212 1446 1602 1484 1540 588 1122 909 1666 908 584 0 1426 1042 1331 965 800 1015 1469 1541 534 1493 1329 1196 1071 
861 1422 694 2035 1174 666 884 107 765 2126 775 1046 479 983 1645 1740 1701 1523 1932 604 2112 652 2190 1960 586 1554 491 1993 639 2031 2055 1150 1020 793 2181 1421 862 1386 0 641 1934 1118 1316 707 1981 1125 1138 2002 1825 1706 760 
1083 1055 718 1679 800 738 558 671 992 1770 667 655 336 580 1324 1379 1340 1202 1576 822 1737 619 1817 1598 378 1198 201 1586 857 1624 1680 773 822 760 1809 1085 462 1001 616 0 1488 855 995 705 1609 1152 764 1633 1469 1385 332 
2110 1279 1536 1408 863 1614 1164 1796 1984 1499 1222 1212 1597 1022 1067 1004 446 932 1305 1976 1466 1494 1544 1327 1805 894 1706 1315 1988 1353 1409 770 1526 1370 1535 585 1084 1383 1813 1536 0 1169 873 1523 1338 1962 853 1362 933 1129 1516 
1397 1001 631 1340 551 740 427 1118 1235 1431 424 704 895 610 970 946 987 833 1237 1216 1398 635 1476 1259 1316 835 1084 1253 1251 1291 1341 458 1170 446 1467 693 476 1031 1127 946 1160 0 641 618 1276 1132 537 1294 1111 1032 1181 
1689 732 998 968 318 1107 628 1385 1549 1059 681 715 1098 511 393 522 754 271 862 1540 1009 957 1087 945 1276 459 1192 904 1567 939 979 225 1020 804 1078 428 553 857 1391 1042 915 617 0 985 895 1486 308 908 722 487 987 
894 1132 13 1736 863 122 440 660 754 1827 331 677 450 643 1363 1441 1402 1241 1633 659 1794 132 1873 1655 1036 1255 755 1643 694 1681 1737 836 1020 200 1890 1122 617 1067 683 704 1550 628 1034 0 1666 668 827 1690 1526 1424 987 
2285 1480 1725 536 1066 1807 1353 1996 2145 635 1411 1400 1785 1210 1195 1210 1281 1049 430 2148 572 1683 650 529 1994 693 1907 509 2163 524 533 973 1714 1564 641 942 1273 1554 2019 1724 1429 1346 936 1712 0 2145 1056 42 975 717 1704 
550 1532 635 2147 1280 584 997 936 397 2238 876 1142 789 1093 1751 1846 1829 1629 2044 619 2205 697 2283 2072 1363 1660 1101 2133 611 2171 2148 1256 1372 696 2274 1527 983 1496 1032 1042 1986 1138 1422 648 2090 0 1244 2104 1931 1815 1270 
1511 476 824 1096 51 933 457 1210 1371 1187 510 544 945 340 635 673 698 513 999 1362 1143 782 1221 987 1108 573 1018 1023 1389 1061 1086 82 957 673 1212 431 382 634 1216 849 848 509 306 811 1064 1362 0 1021 836 695 817 
2337 1522 1767 494 1108 1848 1395 2030 2197 593 1453 1442 1845 1252 1249 1264 1345 1103 388 2194 530 1725 608 487 2028 738 1940 467 2215 482 491 1015 1756 1606 599 1007 1315 1596 2035 1766 1493 1388 996 1754 45 2197 1098 0 1012 762 1746 
2110 1279 1536 883 863 1614 1164 1796 1984 978 1222 1212 1597 1022 994 946 805 837 777 1976 921 1494 1003 876 1805 240 1706 851 1988 871 864 770 1526 1370 990 613 1084 1383 1813 1536 1034 1169 732 1523 810 1962 853 819 0 589 1516 
1983 1159 1406 669 718 1496 1054 1678 1844 755 1112 1094 1479 934 793 825 952 671 533 1837 790 1384 947 839 1683 348 1588 468 1867 501 827 625 1408 1221 934 625 951 1249 1684 1418 1160 1043 464 1393 702 1847 708 744 611 0 1398 
1437 1206 1054 1780 911 1075 890 790 1341 1873 982 798 668 744 1389 1485 1446 1267 1677 1180 1849 957 1920 1699 382 1299 335 1687 1215 1725 1781 881 610 1096 1922 1166 794 1168 697 332 1594 1200 1060 1041 1710 1423 872 1734 1570 1450 0 
