15
15
3600
0
2564
1964
2664
1816
2395
2112
2476
2468
1935
1841
2469
2406
1868
1800
0 1117 951 999 1065 1446 915 1160 1186 1614 332 1220 945 1272 1074 
1154 0 1226 648 195 955 297 2240 333 1123 885 367 711 814 1145 
867 1172 0 1039 1120 1492 944 2060 1241 1660 663 1275 1014 1298 1145 
996 603 1038 0 551 713 435 2060 677 881 693 711 349 396 899 
1038 346 1148 455 0 745 366 2132 447 923 772 481 518 621 913 
1656 1213 1766 888 1141 0 1065 2960 1217 168 1398 1240 958 489 792 
932 318 981 448 405 730 0 2060 531 898 671 565 563 606 976 
1186 2354 2106 2151 2315 2680 2062 0 2442 2852 1486 2476 2087 2421 2220 
1184 293 1275 600 167 890 511 2272 0 1066 923 46 663 766 1074 
1693 1373 1808 980 1283 168 1231 2960 1361 0 1435 1384 983 656 816 
340 794 692 673 742 1133 589 1372 868 1301 0 915 620 947 747 
1218 327 1305 634 201 955 545 2333 46 1123 959 0 697 800 1093 
938 656 1012 339 604 955 548 2060 730 1001 669 764 0 470 781 
1257 858 1305 399 806 537 683 2333 947 656 966 981 480 0 804 
1049 1047 1149 950 995 810 941 2132 1116 816 782 1150 809 780 0 
0 1201 951 986 1215 1587 915 1232 1404 1755 325 1423 979 1331 1252 
1166 0 1313 689 195 985 297 2373 339 1153 885 373 780 858 1252 
889 1252 0 1039 1265 1637 953 2132 1454 1823 677 1473 1058 1373 1341 
1008 640 1108 0 581 720 449 2202 732 888 728 766 349 396 1011 
1166 359 1262 494 0 789 407 2373 496 979 875 530 585 663 1074 
1524 928 1596 675 867 0 735 2960 1086 168 1243 1105 897 489 797 
944 318 1029 453 421 748 0 2132 571 923 678 605 593 622 1074 
1150 2338 2066 2166 2345 2755 2051 0 2556 2923 1419 2572 2180 2509 2423 
1349 307 1447 668 174 976 581 2525 0 1144 1062 46 759 837 1252 
1729 1116 1808 843 1065 168 904 2960 1254 0 1448 1273 983 656 816 
347 888 723 680 862 1259 596 1441 1086 1427 0 1105 666 999 905 
1387 341 1475 702 208 999 615 2583 46 1167 1103 0 793 871 1286 
1008 797 1072 348 738 955 650 2202 889 1001 704 939 0 490 830 
1303 783 1386 399 724 537 592 2486 875 656 1007 927 480 0 806 
1239 1419 1351 1011 1368 844 1260 2446 1557 850 976 1576 952 780 0 
0 1369 1097 1145 1327 1704 1129 1545 1527 1879 313 1591 1134 1538 1260 
1310 0 1432 843 235 1067 367 2562 469 1222 992 503 952 980 1445 
1071 1477 0 1292 1435 1870 1334 2288 1635 2038 806 1699 1288 1692 1475 
1310 814 1432 0 754 965 683 2562 944 1133 992 1010 568 573 1148 
1472 457 1616 608 0 837 454 2960 567 1001 1154 601 723 710 1207 
2027 1437 2121 1123 1320 0 1374 3240 1420 168 1706 1454 1187 554 914 
1093 381 1212 706 493 890 0 2320 705 1042 777 739 831 763 1302 
1411 2583 2282 2423 2543 2993 2253 0 2734 3133 1545 2764 2403 2785 2457 
1644 379 1794 799 191 1016 645 2960 0 1177 1326 46 936 922 1387 
2027 1585 2121 1190 1468 177 1555 3240 1572 0 1706 1606 1187 706 919 
433 1078 812 916 1036 1417 788 1644 1236 1585 0 1300 864 1236 882 
1682 413 1851 833 225 1056 679 2960 46 1222 1364 0 950 973 1445 
1350 1060 1464 601 1018 1331 963 2617 1210 1311 1032 1274 0 728 1148 
1771 1190 1851 548 1148 688 1078 3061 1285 719 1453 1319 697 0 1184 
1409 1404 1570 1234 1362 965 1311 2682 1562 923 1091 1626 1071 1068 0 
0 1246 996 1080 1186 1642 1037 1564 1428 1844 314 1469 1098 1474 1168 
1368 0 1552 850 217 1204 411 2488 490 1405 1059 565 952 1021 1294 
1020 1409 0 1253 1349 1799 1165 2206 1591 1984 790 1632 1249 1631 1313 
1079 741 1299 0 686 870 509 2228 868 1075 815 949 514 520 1081 
1239 450 1438 633 0 964 474 2373 608 1165 934 683 740 769 1081 
1703 1107 1851 864 1047 0 878 3071 1289 186 1394 1330 1150 614 1075 
1056 403 1256 552 476 855 0 2228 658 1034 792 733 714 676 1081 
1354 2443 2259 2271 2395 2814 2246 0 2564 2996 1522 2619 2288 2686 2372 
1478 389 1671 858 236 1204 699 2607 0 1405 1169 75 952 1021 1294 
1949 1321 2090 1080 1261 200 1086 3227 1503 0 1629 1544 1334 814 1073 
421 967 802 796 917 1347 701 1756 1152 1548 0 1193 824 1179 839 
1513 423 1702 892 270 1231 733 2631 46 1432 1204 0 980 1083 1324 
1096 868 1299 531 813 1260 693 2233 1042 1324 829 1083 0 719 1076 
1480 977 1654 520 934 708 737 2607 1152 746 1171 1193 673 0 1081 
1342 1369 1585 1260 1309 991 1206 2463 1551 1012 1033 1592 1239 1179 0 
0 1231 1054 1110 1179 1542 1009 1351 1331 1734 329 1359 1029 1478 1187 
1381 0 1457 822 256 1161 354 2631 478 1353 1079 512 934 1094 1400 
1095 1434 0 1306 1382 1731 1206 2369 1534 1953 837 1562 1257 1663 1434 
1182 703 1237 0 652 885 568 2492 843 1090 857 877 440 511 1129 
1272 498 1311 566 0 964 467 2533 638 1156 959 672 663 789 1129 
1870 1546 2046 1091 1490 0 1298 3113 1605 182 1607 1605 1184 597 970 
1135 435 1194 537 461 860 0 2492 652 1064 797 686 656 731 1129 
1343 2453 2287 2270 2401 2811 2246 0 2572 3004 1560 2606 2304 2687 2347 
1454 375 1520 762 207 1084 663 2686 0 1276 1148 46 859 972 1350 
1870 1584 2046 1198 1532 345 1336 3113 1684 0 1607 1712 1184 762 991 
401 864 791 734 813 1229 698 1584 1008 1421 0 1036 720 1145 782 
1484 409 1556 796 241 1129 697 2960 46 1321 1181 0 893 1032 1382 
1118 767 1194 448 716 1133 632 2492 918 1178 790 946 0 617 1083 
1502 1105 1574 507 1053 737 927 2960 1205 801 1200 1233 677 0 1187 
1381 1362 1493 1265 1310 1017 1178 2631 1462 991 1079 1490 1105 1178 0 
0 1224 1075 1074 1207 1581 1023 1364 1352 1770 309 1408 987 1433 1124 
1286 0 1414 821 259 1127 396 2351 497 1316 970 524 910 1040 1318 
1071 1397 0 1282 1380 1760 1161 2202 1525 1942 787 1581 1220 1610 1343 
1090 753 1214 0 754 866 530 2202 921 1071 783 977 449 504 1110 
1262 503 1406 616 0 960 490 2333 672 1157 946 699 700 833 1110 
1746 1140 1862 821 1123 0 899 2960 1268 231 1430 1324 1146 656 955 
1040 455 1169 537 545 858 0 2202 713 1071 726 740 659 754 1110 
1463 2643 2470 2428 2594 2971 2444 0 2754 3142 1709 2788 2384 2805 2597 
1471 407 1587 811 244 1127 685 2523 0 1298 1155 46 895 1037 1318 
1926 1333 2050 1064 1316 205 1116 3075 1461 0 1610 1517 1249 806 937 
430 935 824 739 940 1298 742 1548 1076 1487 0 1132 669 1197 889 
1505 425 1621 829 262 1127 703 2584 49 1316 1189 0 934 1107 1318 
1116 856 1272 484 857 1213 712 2202 997 1240 804 1053 0 704 1016 
1471 972 1587 542 991 697 745 2523 1130 769 1155 1186 628 0 1110 
1312 1293 1481 1207 1276 1009 1139 2383 1421 1008 996 1477 1101 1139 0 
0 1175 1013 1036 1175 1502 965 1575 1310 1687 314 1344 997 1351 1124 
1359 0 1473 836 282 1117 352 2547 420 1302 1066 454 896 1020 1328 
1024 1382 0 1185 1382 1719 1121 2224 1517 1914 808 1551 1184 1504 1345 
1120 692 1245 0 697 835 488 2321 789 1059 819 823 424 586 1113 
1169 412 1328 590 0 879 453 2364 563 1069 896 597 650 749 1113 
1614 1024 1754 758 977 0 807 3124 1172 252 1321 1206 1051 576 952 
1033 461 1150 534 505 823 0 2224 597 1059 758 631 647 693 1113 
1325 2391 2207 2235 2364 2769 2206 0 2529 2966 1503 2563 2154 2627 2412 
1359 384 1504 761 248 1046 624 2547 0 1231 1066 46 821 942 1230 
1826 1218 1927 973 1218 185 1007 3124 1353 0 1511 1387 1239 761 994 
415 854 766 710 859 1213 656 1783 981 1398 0 1015 690 1084 893 
1391 418 1554 795 282 1080 658 2586 46 1265 1098 0 855 976 1295 
1053 755 1198 451 760 1117 629 2294 852 1182 756 886 0 716 1041 
1456 872 1554 510 877 638 668 2645 1034 838 1160 1068 615 0 1113 
1196 1227 1369 1115 1227 962 1088 2425 1362 984 942 1396 1075 1019 0 
0 1231 982 1102 1213 1564 1048 2060 1372 1778 322 1396 1076 1445 1217 
1421 0 1493 832 224 1076 381 2530 453 1292 1112 487 843 997 1360 
1028 1420 0 1234 1402 1747 1198 2202 1561 1958 789 1585 1243 1626 1418 
1043 712 1222 0 678 827 508 2202 845 1057 767 879 440 499 1111 
1179 417 1367 621 0 891 436 2333 577 1110 909 611 632 761 1154 
1716 1085 1791 833 1067 0 844 2960 1226 272 1362 1250 1122 622 991 
1051 399 1222 598 475 868 0 2202 642 1095 770 676 642 738 1154 
1335 2532 2334 2352 2497 2907 2251 0 2610 3089 1558 2657 2376 2685 2394 
1482 395 1553 820 236 1056 635 2600 0 1278 1131 46 831 986 1321 
1968 1295 2001 992 1277 196 1051 3116 1436 0 1568 1460 1222 750 991 
387 912 795 796 877 1295 729 2060 1091 1509 0 1115 764 1144 855 
1486 404 1565 829 245 1067 644 2600 46 1289 1138 0 840 997 1360 
1021 764 1194 382 730 1095 638 2202 897 1214 741 940 0 582 1055 
1482 912 1553 510 873 685 693 2600 1086 955 1131 1110 625 0 1154 
1210 1231 1428 1117 1213 971 1088 2333 1372 999 922 1396 1068 1030 0 
0 1228 1006 1067 1196 1592 1010 1302 1423 1781 316 1431 1072 1480 1098 
1364 0 1393 841 232 1131 330 2494 515 1320 1052 542 945 1096 1300 
991 1339 0 1163 1307 1686 1106 2132 1534 1879 734 1542 1185 1588 1266 
1152 746 1201 0 699 833 539 2272 1023 1016 849 1031 495 474 1077 
1247 432 1288 609 0 888 477 2350 695 1082 939 710 713 812 1077 
2131 1564 2279 1224 1490 0 1341 3238 1602 188 1797 1597 1269 644 1213 
1131 388 1177 579 473 811 0 2233 747 1002 824 774 683 735 1077 
1285 2566 2315 2313 2507 2823 2250 0 2698 3024 1547 2739 2328 2674 2384 
1460 421 1469 820 241 1114 688 2593 0 1303 1148 46 936 1033 1300 
2146 1587 2292 1340 1555 230 1364 3238 1782 0 1832 1790 1286 848 1213 
430 928 775 753 877 1298 719 1509 1119 1487 0 1127 752 1182 853 
1495 440 1504 839 260 1131 707 2651 46 1320 1183 0 945 1096 1300 
1077 827 1159 442 780 1178 689 2202 1091 1237 779 1099 0 605 1077 
1495 1089 1504 513 1057 633 885 2651 1284 752 1183 1292 678 0 1077 
1364 1339 1453 1233 1307 974 1194 2494 1534 1001 1052 1542 1129 1161 0 
0 1241 1025 1078 1272 1631 987 1433 1442 1854 318 1476 1102 1476 1140 
1389 0 1420 888 262 1159 380 2960 480 1373 1079 511 988 1107 1364 
1076 1391 0 1183 1499 1855 1108 2501 1669 2046 783 1703 1201 1581 1330 
1178 774 1235 0 752 869 595 2598 923 1088 852 957 482 496 1100 
1331 433 1343 640 0 867 464 2960 628 1088 990 659 747 798 1100 
2056 1533 2159 1166 1381 0 1342 3183 1458 196 1708 1495 1252 629 1035 
1086 421 1170 580 540 807 0 2501 704 1009 768 735 743 738 1100 
1239 2606 2242 2346 2648 2946 2212 0 2819 3137 1503 2853 2320 2666 2424 
1520 388 1572 845 221 1107 669 2960 0 1321 1207 46 952 1038 1313 
2056 1618 2159 1207 1544 168 1342 3183 1621 0 1707 1658 1200 787 1021 
499 958 841 778 983 1371 694 1618 1164 1585 0 1198 817 1223 886 
1561 438 1610 895 271 1159 719 2960 80 1373 1251 0 988 1107 1364 
1132 912 1203 462 880 1230 727 2571 1056 1280 808 1090 0 641 1023 
1554 1204 1603 566 1168 605 1006 2960 1279 775 1244 1316 707 0 1119 
1251 1308 1336 1106 1272 984 1112 2960 1442 961 918 1476 1112 1096 0 
0 1429 1090 1329 1573 1954 1143 1433 1744 2122 326 1778 1331 1708 1390 
1417 0 1644 997 306 1241 381 2508 538 1378 1199 560 1120 1148 1521 
1056 1525 0 1430 1669 2061 1213 2272 1844 2229 784 1878 1432 1813 1512 
1317 895 1316 0 881 804 553 2401 1099 979 836 1133 473 529 1098 
1573 484 1680 760 0 1029 523 2960 693 1145 1109 702 861 916 1283 
1951 1215 2004 783 1187 0 841 3032 1396 173 1449 1422 1147 618 979 
1246 426 1272 851 572 1106 0 2333 770 1222 909 779 1046 989 1334 
1366 2712 2179 2625 2950 3277 2385 0 3024 3373 1557 3058 2577 2904 2824 
1828 468 1920 977 228 1199 732 2960 0 1336 1357 46 1053 1101 1484 
2152 1356 2223 987 1328 193 1049 3234 1565 0 1663 1597 1266 792 1053 
427 1170 779 992 1295 1699 799 1691 1485 1841 0 1519 1004 1330 1098 
1869 508 1967 997 268 1241 772 2960 67 1378 1406 0 1115 1148 1517 
1284 1039 1288 469 1011 1175 850 2401 1234 1252 813 1268 0 653 1098 
1725 1140 1851 530 1112 694 750 2960 1318 801 1265 1344 688 0 1098 
1541 1573 1487 1218 1545 1038 1387 2645 1782 1046 1096 1821 1153 1074 0 
0 1291 996 1403 1457 1944 1037 1329 1633 2112 349 1667 1332 1705 1592 
1416 0 1496 847 253 1373 313 2471 465 1513 1097 499 1017 1167 1589 
1139 1404 0 1403 1570 1954 1119 2202 1746 2122 750 1780 1379 1705 1621 
1246 760 1326 0 741 1029 471 2333 898 1160 794 940 483 559 1136 
1533 391 1522 652 0 1179 503 2601 554 1319 1062 588 819 1021 1430 
1889 1140 1860 751 1142 0 788 2960 1253 168 1436 1276 1102 608 847 
1195 329 1289 607 494 1133 0 2229 668 1273 845 702 863 979 1449 
1372 2530 2171 2416 2641 2968 2280 0 2824 3136 1557 2836 2435 2729 2606 
1694 357 1669 834 196 1338 649 2960 0 1478 1250 46 1017 1167 1589 
2049 1281 2058 927 1309 168 960 3140 1385 0 1612 1408 1146 668 866 
504 1037 783 1044 1203 1631 782 1586 1393 1771 0 1427 1017 1366 1114 
1716 391 1691 868 230 1338 683 2960 46 1478 1272 0 1039 1156 1589 
1246 1013 1298 444 1010 1068 785 2333 1191 1069 780 1225 0 617 1050 
1629 993 1606 510 1011 666 667 2960 1123 677 1178 1146 584 0 1050 
1491 1532 1353 1185 1556 859 1247 2553 1752 865 1077 1786 1033 986 0 
0 1202 939 1044 1230 1601 915 1302 1340 1722 314 1374 1011 1297 1074 
1238 0 1278 674 195 1010 297 2272 360 1178 894 394 782 883 1158 
976 1261 0 1095 1294 1665 967 2060 1404 1841 663 1438 1039 1332 1184 
1124 646 1149 0 587 768 459 2202 775 941 750 809 451 396 1003 
1157 367 1192 480 0 814 392 2202 510 1001 817 544 588 689 976 
1849 1219 1851 888 1151 0 1065 2960 1217 168 1508 1240 979 489 809 
1034 318 1029 469 421 797 0 2060 599 979 690 633 628 672 1011 
1228 2365 2114 2190 2313 2653 2110 0 2443 2842 1492 2477 2179 2494 2263 
1299 302 1349 631 169 976 543 2333 0 1144 969 46 739 840 1158 
1905 1369 1893 980 1294 168 1240 2960 1361 0 1555 1384 1024 656 833 
414 900 712 729 950 1342 610 1512 1086 1510 0 1120 711 979 764 
1347 336 1377 665 203 1001 577 2385 46 1169 1011 0 773 874 1158 
1101 850 1104 352 791 994 683 2132 983 1046 727 1017 0 474 884 
1388 912 1408 399 852 537 707 2419 1032 671 1033 1061 483 0 841 
1157 1247 1218 1038 1220 846 1123 2202 1330 844 819 1364 945 797 0 
0 1098 933 950 1046 1431 858 1232 1186 1599 289 1220 896 1217 1074 
1171 0 1318 666 195 976 297 2272 333 1144 885 367 732 830 1189 
880 1224 0 1058 1172 1551 953 2060 1312 1719 670 1346 1036 1322 1215 
1009 617 1149 0 565 715 441 2132 723 883 709 757 349 396 913 
1091 355 1206 481 0 771 388 2202 490 941 813 524 547 645 1012 
1472 923 1553 679 871 0 732 2566 1039 168 1214 1073 910 490 792 
996 318 1134 458 410 734 0 2060 565 923 683 599 568 608 1029 
1179 2229 2049 2088 2177 2556 1997 0 2298 2741 1423 2332 2047 2358 2163 
1275 322 1412 677 196 976 584 2377 0 1144 1016 46 743 841 1189 
1618 1098 1722 847 1046 168 900 2960 1186 0 1360 1220 983 658 816 
358 828 712 678 776 1158 589 1433 947 1326 0 981 627 966 771 
1298 356 1424 711 230 1004 618 2403 46 1172 1040 0 777 875 1215 
991 678 1104 348 626 955 559 2060 784 1001 685 818 0 484 857 
1275 779 1404 420 727 539 588 2377 885 656 1007 921 501 0 861 
1091 1098 1206 972 1046 810 980 2202 1186 816 808 1220 936 819 0 
0 1098 909 950 1046 1415 861 1232 1167 1583 289 1201 890 1220 1145 
1163 0 1214 674 275 955 297 2233 333 1123 885 367 729 828 1231 
869 1206 0 1058 1154 1535 955 2060 1275 1703 660 1309 1036 1319 1263 
1005 609 1029 0 637 716 442 2132 678 884 693 712 349 458 1024 
1075 350 1149 485 0 763 380 2132 445 941 794 479 540 639 1050 
1447 899 1519 692 925 0 725 2504 971 168 1180 1005 952 489 797 
922 340 979 467 484 734 0 2060 525 923 663 559 565 610 1071 
1143 2170 2037 2047 2118 2497 1965 0 2239 2665 1389 2273 2020 2317 2139 
1212 306 1274 631 174 955 526 2333 0 1123 945 46 686 785 1171 
1619 1069 1716 860 1017 168 893 2661 1138 0 1352 1172 983 656 816 
340 809 688 679 837 1158 592 1433 878 1326 0 915 621 966 841 
1261 340 1311 665 208 955 560 2333 46 1123 979 0 720 819 1231 
941 668 1006 348 696 955 561 2060 737 1001 669 771 0 497 861 
1261 756 1311 399 784 537 582 2333 825 656 979 859 481 0 807 
1047 1069 1149 950 1017 815 960 2132 1138 821 779 1172 936 780 0 
