11
15
3600
0
2564
1964
2664
1816
2395
2112
2476
2468
1935
1841
0 184 826 1412 189 1232 330 618 1030 339 628 
201 0 933 1490 366 1310 429 717 1138 438 727 
879 920 0 1377 977 1197 601 617 1051 723 558 
1322 1358 1350 0 1403 243 1033 806 1222 1086 1014 
190 374 933 1490 0 1310 433 721 1138 442 731 
1123 1159 1135 240 1204 0 830 621 1030 892 826 
278 315 665 1225 371 1045 0 455 862 178 467 
487 524 510 952 580 768 209 0 620 271 205 
985 1021 1032 1201 1092 1021 729 520 0 791 725 
453 490 620 1166 546 986 175 398 831 0 391 
622 659 604 1128 715 948 344 371 744 445 0 
0 202 980 1536 189 1338 375 694 1203 384 646 
216 0 1145 1652 381 1454 499 818 1328 508 770 
1234 1289 0 1600 1135 1402 775 786 1298 910 579 
1531 1570 1592 0 1586 243 1209 856 1328 1218 1146 
190 386 1145 1630 0 1432 482 801 1298 491 753 
1354 1383 1342 240 1397 0 1023 673 1138 1031 929 
412 456 835 1398 484 1200 0 557 1045 249 511 
745 789 662 1041 817 856 351 0 704 352 255 
1131 1186 1269 1302 1174 1104 852 576 0 863 740 
585 643 718 1339 563 1141 187 518 997 0 394 
871 922 703 1213 969 1015 477 413 792 488 0 
0 238 1112 1793 293 1588 561 889 1392 517 786 
238 0 1193 1765 430 1560 642 881 1392 598 867 
1285 1316 0 1793 1413 1588 821 952 1453 958 752 
1662 1693 1640 0 1790 314 1357 982 1436 1409 1317 
253 471 1257 1990 0 1768 676 1113 1614 632 905 
1384 1415 1350 273 1512 0 1025 720 1177 1131 1069 
564 603 853 1537 695 1332 0 660 1143 220 489 
812 851 657 1159 938 966 310 0 839 448 369 
1341 1372 1350 1432 1469 1227 1022 716 0 1088 986 
806 845 802 1511 849 1306 295 591 1143 0 438 
1012 1045 788 1432 1134 1227 512 502 965 620 0 
0 281 1041 1581 263 1374 432 726 1273 432 703 
264 0 1161 1769 470 1562 589 883 1459 589 860 
1157 1168 0 1638 1273 1431 772 778 1378 964 852 
1472 1483 1481 0 1588 275 1111 884 1388 1266 1184 
279 509 1161 1769 0 1562 590 884 1459 590 861 
1287 1298 1287 281 1403 0 918 670 1163 1078 975 
376 408 799 1371 479 1164 0 502 1018 205 489 
610 642 625 1088 713 880 241 0 770 389 307 
1217 1228 1253 1355 1333 1148 869 628 0 993 884 
619 651 764 1342 722 1135 243 477 1057 0 454 
795 827 764 1302 898 1095 426 434 943 518 0 
0 257 1087 1649 271 1438 458 757 1246 464 729 
328 0 1233 1752 508 1541 582 881 1375 588 853 
1122 1146 0 1702 1191 1491 752 813 1332 897 728 
1503 1527 1563 0 1575 294 1141 915 1409 1270 1161 
302 499 1233 1702 0 1491 532 831 1323 538 803 
1289 1313 1352 308 1361 0 919 694 1204 1036 1010 
353 378 804 1418 456 1207 0 477 973 184 454 
564 589 624 1142 667 921 214 0 736 308 306 
1189 1213 1282 1418 1261 1207 841 627 0 960 857 
564 589 768 1418 667 1207 211 476 1013 0 418 
734 759 754 1326 837 1115 384 402 882 479 0 
0 245 1097 1630 289 1422 499 792 1334 503 754 
268 0 1200 1729 450 1521 579 872 1409 583 834 
1124 1143 0 1613 1246 1405 743 789 1342 872 704 
1468 1487 1506 0 1588 301 1114 883 1409 1223 1110 
257 497 1200 1752 0 1544 596 889 1409 600 851 
1255 1274 1318 265 1375 0 916 657 1143 979 943 
385 402 779 1328 485 1120 0 496 978 207 471 
627 644 603 1069 727 866 246 0 777 299 275 
1181 1200 1239 1340 1301 1132 847 601 0 900 831 
578 595 702 1307 678 1099 193 477 999 0 394 
784 801 713 1226 884 1018 403 358 876 435 0 
0 276 1033 1570 240 1365 441 721 1247 442 718 
324 0 1194 1723 432 1518 597 877 1426 598 874 
1085 1110 0 1599 1178 1394 742 754 1281 872 723 
1447 1472 1506 0 1543 291 1112 877 1398 1230 1097 
259 465 1194 1723 0 1518 571 851 1398 572 848 
1199 1224 1286 257 1295 0 861 641 1151 986 863 
325 356 757 1336 448 1131 0 489 986 192 487 
540 571 588 1041 663 830 220 0 687 325 222 
1165 1190 1286 1365 1261 1160 852 632 0 959 854 
550 581 694 1279 673 1074 225 427 935 0 424 
696 727 720 1176 819 966 376 332 820 468 0 
0 262 1042 1644 227 1418 415 719 1244 434 690 
230 0 1145 1762 422 1536 524 828 1370 543 799 
1092 1113 0 1667 1207 1441 704 748 1340 866 663 
1539 1560 1556 0 1642 296 1190 926 1436 1279 1189 
240 481 1197 1852 0 1628 559 863 1413 578 834 
1323 1344 1322 288 1426 0 982 692 1203 1071 953 
378 407 777 1392 475 1166 0 483 992 198 456 
600 629 613 1112 697 887 227 0 777 389 252 
1237 1258 1288 1452 1340 1226 870 643 0 1000 889 
573 602 735 1379 670 1153 195 486 1039 0 414 
764 793 735 1359 861 1133 391 442 942 467 0 
0 224 1090 1686 263 1465 501 789 1253 517 777 
310 0 1189 1797 501 1576 595 883 1331 611 871 
1105 1126 0 1659 1217 1438 714 792 1284 855 737 
1563 1584 1578 0 1661 318 1201 959 1373 1337 1346 
278 502 1189 1798 0 1577 609 897 1358 625 885 
1303 1324 1313 300 1401 0 917 674 1142 1084 1027 
374 407 763 1380 476 1159 0 483 989 211 474 
600 633 600 1119 702 897 230 0 816 371 302 
1226 1247 1238 1380 1324 1159 855 625 0 978 926 
620 653 735 1424 722 1203 246 540 1049 0 446 
797 830 715 1329 899 1108 427 476 860 568 0 
0 272 1062 1765 242 1545 499 798 1299 510 807 
357 0 1196 1950 528 1687 644 965 1449 655 967 
1123 1172 0 1626 1190 1406 706 783 1254 872 747 
1645 1687 1521 0 1712 293 1186 930 1383 1336 1277 
273 534 1195 1922 0 1667 628 930 1449 639 940 
1448 1489 1340 307 1515 0 969 727 1174 1123 1073 
440 497 764 1394 515 1174 0 494 1004 206 512 
662 719 602 1130 737 926 239 0 806 389 336 
1293 1334 1256 1437 1360 1217 863 624 0 985 888 
661 718 733 1378 736 1158 221 538 1040 0 481 
842 899 755 1315 920 1095 419 437 908 569 0 
0 269 1212 1924 268 1691 584 977 1623 607 911 
335 0 1367 1880 493 1634 739 1031 1699 762 1107 
1356 1421 0 1852 1434 1611 741 765 1342 881 723 
1877 1855 1833 0 1929 288 1436 1174 1489 1533 1403 
282 491 1329 2105 0 1863 690 1095 1774 713 1027 
1625 1604 1542 281 1703 0 1162 898 1175 1313 1142 
614 638 862 1609 680 1375 0 572 1149 216 521 
920 931 674 1343 992 1109 292 0 848 432 332 
1516 1474 1452 1532 1594 1298 1042 778 0 1204 964 
842 866 825 1645 784 1411 240 554 1133 0 484 
1128 1193 805 1595 1206 1361 539 528 958 666 0 
0 214 1237 1904 193 1623 475 848 1399 521 823 
228 0 1421 1933 395 1650 644 1044 1481 690 995 
1395 1486 0 2026 1444 1726 809 811 1362 934 712 
1749 1728 1841 0 1829 278 1362 1121 1352 1486 1396 
190 404 1379 2026 0 1736 614 1043 1481 660 964 
1501 1460 1637 248 1636 0 1160 919 1174 1284 1173 
563 654 1225 1889 641 1606 0 831 1399 504 806 
837 931 679 1457 920 1178 284 0 892 391 298 
1391 1380 1522 1554 1466 1275 1004 759 0 1128 954 
730 821 885 1590 655 1311 189 582 1144 0 499 
1066 1157 783 1598 1145 1319 513 524 903 562 0 
0 206 879 1549 192 1365 355 668 1096 366 630 
225 0 980 1633 389 1449 463 776 1225 474 738 
1111 1141 0 1558 1181 1374 687 686 1139 792 617 
1428 1458 1411 0 1498 252 1092 863 1262 1224 1077 
190 386 1017 1657 0 1473 490 803 1231 501 765 
1223 1253 1211 259 1293 0 892 648 1051 1000 864 
409 462 721 1383 492 1199 0 502 928 203 472 
648 701 536 1028 731 819 244 0 653 349 216 
1170 1200 1125 1346 1240 1162 789 545 0 886 761 
613 666 670 1329 600 1145 204 457 910 0 421 
851 908 647 1170 936 986 447 380 811 505 0 
0 187 868 1405 189 1225 341 638 1138 352 589 
201 0 1007 1518 366 1338 450 747 1223 461 698 
962 992 0 1430 1061 1250 656 691 1144 780 619 
1369 1393 1405 0 1441 243 1082 802 1223 1080 1014 
190 377 1028 1528 0 1348 467 764 1229 478 715 
1194 1218 1207 240 1266 0 831 617 1051 888 822 
296 337 707 1248 416 1068 0 464 957 190 428 
510 551 544 964 630 779 214 0 683 271 205 
1047 1073 1173 1210 1129 1030 758 544 0 815 740 
471 512 649 1174 587 994 175 404 898 0 370 
662 703 645 1094 782 911 366 338 774 412 0 
0 183 941 1405 189 1225 342 629 1051 351 578 
201 0 1034 1494 366 1314 447 734 1138 456 683 
894 940 0 1370 991 1190 604 620 1051 723 561 
1286 1322 1340 0 1379 243 1009 796 1221 1084 1035 
190 373 1032 1494 0 1314 443 730 1138 452 679 
1115 1151 1214 246 1208 0 823 611 1016 882 816 
291 327 765 1225 388 1045 0 454 858 178 406 
502 538 611 944 599 759 212 0 616 271 205 
1016 1052 1144 1201 1127 1021 750 538 0 809 743 
470 506 720 1164 563 984 179 398 827 0 361 
643 679 621 1110 740 930 353 364 742 424 0 
