25
10
5400
0
1085
1005
908
1075
1392
1002
1266
900
1124
929
915
1161
1436
1202
1285
1219
923
1471
1102
1292
1293
1310
1363
905
0 1178 685 633 1018 809 418 982 1301 304 1330 731 488 1020 823 141 1233 744 934 1140 1162 470 499 597 710 
1177 0 611 675 479 691 870 1770 1362 911 413 1556 1307 1845 775 1042 2106 843 417 860 880 976 1134 808 616 
738 628 0 629 632 410 592 1256 1254 546 913 1014 763 1316 727 608 1555 765 315 754 774 693 767 665 229 
567 721 609 0 589 425 244 1165 926 379 894 916 658 1184 355 432 1399 168 598 705 727 304 526 210 447 
1005 575 609 512 0 528 707 1598 1141 747 551 1360 1111 1656 612 867 1917 680 393 609 629 808 979 645 453 
814 663 389 409 531 0 562 1418 1149 543 836 1188 939 1484 509 679 1723 577 483 690 710 663 816 542 183 
426 847 613 290 715 551 0 1091 1076 309 1020 831 588 1109 506 323 1324 401 724 856 878 139 304 285 499 
980 1742 1247 1161 1595 1419 1075 0 1868 847 1895 612 818 1184 1397 854 1377 1271 1548 1742 1762 1176 1210 1155 1343 
1270 1483 1344 978 1195 1160 971 1863 0 1082 1567 1649 1400 1947 715 1135 2196 931 1345 626 674 1016 1107 810 1182 
440 878 446 352 746 570 243 1071 1076 0 1085 804 561 1090 559 335 1299 463 692 896 918 344 462 316 471 
1348 462 921 859 551 875 1056 1971 1477 1094 0 1727 1478 2003 959 1213 2269 1039 726 1024 1044 1157 1310 999 800 
412 1178 692 619 1018 837 510 871 1296 291 1330 0 380 901 826 299 1115 730 959 1167 1189 601 630 583 738 
655 1417 936 862 1270 1089 753 545 1533 534 1569 243 0 784 1069 542 1001 1006 1202 1412 1434 844 873 826 986 
980 1742 1271 1161 1595 1419 1075 1166 1868 853 1895 854 611 0 1397 861 394 1271 1564 1742 1762 1176 1210 1155 1343 
824 818 706 389 629 522 523 1433 721 553 991 1188 939 1484 0 689 1723 350 695 402 424 506 657 243 544 
141 1021 562 510 881 686 295 885 1208 171 1196 639 396 935 700 0 1145 621 808 1015 1037 347 376 474 587 
1179 1950 1455 1365 1799 1607 1279 1380 2108 1061 2109 1055 810 395 1601 1066 0 1475 1729 1936 1958 1368 1397 1359 1508 
808 919 806 258 786 622 441 1409 968 620 1097 1149 899 1460 346 673 1723 0 795 696 718 416 654 255 644 
980 450 302 636 430 527 820 1551 1309 783 734 1320 1071 1609 736 836 1868 804 0 810 830 921 1021 769 385 
1148 1069 868 713 709 722 906 1769 626 877 1028 1555 1306 1845 413 1013 2106 695 911 0 48 851 1006 588 706 
1177 1090 890 735 729 744 929 1770 674 899 1053 1556 1307 1845 435 1042 2106 717 940 48 0 873 1035 610 728 
497 956 722 294 822 658 139 1203 1076 418 1128 950 697 1280 462 394 1499 371 831 812 834 0 238 273 608 
503 1127 808 532 971 806 304 1203 1208 544 1279 958 712 1280 660 400 1499 609 979 1010 1032 238 0 417 754 
619 913 735 295 781 617 324 1213 782 431 1097 953 710 1280 245 484 1499 259 790 595 617 315 414 0 639 
759 641 229 488 509 183 494 1365 1141 488 814 1118 855 1419 577 624 1650 615 340 613 633 595 748 583 0 
0 1415 759 842 1314 1023 448 1209 1630 352 1686 781 502 1254 1094 169 1678 1008 1060 1443 1477 500 568 808 827 
1479 0 621 733 480 781 1124 2140 1423 1109 424 1719 1439 2292 997 1305 2639 960 417 896 916 1116 1418 1057 662 
758 658 0 679 654 419 732 1476 1312 597 945 1063 774 1556 924 633 1936 917 315 792 808 784 852 866 229 
785 994 836 0 804 651 361 1526 1076 580 1179 1127 833 1636 532 634 1964 259 805 964 979 386 690 280 683 
1306 648 639 566 0 614 938 1996 1156 938 569 1584 1304 2095 816 1132 2430 825 413 648 664 954 1256 846 495 
1038 835 422 481 641 0 842 1738 1262 671 988 1324 1044 1832 731 831 2127 740 546 749 765 867 1021 761 190 
562 1181 798 394 1008 840 0 1422 1246 455 1418 994 708 1556 679 463 1887 534 994 1160 1209 159 350 399 748 
1216 2189 1532 1538 2054 1821 1326 0 2286 1023 2425 769 1010 1598 1778 1027 1936 1844 1854 2198 2219 1418 1470 1439 1664 
1762 1519 1343 1079 1205 1305 1354 2492 0 1392 1607 2147 1842 2654 778 1614 3012 1196 1351 641 674 1293 1389 981 1165 
516 1135 509 555 971 710 372 1339 1280 0 1372 923 644 1425 753 417 1867 766 770 1138 1177 441 509 482 520 
1667 502 934 894 558 936 1311 2413 1581 1297 0 2071 1752 2579 1110 1519 2934 1231 727 1047 1062 1278 1580 1174 823 
427 1343 683 832 1271 999 554 1060 1602 298 1643 0 384 1123 1036 302 1547 1113 1001 1412 1430 606 674 759 797 
706 1635 964 1110 1583 1295 833 671 1868 577 1943 279 0 1198 1301 581 1440 1388 1280 1707 1746 885 979 1026 1140 
1246 2236 1587 1586 2098 1850 1356 1463 2345 1071 2472 1023 716 0 1843 1057 428 1894 1915 2247 2268 1448 1500 1487 1712 
1070 1073 921 413 804 712 720 1772 830 714 1267 1358 1078 1862 0 874 2173 571 888 513 523 674 826 360 741 
165 1290 666 692 1146 867 298 1126 1462 222 1527 701 422 1180 943 0 1560 832 934 1302 1339 350 418 658 677 
1428 2462 1771 1770 2350 2055 1538 1558 2527 1255 2725 1147 864 399 2030 1239 0 1967 2103 2426 2447 1630 1682 1671 1937 
1120 1189 1068 263 1034 859 565 1794 1208 843 1426 1380 1100 1880 551 897 2198 0 1011 1021 1050 519 828 382 891 
1145 496 313 699 462 572 985 1785 1363 856 772 1371 1091 1870 955 932 2183 917 0 834 850 1100 1141 977 439 
1438 994 761 717 658 727 1110 2171 626 1068 1077 1789 1509 2292 466 1290 2639 937 815 0 56 1049 1216 721 608 
1438 1015 771 727 668 737 1110 2171 674 1068 1083 1816 1523 2304 468 1290 2651 945 825 48 0 1049 1216 723 618 
672 1290 925 363 1146 962 149 1526 1241 579 1527 1127 832 1636 648 573 1964 503 1126 1136 1177 0 309 368 872 
632 1496 981 641 1361 1166 320 1526 1375 658 1733 1127 840 1636 886 533 1964 781 1268 1377 1437 278 0 516 1010 
887 1290 1053 363 1127 947 493 1632 855 682 1527 1219 939 1746 370 736 2040 393 1107 781 791 426 466 0 989 
874 722 232 523 528 190 765 1611 1141 606 872 1219 939 1723 748 723 2019 782 414 636 652 817 885 803 0 
0 1508 909 785 1373 1103 694 1247 1599 477 1760 851 588 1272 1123 276 1532 891 1128 1442 1469 777 724 790 955 
1548 0 751 830 652 934 1150 2217 1712 1152 584 1823 1552 2276 1098 1291 2509 1048 462 1102 1129 1159 1442 1046 802 
976 827 0 742 867 498 763 1614 1575 656 1181 1226 958 1579 930 777 1886 890 389 956 978 905 979 789 321 
699 967 770 0 793 549 318 1393 1129 475 1181 986 716 1390 480 547 1650 182 790 911 953 371 647 234 539 
1325 736 817 614 0 704 906 2021 1315 938 747 1597 1329 1983 820 1068 2246 796 519 712 759 992 1253 818 586 
1068 810 548 381 655 0 669 1701 1359 656 1041 1313 1045 1671 605 851 1963 563 612 773 820 752 1015 585 240 
620 1100 777 373 970 710 0 1356 1225 451 1368 958 692 1370 646 473 1630 473 964 1078 1105 158 354 378 700 
1289 2043 1556 1365 1896 1695 1324 0 2197 1020 2332 706 939 1410 1654 1087 1670 1508 1834 2025 2093 1452 1486 1327 1599 
1715 1737 1516 1267 1419 1448 1317 2383 0 1388 1884 1992 1719 2416 911 1458 2649 1311 1531 781 849 1339 1441 1107 1308 
531 1083 527 354 952 691 333 1265 1210 0 1339 859 596 1341 705 384 1601 460 758 1063 1090 476 563 359 546 
1732 632 1159 1031 825 1140 1366 2420 1907 1336 0 2009 1747 2416 1289 1486 2649 1246 843 1292 1319 1341 1624 1223 1036 
468 1370 807 634 1241 995 613 1037 1447 306 1622 0 382 1061 984 301 1400 740 1043 1334 1361 756 719 639 826 
731 1638 1065 897 1503 1271 876 631 1725 569 1884 263 0 953 1253 564 1300 1034 1340 1596 1623 1002 1007 926 1116 
1250 2043 1549 1358 1894 1688 1317 1427 2197 1013 2332 1015 730 0 1647 1039 490 1501 1834 2021 2089 1414 1438 1320 1592 
1103 1100 949 423 931 707 692 1736 890 682 1368 1348 1080 1706 0 877 1991 486 949 623 674 638 825 342 697 
220 1265 670 547 1104 848 456 1103 1385 240 1517 718 455 1138 848 0 1451 653 911 1213 1240 539 486 552 689 
1475 2237 1773 1582 2118 1902 1541 1620 2450 1237 2528 1232 964 431 1899 1264 0 1725 2064 2263 2331 1639 1663 1544 1826 
1012 1108 962 253 983 720 515 1649 1246 728 1400 1261 993 1598 514 800 1894 0 985 998 1006 495 801 336 710 
1249 550 397 724 556 647 1016 1888 1598 920 883 1499 1231 1894 966 1010 2146 917 0 986 1008 1058 1219 926 514 
1456 1154 954 762 801 817 1092 2139 731 1060 1355 1740 1472 2166 538 1211 2367 896 974 0 68 1049 1261 752 699 
1512 1202 1033 794 833 849 1118 2191 796 1116 1390 1795 1527 2209 603 1266 2435 994 1008 65 0 1072 1304 817 731 
707 1225 915 334 1063 801 143 1482 1292 585 1477 1095 826 1483 579 560 1743 406 1043 1061 1069 0 306 323 791 
652 1508 987 630 1373 1116 380 1482 1385 684 1760 1074 804 1483 861 505 1743 702 1232 1339 1347 296 0 515 985 
774 1129 876 336 997 732 393 1473 968 550 1400 1071 791 1483 348 622 1743 309 996 830 881 393 483 0 722 
969 770 375 481 615 208 754 1595 1290 631 998 1207 939 1579 705 768 1886 663 436 690 737 852 949 685 0 
0 1462 943 759 1310 1085 573 1303 1632 438 1721 916 640 1333 1080 286 1507 966 1252 1465 1460 640 650 749 996 
1435 0 778 755 596 828 1047 2074 1595 1070 551 1685 1418 2096 1026 1205 2313 1032 491 1085 1103 1090 1334 972 727 
928 762 0 731 848 562 712 1578 1543 630 1166 1206 939 1638 927 684 1820 955 394 979 997 793 857 741 417 
758 814 785 0 744 534 328 1404 968 452 1150 997 729 1411 461 506 1592 259 731 889 912 331 574 218 524 
1227 685 782 549 0 622 876 1896 1304 849 752 1489 1222 1955 788 997 2122 808 467 732 760 880 1126 743 521 
1024 775 521 452 705 0 779 1685 1436 649 1099 1292 1025 1750 691 798 1952 711 692 850 878 783 979 646 210 
609 916 749 307 845 635 0 1290 1109 342 1237 886 619 1299 621 396 1476 504 832 993 1011 139 334 297 625 
1316 2171 1632 1472 1972 1714 1366 0 2249 1069 2377 759 958 1468 1724 1100 1649 1613 1931 2143 2158 1464 1481 1405 1619 
1583 1705 1478 1211 1348 1392 1145 2169 0 1282 1858 1816 1546 2228 921 1333 2463 1245 1495 757 829 1181 1289 962 1273 
574 1015 567 340 878 668 301 1239 1109 0 1282 841 574 1245 654 351 1426 537 841 1085 1102 382 489 330 625 
1612 584 1130 930 769 1041 1193 2198 1798 1245 0 1868 1598 2250 1138 1385 2485 1147 836 1274 1292 1257 1501 1118 900 
577 1316 856 629 1174 961 590 1063 1461 319 1575 0 429 1080 962 362 1291 826 1129 1351 1369 664 674 619 922 
844 1612 1128 896 1457 1201 857 651 1719 586 1859 267 0 958 1233 629 1126 1093 1402 1627 1626 931 949 886 1132 
1218 2044 1539 1379 1874 1621 1273 1378 2164 976 2253 963 696 0 1631 1002 467 1520 1843 2026 2051 1371 1383 1312 1526 
1024 1030 954 390 906 693 614 1694 900 658 1305 1299 1032 1757 0 807 1966 516 890 600 620 572 752 331 683 
264 1191 685 511 1058 832 325 1105 1331 206 1450 706 439 1093 825 0 1294 708 966 1217 1212 392 402 501 743 
1419 2274 1735 1575 2070 1821 1469 1601 2317 1172 2480 1206 939 513 1828 1203 0 1716 1998 2223 2248 1567 1584 1508 1722 
975 1030 954 222 896 686 473 1616 1241 674 1290 1225 958 1677 476 728 1856 0 883 940 935 431 675 326 676 
1154 523 396 733 532 631 944 1801 1517 860 871 1407 1140 1860 1019 909 2038 1032 0 952 967 1024 1117 932 530 
1428 1105 954 736 789 781 1030 2074 782 1061 1300 1685 1418 2096 557 1205 2313 934 951 0 72 1006 1218 756 680 
1437 1136 976 759 812 804 1049 2081 792 1070 1328 1693 1426 2117 567 1213 2324 948 963 68 0 1016 1223 766 703 
678 1105 862 314 982 748 140 1404 1241 455 1364 1014 732 1422 575 494 1603 472 951 1035 1030 0 244 322 738 
679 1316 979 567 1178 961 336 1469 1283 605 1575 1068 795 1523 782 495 1727 725 1129 1251 1246 253 0 458 954 
844 1087 943 317 948 721 392 1478 838 538 1333 1092 815 1546 330 592 1727 369 940 805 825 329 421 0 711 
928 698 311 502 628 209 707 1563 1293 572 994 1171 904 1638 741 679 1820 761 535 724 752 788 852 696 0 
0 1301 834 735 1195 994 537 1125 1543 390 1617 831 552 1129 1045 234 1419 856 1083 1342 1366 615 604 721 879 
1431 0 753 788 616 928 1025 2101 1582 1093 561 1713 1459 2131 1035 1209 2403 1006 469 1044 1064 1142 1293 971 809 
877 710 0 713 759 505 666 1541 1451 620 1131 1193 939 1547 936 686 1875 876 350 929 959 781 849 741 288 
633 829 713 0 684 516 260 1248 968 365 1112 950 666 1266 518 431 1580 170 661 861 906 357 560 196 544 
1245 739 814 619 0 754 859 1934 1258 922 695 1554 1300 1916 825 1023 2250 789 504 720 764 988 1160 795 640 
1035 836 526 531 691 0 771 1711 1364 690 1123 1355 1101 1718 759 850 2052 701 607 842 886 886 1021 707 222 
553 956 681 323 803 635 0 1208 1076 333 1239 916 634 1204 605 399 1512 444 780 986 1006 145 304 309 663 
1159 1890 1457 1303 1774 1610 1198 0 2108 976 2155 752 958 1340 1602 1003 1654 1416 1732 1941 1951 1315 1366 1281 1452 
1455 1621 1460 1093 1321 1389 1049 2125 0 1204 1850 1737 1483 2131 798 1233 2422 1163 1502 678 732 1149 1217 904 1298 
523 984 503 359 839 671 270 1172 1208 0 1272 881 602 1161 654 367 1470 480 737 1044 1064 385 495 345 548 
1681 614 1148 1049 734 1172 1295 2348 1773 1343 0 1991 1729 2406 1273 1479 2709 1230 872 1235 1255 1395 1563 1240 1063 
481 1228 765 621 1120 950 532 951 1376 306 1544 0 410 1025 916 333 1279 742 1008 1276 1300 647 661 607 810 
760 1496 1074 900 1390 1233 811 623 1720 585 1832 279 0 915 1221 612 1152 1049 1349 1565 1585 933 949 886 1066 
1100 1813 1388 1234 1705 1541 1129 1319 2057 908 2090 928 649 0 1533 944 408 1347 1663 1893 1906 1246 1300 1212 1383 
992 985 917 383 844 683 616 1670 847 655 1284 1288 1034 1651 0 794 1983 474 828 612 653 653 823 379 711 
208 1100 631 532 985 808 334 1027 1301 209 1416 705 426 1040 827 0 1304 653 865 1177 1201 412 401 518 676 
1392 2134 1701 1547 2021 1865 1442 1619 2352 1220 2411 1199 945 409 1873 1236 0 1660 1975 2212 2234 1559 1599 1525 1696 
809 956 861 176 802 634 436 1473 1208 541 1239 1101 842 1438 527 607 1752 0 779 986 1006 473 722 333 662 
1188 494 396 722 511 679 961 1921 1451 912 864 1508 1254 1876 959 972 2198 892 0 949 979 1071 1148 898 548 
1359 1040 891 720 755 819 961 2037 738 1022 1302 1641 1387 2031 533 1137 2327 890 887 0 54 1071 1229 827 692 
1402 1092 950 759 794 858 1023 2084 800 1064 1353 1687 1433 2088 593 1183 2379 940 940 84 0 1132 1291 887 731 
634 1040 791 333 918 745 148 1355 1208 443 1345 1026 744 1289 701 497 1603 454 890 1098 1118 0 249 369 773 
608 1228 909 582 1132 950 323 1383 1273 596 1544 1064 780 1340 849 471 1654 703 1101 1271 1295 249 0 443 978 
713 1021 793 266 859 691 340 1355 831 445 1284 1026 746 1295 408 511 1609 290 836 887 929 346 444 0 719 
893 737 316 507 577 217 649 1554 1258 562 988 1193 939 1569 735 702 1901 677 469 720 764 764 865 683 0 
0 1587 916 849 1356 1122 687 1316 1654 470 1800 916 624 1223 1086 290 1489 1034 1169 1494 1524 740 742 817 972 
1506 0 713 852 623 928 1127 2175 1656 1162 574 1800 1531 2175 1086 1318 2474 1135 499 1130 1158 1188 1422 1048 842 
945 759 0 679 786 561 765 1614 1439 646 1142 1208 939 1533 929 731 1809 891 366 893 941 895 979 803 332 
743 919 760 0 803 524 328 1453 1076 507 1183 1032 761 1368 469 532 1637 212 751 896 910 324 605 222 580 
1346 741 800 660 0 736 978 2014 1320 983 698 1630 1361 1963 885 1148 2329 872 550 775 823 971 1222 848 650 
962 826 516 456 710 0 775 1676 1379 595 1105 1262 993 1587 698 753 1876 668 643 834 882 780 1013 644 206 
569 1167 775 392 975 690 0 1375 1235 435 1327 963 689 1321 664 442 1590 498 940 1110 1140 162 335 360 746 
1239 2096 1529 1380 1924 1687 1282 0 2145 1013 2418 709 939 1331 1675 1073 1600 1589 1811 2045 2088 1408 1419 1334 1563 
1512 1856 1606 1161 1421 1488 1121 2175 0 1240 1949 1794 1525 2175 846 1312 2472 1223 1616 717 765 1166 1220 937 1375 
606 1167 533 414 975 689 344 1332 1236 0 1327 916 624 1223 718 395 1489 552 784 1090 1120 474 620 382 593 
1781 654 1206 1148 764 1311 1409 2450 1881 1437 0 2104 1839 2457 1354 1600 2760 1416 915 1310 1338 1472 1704 1330 1133 
523 1509 837 718 1239 1004 648 1079 1526 311 1683 0 393 1001 1010 341 1283 856 1091 1430 1458 726 728 686 897 
800 1823 1123 982 1534 1281 925 688 1800 588 2011 277 0 885 1284 618 1126 1191 1404 1692 1722 1003 1021 969 1138 
1173 2072 1494 1345 1884 1652 1247 1453 2121 978 2394 982 705 0 1640 1020 425 1554 1775 2022 2065 1364 1366 1299 1528 
1008 1162 916 441 888 683 630 1739 849 664 1327 1325 1056 1659 0 822 1991 489 911 567 577 595 836 358 739 
225 1310 675 598 1086 831 436 1138 1391 235 1458 714 437 1065 860 0 1313 736 934 1248 1278 489 491 566 735 
1459 2278 1766 1617 2181 1935 1519 1671 2381 1250 2600 1257 988 538 1913 1293 0 1827 2048 2283 2326 1637 1639 1571 1800 
945 1145 880 200 923 644 448 1641 1236 671 1286 1227 958 1556 484 718 1849 0 871 931 927 426 707 343 700 
1186 541 333 753 533 729 1004 1892 1507 886 937 1499 1230 1861 1010 990 2171 945 0 989 1017 1078 1175 969 546 
1391 1170 873 730 779 806 1043 2084 687 1047 1282 1701 1432 2048 545 1219 2397 896 934 0 48 981 1222 765 705 
1400 1191 883 740 789 816 1072 2084 751 1056 1282 1709 1440 2048 610 1227 2397 927 940 65 0 1062 1304 830 715 
695 1272 867 338 1046 782 141 1476 1236 527 1420 1055 781 1389 601 552 1658 435 1009 1049 1079 0 290 347 838 
670 1576 994 625 1280 1099 365 1518 1351 690 1724 1096 826 1460 867 543 1729 722 1280 1353 1394 287 0 501 1036 
780 1215 884 299 1000 732 360 1509 881 544 1363 1074 798 1460 373 569 1729 314 966 800 810 325 478 0 788 
969 755 346 503 610 229 747 1686 1281 610 1038 1272 1003 1600 745 768 1892 715 442 717 765 827 1021 691 0 
0 1523 893 834 1362 1129 646 1219 1624 464 1789 868 600 1335 1181 300 1534 962 1138 1533 1558 704 703 812 936 
1517 0 741 830 646 921 1169 2194 1620 1192 580 1898 1611 2207 1121 1339 2537 1171 479 1122 1189 1210 1454 1050 781 
932 704 0 723 743 548 781 1611 1449 646 1060 1239 958 1599 974 747 1798 927 333 941 1003 926 915 776 323 
778 963 784 0 772 538 332 1396 968 479 1175 1015 738 1481 530 530 1680 204 772 952 1009 372 631 216 565 
1318 741 790 628 0 717 960 2013 1263 950 704 1690 1409 2050 867 1137 2355 832 502 747 770 993 1219 816 579 
1073 843 529 469 672 0 791 1749 1359 677 1082 1377 1096 1732 708 876 1974 673 615 852 875 841 1055 657 209 
601 1149 759 377 941 705 0 1396 1180 450 1361 982 709 1402 728 418 1601 486 941 1122 1189 164 341 355 732 
1237 2166 1539 1427 2035 1777 1411 0 2210 1059 2462 718 939 1481 1786 1059 1680 1700 1776 2110 2120 1479 1445 1407 1591 
1630 1836 1558 1187 1422 1512 1226 2296 0 1352 1855 1963 1681 2315 890 1409 2657 1351 1610 749 783 1216 1293 974 1374 
605 1149 502 394 952 714 377 1300 1208 0 1361 923 653 1340 746 422 1539 535 745 1122 1189 511 543 372 552 
1756 604 1114 1076 757 1171 1410 2430 1849 1430 0 2129 1859 2452 1331 1578 2763 1407 878 1294 1361 1437 1667 1263 1038 
555 1414 777 669 1218 1021 636 1040 1460 312 1645 0 413 1069 1062 347 1302 810 1029 1399 1424 694 693 647 827 
823 1689 1067 956 1547 1268 916 614 1718 580 2006 268 0 979 1293 615 1184 1229 1304 1651 1676 963 985 930 1117 
1165 2117 1470 1358 1988 1708 1339 1414 2172 990 2413 973 701 0 1717 987 448 1631 1707 2029 2039 1407 1373 1338 1522 
1054 1149 932 447 945 716 674 1733 852 659 1361 1364 1083 1719 0 858 1950 464 952 595 606 637 845 361 743 
289 1298 644 585 1084 856 397 1085 1336 254 1517 733 465 1153 888 0 1368 726 887 1267 1329 455 454 563 694 
1440 2420 1744 1632 2253 1999 1614 1641 2429 1264 2732 1269 988 446 1995 1262 0 1918 2031 2312 2322 1682 1648 1612 1796 
1005 1127 946 227 929 695 489 1629 1208 706 1361 1274 993 1609 537 757 1809 0 941 996 1021 461 762 315 722 
1162 506 374 776 514 678 1017 1830 1506 858 858 1489 1208 1845 1062 963 2146 1115 0 991 1058 1124 1129 970 510 
1473 1469 1265 887 940 994 1197 2168 709 1147 1299 1850 1567 2205 601 1295 2516 1022 1247 0 73 1138 1331 858 1081 
1518 1500 1297 923 960 1021 1233 2194 772 1192 1299 1915 1612 2207 636 1340 2537 1115 1278 74 0 1174 1377 893 1113 
711 1306 908 390 1084 852 188 1509 1232 597 1517 1148 856 1504 717 528 1703 456 1092 1186 1211 0 301 385 879 
702 1536 932 691 1320 1104 364 1509 1324 679 1747 1148 850 1504 926 519 1703 757 1184 1398 1423 312 0 505 979 
860 1184 870 295 982 739 411 1475 839 561 1395 1098 820 1500 423 612 1699 294 979 898 912 374 484 0 766 
977 857 325 601 664 225 823 1657 1348 636 1110 1285 1004 1634 840 789 1853 805 468 819 842 956 985 789 0 
0 1582 932 1006 1599 1164 681 1249 1878 478 1962 1021 691 1328 1338 253 1499 1178 1243 1647 1658 739 769 993 996 
1535 0 692 1050 593 986 1368 2295 1764 1236 471 2024 1723 2350 1290 1400 2556 1309 491 1268 1280 1422 1679 1286 838 
935 697 0 894 751 493 850 1524 1655 683 1031 1227 939 1532 1133 839 1703 1121 334 1130 1142 992 1079 933 277 
768 1253 863 0 1048 709 378 1634 1076 587 1528 1337 1049 1660 689 674 1852 275 1027 1026 1037 385 686 320 701 
1399 690 669 807 0 755 1129 2195 1358 1100 616 2002 1701 2299 911 1264 2556 1065 438 823 827 1214 1471 1077 629 
981 940 430 511 687 0 842 1740 1415 637 1257 1462 1174 1785 786 855 1974 786 553 857 895 896 1112 781 196 
566 1430 950 406 1215 906 0 1450 1208 569 1705 1227 939 1532 886 472 1703 588 1196 1228 1239 152 365 410 818 
1268 2264 1583 1697 2255 1912 1592 0 2552 1164 2591 740 959 1373 2078 1151 1544 1851 1915 2521 2531 1653 1632 1694 1743 
1547 1916 1515 1155 1404 1459 1143 2328 0 1356 1817 2199 1920 2465 825 1402 2720 1212 1615 691 727 1188 1252 943 1354 
694 1416 805 584 1362 975 501 1561 1317 0 1783 1317 1029 1640 1048 600 1815 777 1077 1386 1397 624 819 580 812 
1863 565 1119 1289 667 1214 1607 2628 1747 1554 0 2371 2092 2685 1533 1718 2893 1548 876 1218 1230 1661 1932 1525 1109 
470 1495 817 1025 1560 1175 776 1006 1984 452 1871 0 407 1092 1338 363 1226 1197 1156 1647 1658 834 864 1017 1040 
797 1779 1117 1393 1819 1482 1152 635 2275 779 2115 327 0 1051 1771 690 1175 1565 1440 2129 2139 1213 1219 1390 1299 
1373 2350 1684 1796 2353 1966 1697 1459 2630 1263 2677 1192 904 0 2173 1256 394 1999 2001 2589 2599 1758 1737 1793 1855 
989 1316 924 452 828 770 726 1774 880 648 1389 1513 1225 1838 0 866 2027 634 1040 493 531 696 898 418 762 
152 1375 758 767 1353 927 454 1117 1608 239 1742 824 497 1193 1095 0 1302 963 1036 1375 1386 512 542 763 765 
1728 2706 2051 2214 2712 2377 2041 1840 3016 1624 3049 1542 1254 395 2547 1611 0 2400 2356 2899 2918 2088 2066 2203 2265 
989 1393 994 219 1158 840 509 1830 1225 718 1668 1672 1384 1951 753 893 2184 0 1144 1057 1068 484 785 421 832 
1168 540 317 929 495 668 1090 1908 1655 968 867 1635 1347 1968 1161 1062 2138 1188 0 1125 1137 1200 1264 1153 463 
1405 1494 1116 929 917 997 1175 2195 664 1106 1206 2024 1725 2299 570 1270 2556 1084 1207 0 55 1134 1361 862 949 
1451 1535 1157 965 940 1070 1232 2244 721 1152 1251 2057 1771 2336 616 1316 2593 1127 1257 57 0 1191 1419 930 990 
646 1535 1077 414 1319 1037 154 1506 1208 713 1836 1293 1005 1616 871 552 1787 557 1313 1171 1182 0 301 382 976 
614 1678 1071 766 1539 1229 361 1479 1317 759 2046 1282 994 1575 1164 520 1746 919 1339 1369 1380 359 0 561 1094 
798 1445 1039 323 1229 927 386 1646 841 654 1720 1376 1088 1699 548 704 1874 419 1223 766 804 356 480 0 915 
918 785 234 646 642 216 786 1700 1460 618 1126 1403 1115 1726 911 823 1901 928 404 931 946 915 1079 871 0 
0 1314 746 684 1256 878 495 1038 1362 345 1565 793 535 1120 984 177 1299 821 1001 1237 1259 549 594 653 771 
1226 0 611 676 510 737 925 1840 1474 981 450 1680 1339 1865 890 1091 2068 899 417 944 961 1015 1180 867 657 
757 628 0 617 638 423 629 1334 1356 580 946 1158 819 1382 831 638 1588 840 315 822 842 746 872 710 229 
614 991 733 0 755 536 285 1276 968 457 1135 1000 734 1278 503 479 1484 223 764 810 833 347 567 256 550 
1049 646 610 496 0 557 740 1650 1180 790 551 1486 1145 1668 697 914 1874 719 394 657 677 843 1021 687 477 
830 805 396 403 572 0 647 1493 1240 557 953 1335 994 1487 617 695 1693 626 486 715 738 750 915 594 186 
485 1102 640 329 883 659 0 1165 1076 352 1265 887 629 1189 605 374 1389 466 871 958 981 147 323 306 572 
1022 1856 1285 1204 1691 1484 1120 0 1976 899 2010 618 813 1189 1534 909 1391 1345 1586 1858 1881 1231 1268 1204 1378 
1318 1596 1401 1051 1241 1275 1023 1938 0 1159 1565 1772 1431 1974 763 1183 2159 1013 1455 626 674 1082 1154 873 1239 
482 1035 469 374 925 601 262 1134 1076 0 1291 860 602 1155 668 347 1359 511 715 943 961 379 520 343 494 
1416 465 963 863 561 927 1124 2034 1558 1157 0 1872 1529 2143 1040 1281 2256 1073 759 1024 1044 1198 1379 1069 844 
408 1295 683 639 1196 866 527 893 1306 300 1505 0 396 999 936 295 1159 776 981 1221 1243 644 694 608 759 
666 1520 945 897 1368 1144 785 542 1597 558 1677 258 0 881 1178 553 1049 1006 1244 1499 1521 905 979 866 1018 
1045 1865 1339 1235 1722 1516 1151 1244 1976 928 2035 928 667 0 1565 932 400 1376 1631 1895 1917 1262 1297 1235 1410 
896 1081 824 408 643 651 597 1551 764 623 1047 1375 1034 1557 0 761 1763 417 862 416 439 562 751 317 646 
141 1153 587 539 1078 719 336 951 1208 193 1411 701 443 1037 825 0 1206 676 833 1064 1086 390 435 508 612 
1374 2214 1663 1564 2068 1849 1480 1562 2279 1257 2373 1328 987 403 1896 1261 0 1705 1962 2225 2245 1581 1611 1564 1739 
817 1134 887 245 912 690 439 1469 1076 660 1291 1280 939 1478 502 682 1684 0 940 796 819 411 664 304 704 
1005 450 302 616 436 540 860 1614 1412 811 768 1445 1104 1627 830 869 1852 839 0 876 896 956 1090 807 385 
1215 1160 892 735 709 733 948 1851 644 944 1028 1688 1347 1879 467 1080 2084 783 940 0 48 924 1122 683 735 
1235 1185 916 757 729 755 983 1882 692 968 1047 1710 1369 1898 489 1100 2106 805 960 48 0 951 1149 705 757 
593 1188 749 374 996 768 139 1276 1076 461 1345 1000 738 1296 650 483 1502 446 981 958 977 0 254 346 681 
558 1348 890 617 1196 978 346 1326 1208 638 1505 1158 814 1382 839 455 1588 689 1143 1138 1160 243 0 470 879 
645 1160 776 302 935 734 340 1326 784 488 1317 1034 765 1301 374 510 1507 268 962 668 691 335 434 0 721 
786 694 229 478 531 196 601 1446 1219 513 913 1280 939 1455 692 651 1661 701 340 683 703 718 859 669 0 
0 1131 685 624 1018 828 418 982 1301 330 1305 758 497 1032 823 141 1233 703 934 1140 1162 470 499 604 710 
1209 0 611 668 502 740 918 1794 1386 950 421 1531 1289 1815 807 1072 2045 841 417 879 899 980 1171 842 635 
738 628 0 600 632 410 634 1256 1254 546 913 1031 772 1296 727 608 1509 748 315 754 774 724 791 671 229 
556 710 608 0 592 454 244 1147 895 368 889 916 647 1184 414 421 1391 173 605 747 767 310 525 199 446 
1032 563 609 498 0 570 742 1621 1141 776 551 1358 1116 1637 637 894 1856 671 393 609 629 808 1021 672 465 
814 653 389 370 535 0 588 1409 1149 543 832 1181 939 1450 509 679 1663 543 483 690 710 678 842 544 183 
426 838 615 309 720 582 0 1091 1076 310 1020 850 589 1115 534 323 1350 388 733 875 895 139 304 289 499 
980 1738 1221 1128 1608 1414 1075 0 1878 849 1920 612 815 1184 1399 854 1374 1255 1522 1745 1767 1176 1210 1152 1343 
1326 1448 1267 965 1161 1192 1023 1923 0 1166 1517 1648 1406 1932 715 1189 2154 1006 1305 626 674 1072 1149 849 1105 
464 873 446 344 755 589 287 1071 1076 0 1072 824 563 1090 584 337 1305 423 692 896 918 377 486 324 471 
1380 462 921 847 551 920 1080 1971 1477 1141 0 1702 1460 1990 991 1243 2196 1043 726 1024 1044 1140 1334 1047 814 
401 1156 676 604 1018 849 538 861 1296 284 1330 0 387 915 844 288 1145 683 954 1167 1189 590 619 584 731 
662 1446 939 865 1316 1091 799 546 1563 545 1620 261 0 806 1102 549 1017 951 1226 1446 1468 851 880 845 995 
980 1738 1247 1128 1608 1414 1075 1166 1878 849 1920 871 610 0 1399 853 394 1255 1548 1745 1767 1176 1210 1152 1343 
831 813 711 355 629 557 523 1433 721 560 995 1181 939 1450 0 696 1663 481 708 402 424 596 790 363 549 
141 1005 562 501 885 705 295 885 1208 189 1183 666 405 935 700 0 1145 580 808 1015 1037 347 376 481 587 
1169 1927 1445 1317 1797 1592 1264 1372 2108 1046 2109 1071 809 397 1588 1056 0 1444 1724 1950 1960 1356 1385 1341 1493 
723 809 707 197 691 553 343 1326 968 535 991 1071 814 1377 421 588 1590 0 704 771 793 394 632 308 545 
980 450 302 620 430 527 862 1551 1309 783 728 1313 1071 1592 759 836 1809 793 0 810 830 934 1021 794 385 
1165 895 726 640 630 669 884 1764 626 889 983 1501 1259 1780 413 1028 1998 776 764 0 48 891 1088 656 564 
1187 916 746 660 650 689 905 1783 674 912 1006 1520 1278 1799 435 1050 2015 798 784 48 0 921 1120 678 584 
497 942 717 325 819 681 139 1193 1076 412 1120 953 691 1246 518 394 1459 372 832 868 890 0 238 305 601 
503 1105 808 563 976 837 304 1203 1208 543 1279 982 721 1246 756 400 1459 610 992 1111 1133 238 0 453 754 
636 913 753 320 793 655 351 1229 790 448 1097 995 727 1251 304 501 1464 295 806 654 676 310 427 0 647 
759 631 229 459 510 183 520 1365 1141 488 810 1112 855 1377 577 624 1590 598 340 613 633 610 774 587 0 
