25
10
5400
0
1085
1005
908
1075
1392
1002
1266
900
1124
929
915
1161
1436
1202
1285
1219
923
1471
1102
1292
1293
1310
1363
905
0 945 533 497 327 1756 893 866 633 753 374 1097 222 339 1172 651 1372 648 1163 1865 329 916 1034 749 574 
898 0 1234 1198 1055 1565 403 913 661 1454 1061 917 766 672 986 772 1220 1353 987 1669 936 1050 847 1166 1275 
560 1292 0 255 528 2114 1213 1011 979 512 803 1459 663 787 1527 881 1712 740 1525 2220 770 1050 1389 487 219 
815 1480 255 0 783 2358 1416 969 1155 411 1066 1662 924 1055 1730 914 1956 998 1728 2423 1026 837 1592 401 200 
217 945 474 445 0 1733 867 754 623 701 398 1091 370 494 1149 539 1372 563 1157 1837 429 800 1012 689 522 
1658 1582 1977 1990 1802 0 1276 1720 1160 2246 1837 1021 1526 1432 656 1494 1378 2081 1087 578 1652 1766 922 1880 2067 
866 437 1198 1162 999 1255 0 851 387 1418 1040 639 734 640 702 698 946 1302 699 1347 884 987 569 1083 1239 
830 893 1042 981 919 1733 826 0 827 1036 1091 1091 913 818 1149 356 1372 1225 1157 1837 1043 436 1012 543 1088 
634 717 953 915 766 1163 411 838 0 1172 731 558 501 340 621 623 858 1074 618 1259 535 884 488 910 993 
1095 1637 532 388 1062 2368 1522 990 1316 0 1337 1768 1198 1322 1837 1025 2039 1277 1837 2478 1305 611 1698 566 417 
325 1106 770 748 325 1922 1053 1068 731 1029 0 1253 326 481 1321 842 1506 486 1319 2019 285 1121 1183 994 825 
1115 1064 1431 1395 1259 1072 735 1161 618 1651 1278 0 983 888 528 956 758 1550 262 1161 1117 1207 409 1355 1472 
225 811 656 620 506 1660 759 969 496 876 336 971 0 200 1076 710 1263 791 1024 1764 208 987 891 872 697 
336 718 803 767 663 1509 666 832 338 1029 485 849 203 0 916 617 1203 972 910 1613 324 878 779 870 844 
1041 975 1354 1318 1182 669 662 1109 545 1574 1207 421 913 815 0 873 771 1473 481 779 1042 1147 323 1268 1395 
614 748 885 849 701 1509 645 362 611 1076 871 847 696 602 916 0 1203 1012 910 1613 824 475 777 573 945 
998 916 1300 1264 1112 1022 606 1037 489 1520 1149 412 853 759 456 817 0 1403 472 1085 995 1121 207 1217 1341 
688 1402 738 894 471 2200 1310 1210 1079 1158 505 1556 819 943 1624 990 1825 0 1622 2310 790 1256 1486 1147 958 
1041 975 1354 1318 1182 1022 657 1087 540 1574 1199 267 905 810 450 868 680 1473 0 1081 1038 1147 331 1256 1395 
1787 1711 2107 2071 1936 581 1396 1869 1267 2327 1953 1091 1655 1561 717 1623 1441 2206 1157 0 1759 1950 976 2018 2148 
315 989 746 710 492 1733 920 1084 545 969 283 1056 216 335 1149 864 1372 738 1122 1837 0 1147 1012 995 787 
899 1044 1042 837 986 1787 938 404 896 629 1158 1145 981 887 1203 425 1398 1281 1211 1897 1113 0 1065 545 952 
998 925 1311 1275 1136 865 618 1048 501 1531 1168 424 865 771 347 829 600 1427 484 978 1002 1121 0 1232 1352 
788 1190 487 401 875 2018 1121 543 859 584 1045 1347 891 933 1415 571 1600 1169 1413 2108 1000 554 1277 0 556 
779 1516 219 200 747 2358 1433 1080 1191 397 1028 1679 882 1008 1747 1115 1956 961 1745 2438 991 999 1609 553 0 
0 1137 586 571 327 2040 1094 1177 703 782 383 1311 252 437 1452 866 1530 666 1315 2263 366 1180 1233 803 665 
1063 0 1590 1556 1360 1850 412 1012 720 1794 1218 1068 875 779 1240 991 1295 1684 1084 2061 1100 1309 992 1443 1565 
607 1586 0 283 528 2509 1483 1275 1188 515 815 1765 708 876 1897 1117 1957 808 1769 2756 840 1079 1687 525 284 
522 1431 298 0 634 2348 1390 1183 1095 425 813 1610 623 791 1751 1033 1828 970 1614 2594 755 866 1532 440 321 
227 1183 505 525 0 2065 1138 1080 791 736 410 1359 422 590 1500 770 1578 585 1363 2315 458 1085 1281 757 619 
2132 1832 2558 2491 2367 0 1486 2099 1360 2764 2208 1200 1901 1737 726 1880 1580 2645 1204 833 2031 2153 1193 2379 2574 
968 463 1508 1474 1278 1542 0 1012 400 1712 1105 730 805 697 831 934 930 1602 745 1705 913 1217 617 1410 1483 
1715 1263 1535 1500 1777 2379 1294 0 1332 1332 1986 1639 1726 1624 1780 781 1904 2109 1643 2625 1931 607 1561 881 1570 
692 763 1135 1101 871 1424 416 1012 0 1339 734 649 524 339 785 834 846 1233 664 1650 553 1128 536 1096 1110 
811 1890 532 403 951 2822 1755 1178 1408 0 1119 2001 912 1107 2136 1125 2218 1278 2030 3032 1065 616 1939 571 480 
325 1227 795 841 363 2065 1181 1473 749 1090 0 1359 331 506 1500 1195 1578 520 1363 2315 288 1466 1281 1125 945 
1375 1203 1831 1791 1595 1411 816 1373 694 2038 1430 0 1166 993 809 1219 854 1931 342 1637 1254 1490 528 1696 1800 
244 895 724 709 539 1850 832 1144 511 922 343 1100 0 222 1258 962 1326 812 1104 2061 219 1273 1021 978 803 
408 802 904 888 731 1736 707 1073 338 1151 500 947 244 0 1117 851 1176 1013 965 1968 335 1180 827 1125 952 
1303 1137 1757 1723 1527 794 747 1325 625 1998 1325 530 1094 926 0 1157 868 1840 545 1005 1149 1428 462 1628 1732 
1065 1135 1357 1323 1112 1972 972 493 955 1332 1312 1236 1109 1008 1371 0 1455 1448 1240 2193 1302 629 1152 762 1332 
1077 943 1590 1556 1360 1244 586 1127 464 1794 1165 482 891 761 670 1027 0 1668 497 1512 971 1309 231 1467 1565 
627 1647 744 915 400 2571 1544 1473 1249 1173 464 1847 791 954 1937 1195 2040 0 1832 2813 748 1466 1748 1189 952 
1249 1081 1709 1675 1479 1281 703 1284 581 1948 1283 370 1049 878 696 1153 741 1786 0 1515 1107 1424 415 1580 1684 
2132 1832 2558 2491 2367 615 1486 2099 1360 2764 2208 1223 1901 1737 749 1880 1580 2645 1227 0 2031 2153 1193 2379 2574 
327 1136 814 799 516 1859 924 1340 545 1029 287 1172 218 359 1304 1117 1416 756 1176 2095 0 1388 1086 1083 893 
1345 1514 1127 845 1475 2483 1489 555 1458 637 1627 1692 1475 1575 1829 638 1957 1840 1696 2732 1610 0 1614 632 973 
1106 961 1636 1602 1406 1281 605 1152 483 1840 1185 501 913 780 612 1049 644 1688 516 1461 989 1327 0 1501 1611 
873 1431 628 493 1006 2348 1390 731 1100 590 1175 1610 953 1178 1751 721 1828 1338 1614 2594 1126 628 1532 0 744 
679 1677 219 226 747 2679 1574 1364 1272 398 972 1860 780 943 2045 1195 2040 998 1858 2942 913 1014 1778 591 0 
0 1206 660 635 450 1922 1130 1074 911 888 467 1309 306 509 1340 758 1514 846 1337 2107 443 1077 1241 1027 668 
1094 0 1493 1428 1293 1696 539 1086 849 1809 1283 1096 913 975 1141 937 1301 1686 1124 1913 1223 1268 1015 1489 1511 
690 1580 0 375 800 2254 1437 1329 1198 670 1028 1683 856 1123 1714 1029 1903 1048 1711 2476 1004 1358 1615 716 298 
572 1471 345 0 797 2157 1321 1199 1063 499 899 1567 738 1009 1598 923 1772 1140 1595 2379 875 1109 1499 567 248 
331 1170 611 586 0 1850 1071 1001 808 839 552 1263 497 717 1294 642 1468 713 1291 2061 612 950 1195 891 619 
2059 1998 2382 2323 2157 0 1622 2060 1457 2636 2301 1346 1885 1820 879 1768 1648 2553 1374 925 2214 2134 1272 2360 2370 
1018 546 1387 1322 1192 1426 0 1052 522 1695 1160 785 815 829 854 845 1005 1585 779 1652 1100 1176 669 1399 1405 
1072 1170 1393 1309 1203 1972 1093 0 1060 1354 1417 1350 1175 1215 1381 479 1555 1596 1378 2157 1405 574 1282 778 1411 
761 859 1114 1049 919 1400 576 1074 0 1422 976 727 597 470 796 759 903 1280 721 1626 876 1077 611 1097 1132 
899 1790 625 454 1093 2536 1641 1273 1383 0 1256 1935 1015 1307 1979 1216 2122 1488 1938 2765 1245 761 1843 686 439 
433 1391 1009 1004 428 2088 1271 1343 1010 1323 0 1510 405 645 1541 1043 1715 697 1538 2322 345 1372 1442 1339 1033 
1305 1237 1642 1577 1442 1316 844 1357 775 1955 1519 0 1134 1151 693 1057 833 1852 332 1531 1378 1386 521 1601 1660 
275 910 801 776 664 1674 894 1096 676 1071 432 1083 0 279 1119 782 1301 983 1111 1896 348 1077 1015 1141 809 
468 859 982 959 856 1659 844 1061 437 1295 588 1035 254 0 1104 732 1233 1138 1071 1879 504 1077 922 1158 1005 
1198 1097 1539 1474 1339 887 729 1273 660 1858 1371 527 989 1051 0 957 800 1732 521 1120 1257 1302 417 1506 1557 
726 896 1067 1004 894 1659 829 460 743 1354 1050 1026 811 825 1104 0 1233 1247 1047 1879 1042 585 914 776 1087 
1066 984 1462 1397 1262 1170 617 1150 548 1770 1249 480 878 892 516 858 0 1655 474 1385 1165 1176 260 1411 1480 
871 1724 1102 1115 545 2417 1575 1445 1317 1488 578 1832 952 1215 1891 1145 2044 0 1875 2639 953 1474 1776 1477 1198 
1186 1079 1526 1461 1326 1193 714 1239 645 1844 1361 398 974 1051 563 956 703 1719 0 1405 1230 1268 391 1506 1544 
2059 1998 2382 2323 2157 783 1622 2060 1457 2636 2301 1346 1885 1820 872 1768 1648 2553 1374 0 2214 2134 1272 2360 2370 
421 1309 949 927 603 2011 1212 1329 829 1279 369 1422 347 468 1453 1029 1627 911 1450 2255 0 1358 1354 1277 985 
1072 1316 1278 982 1233 1972 1172 507 1086 716 1417 1367 1175 1215 1398 644 1572 1626 1395 2168 1405 0 1299 722 1142 
1186 1079 1526 1461 1326 1170 713 1239 644 1844 1352 576 974 1051 510 956 706 1719 570 1370 1230 1268 0 1506 1544 
993 1471 734 585 1117 2181 1351 760 1063 681 1338 1597 1096 1245 1628 725 1803 1510 1625 2403 1326 733 1529 0 797 
740 1627 290 244 958 2322 1478 1357 1220 486 1065 1746 908 1170 1777 1057 1956 1292 1774 2544 1061 1191 1678 782 0 
0 1202 613 547 457 1922 1097 1012 821 836 524 1284 311 570 1362 709 1515 769 1326 2101 463 1005 1218 981 623 
1132 0 1471 1458 1303 1725 544 1081 802 1730 1352 1101 941 909 1188 914 1336 1624 1143 1959 1233 1195 1059 1415 1480 
672 1529 0 348 734 2229 1424 1304 1125 663 1057 1615 817 1044 1693 1016 1847 975 1657 2425 1002 1299 1549 762 301 
559 1400 343 0 741 2121 1292 1171 1008 485 948 1486 704 940 1564 887 1717 1071 1528 2302 856 1093 1420 616 253 
306 1111 567 501 0 1850 1020 892 725 790 570 1214 458 707 1292 613 1445 650 1256 2064 592 912 1148 866 577 
1821 1747 2166 2114 1958 0 1404 1884 1258 2451 2039 1101 1620 1571 693 1588 1437 2305 1143 744 1951 1926 1058 2072 2228 
1074 601 1378 1365 1206 1371 0 1012 497 1637 1306 781 861 839 816 803 1060 1527 836 1588 1187 1090 691 1329 1387 
973 1062 1306 1293 1138 1922 1049 0 1059 1337 1296 1284 1115 1133 1362 401 1515 1453 1326 2101 1291 616 1218 798 1315 
804 877 1138 1174 960 1249 570 1012 0 1446 1020 674 665 473 709 706 908 1247 729 1466 850 1005 599 1192 1196 
908 1754 688 462 1105 2446 1650 1259 1371 0 1210 1843 1030 1261 1930 1207 2102 1406 1892 2642 1205 799 1774 695 545 
420 1297 968 888 428 2014 1199 1334 995 1209 0 1385 405 633 1463 1058 1616 589 1427 2207 351 1304 1319 1290 960 
1300 1244 1639 1626 1471 1145 894 1343 700 1914 1570 0 1131 1082 590 1058 827 1792 322 1346 1437 1333 494 1553 1648 
315 916 782 716 634 1633 859 1033 640 1027 399 1043 0 304 1096 749 1260 945 1085 1857 295 1070 968 1141 792 
560 872 1075 1066 921 1633 816 1012 436 1338 625 1004 296 0 1096 706 1227 1156 1040 1857 493 1005 914 1178 1088 
1159 1111 1498 1485 1330 741 778 1214 584 1757 1422 461 1008 955 0 914 793 1651 516 895 1303 1247 410 1460 1507 
683 918 1013 1010 805 1633 809 382 723 1194 1025 1002 828 819 1096 0 1208 1155 1040 1857 1006 574 906 695 1018 
1098 1020 1437 1424 1269 1072 708 1118 514 1696 1363 450 944 909 473 856 0 1590 505 1195 1244 1160 260 1382 1446 
758 1569 988 1010 466 2266 1465 1360 1186 1270 548 1655 910 1140 1733 1072 1904 0 1697 2462 899 1347 1589 1347 1021 
1163 1111 1502 1489 1334 1072 782 1214 588 1761 1436 319 1019 960 478 914 715 1655 0 1195 1317 1247 382 1460 1511 
1975 1892 2278 2226 2097 733 1531 1950 1385 2563 2146 1240 1747 1698 816 1715 1557 2424 1282 0 2061 2009 1184 2196 2340 
417 1230 947 874 663 1984 1151 1338 837 1209 339 1309 343 571 1387 1058 1540 862 1351 2126 0 1308 1243 1290 959 
1074 1371 1322 1084 1222 2014 1199 620 1153 749 1397 1385 1216 1192 1463 551 1616 1543 1427 2207 1392 0 1319 789 1167 
1127 1039 1466 1453 1298 1022 731 1145 537 1725 1391 473 966 913 405 879 680 1619 528 1112 1272 1187 0 1405 1475 
973 1529 730 568 1192 2225 1424 828 1145 736 1296 1612 1115 1254 1690 755 1847 1516 1654 2421 1291 768 1546 0 797 
744 1584 303 239 960 2280 1480 1373 1201 477 1114 1670 889 1126 1748 1085 1904 1247 1712 2476 1052 1151 1604 820 0 
0 1195 629 538 449 1972 1104 969 815 871 390 1302 264 528 1396 717 1513 806 1347 2150 341 1008 1214 967 622 
1146 0 1517 1452 1269 1750 516 1063 816 1694 1304 1132 925 868 1200 959 1371 1621 1177 1946 1145 1255 1035 1440 1522 
664 1513 0 341 736 2273 1407 1230 1149 662 1023 1626 798 1093 1720 1000 1848 988 1671 2491 904 1305 1538 735 285 
552 1405 306 0 775 2153 1278 1123 1028 509 914 1497 686 973 1591 914 1708 1123 1542 2343 791 1013 1409 520 246 
318 1142 588 497 0 1850 1011 856 738 830 477 1195 454 718 1289 623 1406 675 1240 2051 519 918 1107 886 581 
1828 1757 2173 2105 1948 0 1416 1869 1249 2363 2020 1156 1618 1588 756 1591 1469 2299 1201 742 1852 1912 1041 2071 2183 
1066 563 1418 1353 1177 1325 0 1016 464 1595 1216 729 843 790 746 847 946 1529 777 1508 1056 1163 649 1332 1423 
911 992 1294 1192 1058 1850 963 0 930 1350 1241 1186 983 941 1283 374 1397 1395 1231 2051 1147 578 1101 686 1299 
737 869 1096 1039 919 1281 541 969 0 1281 895 692 581 467 709 691 900 1233 740 1481 772 1008 612 1121 1109 
880 1732 627 454 1074 2538 1630 1154 1361 0 1202 1860 1006 1281 2007 1167 2106 1448 1892 2764 1108 706 1761 650 452 
424 1346 981 859 436 2123 1253 1264 1001 1164 0 1472 421 633 1566 1037 1683 624 1517 2309 307 1339 1384 1269 982 
1314 1275 1685 1620 1437 1197 922 1329 755 1854 1497 0 1111 1109 642 1102 868 1789 371 1410 1339 1404 543 1585 1690 
271 893 785 694 661 1658 847 990 612 1041 391 1035 0 264 1108 752 1246 985 1085 1842 268 1071 953 1135 778 
493 928 1076 990 919 1704 869 996 458 1260 569 1060 262 0 1154 774 1285 1168 1105 1903 420 1071 991 1214 1088 
1146 1113 1517 1452 1269 741 757 1180 593 1694 1324 483 957 903 0 937 789 1621 531 942 1165 1255 421 1437 1522 
649 825 1014 898 816 1496 739 416 666 1210 992 932 727 674 959 0 1140 1136 992 1674 888 561 850 747 1027 
1066 1028 1418 1353 1177 1022 654 1053 490 1595 1223 443 852 799 450 838 0 1529 491 1195 1064 1163 209 1322 1423 
844 1655 890 1081 542 2396 1533 1363 1284 1323 575 1752 979 1212 1884 1136 1976 0 1797 2614 882 1438 1664 1435 1151 
1146 1088 1517 1452 1269 1022 732 1123 568 1694 1304 332 933 877 455 923 681 1621 0 1200 1145 1198 356 1410 1522 
1933 1853 2286 2218 2080 727 1519 1930 1352 2476 2088 1266 1721 1691 867 1694 1572 2433 1311 0 1948 2017 1147 2163 2296 
400 1235 933 838 621 1850 1135 1230 737 1147 287 1186 315 478 1270 1000 1397 857 1231 2024 0 1305 1088 1269 982 
1029 1219 1359 1054 1148 1972 1119 541 1033 779 1351 1302 1089 1087 1396 551 1513 1500 1347 2150 1257 0 1214 693 1242 
1090 1059 1461 1396 1213 950 680 1079 516 1638 1245 469 878 825 384 864 608 1565 517 1139 1091 1163 0 1351 1466 
911 1405 708 513 1058 2176 1284 676 1028 661 1241 1517 1034 1148 1611 698 1728 1395 1562 2385 1147 656 1429 0 758 
755 1603 289 300 967 2386 1486 1344 1232 491 1106 1705 889 1166 1799 1117 1962 1294 1750 2604 995 1078 1617 820 0 
0 1277 643 593 478 1972 1186 990 858 869 445 1442 308 494 1431 749 1650 863 1435 2225 378 1085 1343 972 650 
1111 0 1482 1445 1399 1622 549 1163 794 1697 1278 1114 913 829 1104 985 1336 1691 1107 1872 1142 1222 1022 1446 1501 
674 1516 0 326 772 2217 1436 1236 1149 651 977 1679 836 1048 1668 1048 1858 962 1672 2503 913 1295 1580 677 280 
610 1460 337 0 826 2149 1391 1202 1092 489 908 1623 772 1009 1612 985 1833 1161 1616 2435 842 1017 1524 517 249 
295 1183 599 549 0 1857 1077 969 805 825 518 1350 505 691 1339 661 1558 761 1343 2151 558 959 1251 910 606 
1832 1711 2192 2142 2072 0 1382 1878 1239 2466 2000 1186 1658 1641 721 1612 1464 2390 1179 750 1876 1917 1078 2073 2214 
1100 584 1477 1440 1394 1333 0 1149 523 1692 1250 823 894 811 821 950 1049 1686 831 1574 1114 1208 690 1446 1496 
1000 1114 1332 1260 1248 1781 1059 0 972 1348 1309 1274 1082 1061 1263 442 1482 1525 1267 2042 1237 560 1175 725 1351 
769 867 1116 1048 945 1219 534 1017 0 1300 943 705 595 437 703 782 874 1249 713 1473 774 1085 572 1055 1104 
924 1742 640 459 1193 2433 1663 1188 1376 0 1227 1869 1070 1292 1887 1220 2115 1460 1891 2721 1155 754 1796 659 495 
491 1351 991 941 486 2048 1302 1315 903 1201 0 1505 402 572 1494 1115 1713 746 1498 2291 323 1374 1406 1369 997 
1405 1277 1791 1754 1708 1212 961 1428 791 2025 1592 0 1239 1222 676 1228 880 2006 388 1436 1456 1487 557 1701 1845 
289 1015 790 740 672 1684 954 1083 614 1012 374 1186 0 251 1166 849 1422 976 1179 1931 243 1173 1079 1152 797 
506 972 1071 995 945 1611 902 1056 414 1242 594 1080 276 0 1093 817 1290 1147 1084 1856 415 1104 952 1178 1046 
1208 1108 1616 1579 1533 760 766 1253 610 1831 1402 524 1049 1025 0 1048 786 1840 532 929 1244 1312 398 1518 1635 
719 868 1071 1037 878 1499 778 425 710 1253 1023 1005 792 709 1007 0 1252 1187 992 1740 954 532 856 725 1057 
1137 1015 1530 1493 1447 1022 680 1154 524 1745 1321 493 966 861 482 966 0 1739 501 1195 1155 1213 218 1446 1549 
922 1786 971 1195 621 2525 1707 1529 1420 1447 629 1909 1008 1232 1973 1329 2115 0 1938 2810 952 1588 1843 1551 1251 
1226 1114 1631 1594 1548 1072 790 1287 634 1846 1413 366 1060 1061 519 1087 723 1876 0 1249 1277 1346 400 1560 1650 
2070 1890 2399 2349 2260 807 1601 2069 1458 2673 2206 1377 1866 1835 921 1814 1682 2569 1370 0 2078 2098 1276 2288 2421 
415 1214 899 849 596 1922 1171 1235 717 1122 296 1378 273 406 1367 1048 1586 910 1371 2164 0 1294 1279 1269 945 
1110 1237 1283 1007 1320 1922 1162 543 1058 752 1419 1366 1195 1178 1355 534 1574 1612 1359 2152 1347 0 1267 720 1209 
1148 1045 1560 1523 1477 1022 714 1202 558 1775 1349 527 994 895 427 1005 619 1769 535 1161 1213 1261 0 1488 1579 
1021 1460 693 601 1233 2119 1390 733 1079 683 1330 1587 1173 1259 1576 759 1795 1569 1580 2382 1258 663 1488 0 769 
813 1659 299 292 1076 2317 1580 1385 1293 487 1147 1797 956 1183 1786 1185 1985 1266 1790 2603 1053 1091 1698 774 0 
0 1214 610 552 394 1972 1171 1025 885 824 426 1382 320 542 1424 766 1598 777 1433 2200 392 1091 1321 1019 635 
1058 0 1490 1433 1360 1719 485 1070 849 1684 1180 1096 874 801 1173 929 1323 1697 1147 1889 1060 1218 1035 1415 1489 
776 1676 0 281 819 2509 1614 1416 1381 590 1095 1887 926 1146 1981 1155 2105 992 1943 2713 1024 1356 1814 703 264 
1184 1861 423 0 1267 2636 1820 1275 1587 554 1512 2104 1345 1571 2108 1278 2288 1383 2160 2880 1448 1051 2028 560 365 
319 1169 579 521 0 1922 1122 986 798 793 532 1306 486 708 1348 679 1522 678 1357 2069 552 968 1245 913 604 
2066 1936 2599 2606 2432 0 1615 2138 1471 2793 2231 1338 1843 1826 909 1880 1651 2802 1389 900 2071 2218 1309 2428 2593 
1069 565 1497 1440 1367 1420 0 1033 533 1691 1185 775 881 808 896 914 1009 1704 817 1597 1065 1210 723 1398 1496 
985 1137 1349 1266 1216 1922 1094 0 1020 1354 1313 1283 1071 1059 1325 461 1499 1551 1334 2045 1249 537 1222 736 1348 
822 880 1162 1131 1035 1335 569 1033 0 1382 937 692 625 474 813 795 926 1377 734 1512 771 1091 640 1152 1187 
1321 1936 662 471 1527 2636 1838 1207 1734 0 1649 2104 1482 1708 2108 1184 2307 1608 2160 2880 1585 727 2028 654 553 
451 1270 973 891 400 2064 1235 1316 993 1170 0 1477 356 578 1519 1055 1693 634 1528 2279 312 1360 1416 1347 978 
1366 1270 1816 1763 1690 1279 943 1402 798 2051 1476 0 1154 1149 735 1141 864 2014 362 1454 1356 1446 554 1631 1845 
315 978 829 771 680 1719 921 1091 660 1029 383 1096 0 268 1173 817 1323 936 1147 1889 258 1110 1035 1234 854 
542 944 1095 1042 880 1680 900 1062 493 1293 583 1080 310 0 1134 798 1296 1170 1131 1860 428 1091 1035 1234 1098 
1195 1124 1675 1618 1545 709 785 1260 654 1869 1305 489 983 940 0 981 803 1875 531 908 1185 1304 444 1470 1674 
761 937 1095 1029 997 1652 842 445 800 1280 1065 1022 831 758 1106 0 1249 1303 1068 1832 1000 552 978 779 1085 
1069 1003 1497 1440 1367 1143 680 1139 549 1691 1189 442 883 810 618 891 0 1704 484 1332 1069 1183 233 1381 1496 
847 1693 931 1063 528 2509 1631 1451 1398 1314 585 1893 938 1164 1981 1190 2105 0 1959 2713 897 1495 1832 1477 1119 
1195 1124 1675 1618 1545 1118 786 1260 655 1869 1305 365 983 940 592 981 721 1875 0 1294 1185 1304 411 1470 1674 
2066 1936 2599 2606 2432 666 1615 2138 1471 2793 2231 1338 1843 1826 873 1880 1651 2802 1389 0 2071 2218 1309 2428 2593 
382 1145 862 804 581 1850 1122 1260 814 1087 288 1248 237 424 1290 990 1464 838 1299 2006 0 1304 1187 1264 887 
1091 1270 1303 1002 1318 1972 1189 564 1098 774 1419 1382 1173 1168 1424 556 1598 1655 1433 2200 1355 0 1321 747 1226 
1143 1077 1608 1551 1478 1102 739 1227 608 1809 1254 501 943 869 583 947 649 1818 543 1294 1134 1271 0 1455 1607 
1028 1447 661 505 1251 2226 1396 757 1147 689 1356 1650 1189 1224 1692 775 1906 1588 1701 2469 1292 730 1589 0 744 
1040 1986 277 209 1124 2750 1935 1508 1684 445 1368 2199 1201 1427 2212 1453 2402 1275 2255 2957 1304 1127 2132 769 0 
0 1262 671 821 485 2107 1165 1344 894 997 434 1506 257 458 1586 1064 1752 918 1594 2237 365 1481 1462 1147 810 
1190 0 1687 1911 1630 1751 472 1101 766 1987 1326 1164 983 899 1238 1053 1410 1877 1252 1903 1206 1576 1114 1627 1792 
614 1747 0 409 763 2509 1434 1368 1207 621 937 1891 711 897 1978 1167 2133 829 1985 2655 822 1444 1832 728 327 
969 2047 343 0 1132 2757 1715 1201 1488 438 1264 2171 1067 1260 2226 1275 2422 1199 2245 2910 1174 1073 2071 531 229 
285 1319 575 782 0 2231 1220 1155 1042 964 503 1639 485 661 1719 914 1906 846 1727 2377 522 1292 1577 1076 771 
2498 2260 3093 3067 2816 0 1892 2641 1769 3329 2529 1596 2296 2118 1147 2449 1965 3071 1684 610 2333 2824 1547 2893 3144 
1160 480 1657 1859 1609 1384 0 1195 453 1963 1260 839 953 815 829 1068 1057 1827 900 1528 1090 1524 768 1575 1762 
1209 1078 1311 1157 1413 2107 1050 0 1118 1256 1497 1512 1189 1144 1592 438 1758 1799 1600 2268 1377 576 1453 655 1347 
865 889 1438 1603 1277 1309 526 1274 0 1722 937 763 685 448 753 999 946 1497 824 1453 727 1440 692 1412 1543 
1277 1992 616 486 1404 2872 1848 1219 1620 0 1572 2261 1375 1575 2316 1188 2512 1490 2335 3005 1482 683 2176 639 433 
415 1392 914 1252 477 2205 1280 1576 998 1371 0 1603 360 530 1683 1296 1851 601 1691 2351 323 1713 1559 1537 1140 
1515 1284 2018 2170 1892 1188 874 1619 739 2435 1566 0 1309 1148 614 1480 840 2081 335 1340 1322 1921 530 1943 2198 
248 1015 892 1088 664 1781 929 1227 649 1210 389 1188 0 213 1268 929 1434 911 1276 1929 208 1364 1144 1303 1031 
509 1099 1151 1322 999 1673 961 1344 486 1441 561 1098 310 0 1160 1064 1372 1120 1186 1818 373 1481 1037 1507 1262 
1428 1222 1920 2130 1851 699 812 1574 677 2395 1451 586 1206 1033 0 1480 863 1978 647 841 1241 1921 515 1943 2158 
940 925 1266 1170 1191 1850 857 455 889 1278 1244 1208 944 893 1288 0 1454 1575 1296 1952 1154 557 1164 696 1323 
1293 1027 1790 1911 1693 1022 656 1376 521 2124 1320 477 1071 883 453 1270 0 1877 538 1167 1109 1687 228 1738 1899 
886 2107 863 1268 601 2750 1780 1787 1515 1396 576 2156 938 1107 2211 1507 2407 0 2230 2891 899 1989 2071 1532 1103 
1330 1097 1832 1915 1762 1022 730 1447 595 2186 1393 330 1124 960 470 1357 696 1932 0 1192 1174 1820 386 1861 1944 
2350 2065 2889 2973 2682 626 1708 2454 1586 3235 2381 1413 2159 1981 930 2282 1757 2916 1501 0 2141 2600 1328 2717 3050 
352 1215 1010 1143 666 1772 1165 1466 750 1262 307 1179 234 348 1259 1186 1425 825 1267 1921 0 1603 1135 1459 1083 
1324 1262 1148 865 1528 2261 1165 533 1207 690 1592 1643 1284 1239 1723 509 1906 1912 1731 2407 1472 0 1575 604 1072 
1330 1091 1832 1915 1732 950 702 1434 567 2186 1363 523 1117 933 397 1332 625 1912 584 1119 1145 1749 0 1800 1944 
1072 1561 695 502 1296 2372 1348 747 1097 674 1367 1768 1170 1175 1831 763 2050 1586 1858 2518 1277 664 1715 0 722 
924 2051 301 322 1093 2822 1731 1461 1504 416 1219 2191 1022 1212 2246 1458 2442 1134 2265 2931 1129 1165 2088 822 0 
0 998 618 578 327 1738 920 969 641 817 374 1161 222 339 1213 683 1413 743 1304 1853 329 1059 1156 850 638 
935 0 1406 1421 1240 1592 403 1048 662 1652 1100 981 796 719 1067 802 1224 1558 1116 1702 964 1109 956 1250 1493 
572 1323 0 281 528 2061 1242 1080 993 512 803 1476 675 799 1528 898 1728 740 1619 2166 782 1109 1457 536 219 
852 1563 280 0 808 2358 1497 1020 1239 411 1097 1731 966 1087 1783 1063 2019 1020 1887 2468 1065 854 1712 450 223 
218 1019 517 520 0 1732 895 811 663 759 398 1150 385 509 1207 568 1402 648 1293 1848 429 990 1156 792 580 
1877 1765 2221 2237 2079 0 1457 1909 1340 2454 2038 1200 1743 1640 831 1685 1561 2397 1343 578 1850 1959 1191 2117 2275 
890 437 1360 1375 1191 1303 0 969 387 1606 1053 694 758 681 769 717 946 1509 753 1413 879 1059 673 1152 1447 
1022 945 1140 1025 1119 1732 895 0 861 1141 1269 1150 974 895 1207 394 1402 1437 1293 1848 1141 534 1156 625 1210 
633 737 1114 1150 951 1207 432 887 0 1381 730 613 500 339 688 644 859 1233 672 1320 534 1059 592 994 1222 
1097 1725 532 388 1073 2489 1652 1037 1401 0 1365 1890 1200 1352 2015 1143 2174 1277 1965 2599 1307 628 1872 566 417 
325 1156 777 835 333 1864 1073 1109 737 1087 0 1285 329 481 1337 883 1537 536 1428 1973 285 1187 1266 1097 895 
1167 1082 1522 1537 1353 1102 770 1210 642 1768 1332 0 1035 940 578 998 785 1671 282 1229 1136 1296 459 1432 1609 
231 859 746 706 512 1607 778 990 502 946 336 1022 0 200 1082 746 1291 823 1165 1717 208 1059 1013 983 766 
336 800 895 855 663 1506 719 969 344 1094 485 917 203 0 986 687 1207 982 973 1616 324 1059 892 1025 945 
1092 1019 1472 1487 1303 675 696 1161 568 1718 1258 446 958 865 0 923 793 1621 505 805 1065 1247 463 1373 1559 
772 786 1064 1025 862 1506 649 372 615 1141 1026 899 726 649 986 0 1207 1235 965 1616 893 594 878 631 1207 
998 910 1419 1434 1250 1022 596 1068 468 1665 1156 411 857 765 476 816 0 1568 470 1128 961 1161 213 1250 1506 
673 1427 745 951 455 2158 1328 1244 1102 1197 533 1562 822 951 1614 1037 1825 0 1705 2268 793 1330 1543 1219 970 
1088 998 1472 1487 1303 1022 690 1161 562 1718 1247 353 953 859 498 914 705 1621 0 1148 1065 1247 379 1373 1559 
1898 1783 2240 2256 2090 581 1475 1928 1358 2473 2059 1226 1761 1658 855 1703 1579 2408 1369 0 1875 1984 1209 2137 2294 
324 1064 839 799 498 1697 941 1123 551 1060 283 1150 216 335 1172 914 1376 770 1293 1808 0 1209 1124 1048 859 
1142 1193 1134 850 1250 1864 1053 499 1012 665 1410 1285 1162 1086 1337 544 1537 1568 1428 1973 1329 0 1266 625 998 
1011 916 1442 1457 1273 898 606 1068 478 1688 1167 421 867 775 381 826 599 1591 480 1028 975 1161 0 1263 1529 
816 1292 496 410 919 2002 1190 590 931 636 1087 1424 924 1041 1476 645 1676 1249 1567 2112 1027 639 1405 0 565 
791 1534 219 226 747 2260 1451 1166 1210 397 1028 1685 894 1021 1737 1137 1991 961 1832 2370 1006 1044 1666 602 0 
0 1019 546 497 353 1698 887 870 633 753 374 1096 222 339 1163 674 1369 629 1156 1800 329 934 1034 749 574 
898 0 1234 1198 1055 1521 403 990 661 1454 1061 932 766 672 986 790 1200 1336 1000 1623 936 1079 856 1185 1275 
588 1336 0 255 571 2044 1242 1011 1006 512 820 1440 691 815 1500 929 1691 740 1500 2159 798 1079 1371 487 219 
484 1260 257 0 647 1972 1136 969 900 411 752 1340 587 711 1400 825 1591 904 1400 2040 694 860 1271 401 200 
217 1028 487 448 0 1698 879 764 643 704 398 1090 373 497 1163 568 1369 542 1150 1800 429 810 1034 700 525 
1639 1564 1976 1990 1795 0 1260 1683 1146 2246 1837 1021 1507 1413 652 1474 1375 2107 1081 578 1638 1779 914 1870 2067 
868 437 1198 1162 1009 1272 0 860 387 1418 1040 655 736 642 712 719 903 1283 725 1369 879 1016 582 1125 1239 
852 943 1042 981 951 1698 843 0 851 1036 1119 1093 946 850 1163 376 1369 1210 1153 1800 1065 436 1034 543 1088 
633 754 948 894 755 1163 411 840 0 1158 730 570 500 339 627 644 817 1012 640 1266 534 886 497 883 973 
773 1514 534 388 951 2231 1438 1037 1191 0 1041 1636 876 1001 1696 1078 1903 1203 1696 2334 986 639 1567 571 417 
325 1141 770 755 325 1850 1053 1078 731 1029 0 1241 326 481 1301 875 1492 478 1301 1943 285 1171 1172 1010 832 
1120 1076 1462 1426 1290 1072 733 1194 616 1682 1293 0 988 890 534 968 762 1564 266 1190 1109 1290 418 1360 1503 
225 874 669 620 532 1602 753 969 496 876 336 971 0 200 1067 727 1217 781 1040 1704 208 1016 891 872 697 
336 781 816 767 683 1471 660 830 338 1029 485 861 203 0 923 634 1139 931 932 1573 324 876 788 870 844 
1041 998 1354 1318 1182 674 655 1087 538 1574 1211 424 907 812 0 889 771 1456 494 784 1030 1197 323 1281 1395 
645 849 932 880 741 1491 679 395 644 1135 910 890 732 643 953 0 1139 1009 965 1593 855 501 817 644 970 
961 910 1276 1240 1089 1022 571 1002 454 1496 1120 406 822 728 446 805 0 1363 476 1085 950 1079 207 1217 1317 
686 1423 738 899 469 2124 1332 1217 1099 1158 462 1530 788 943 1590 1039 1781 0 1590 2247 747 1313 1461 1160 958 
1034 988 1354 1318 1182 1022 646 1078 529 1574 1194 267 897 803 447 880 675 1456 0 1085 1025 1197 331 1281 1395 
1735 1660 2093 2041 1909 581 1356 1779 1242 2297 1913 1090 1603 1509 713 1570 1438 2203 1150 0 1734 1887 976 1966 2118 
315 1052 759 710 518 1675 920 1087 545 969 283 1090 216 335 1140 887 1369 728 1150 1777 0 1197 1012 995 787 
935 1112 1042 837 1030 1764 968 418 930 629 1200 1169 1026 933 1229 455 1420 1307 1229 1866 1154 0 1100 559 952 
977 932 1300 1264 1112 871 589 1020 472 1520 1138 424 840 746 344 823 595 1386 494 986 975 1119 0 1227 1341 
730 1218 487 401 889 1972 1136 543 866 584 1007 1331 833 938 1391 610 1582 1151 1391 2029 941 581 1262 0 556 
630 1383 221 200 792 2082 1283 1080 1058 397 898 1481 733 857 1541 968 1732 1007 1541 2182 840 1017 1412 553 0 
