23
15
3600
0
1163
1029
1260
1105
1222
1146
1414
1304
1182
988
971
1016
1269
1491
1195
1279
1215
1151
1139
1015
1101
1273
0 1036 802 783 434 1155 781 1384 1265 1255 909 751 1067 1047 827 758 679 1304 1051 1271 415 1228 1113 
999 0 1284 489 856 1671 1263 1856 1765 1739 1395 1254 1565 1530 1330 1261 775 1832 1549 1739 1087 1709 147 
841 1493 0 1167 782 871 254 727 975 779 626 58 771 750 51 112 1024 1041 309 691 985 496 1570 
759 489 1055 0 620 1399 1029 1622 1493 1503 1159 1027 1293 1294 1103 1034 539 1533 1320 1509 801 1479 566 
474 858 715 608 0 1063 694 1268 1161 1175 822 690 970 958 766 697 412 1203 980 1170 516 1125 941 
1104 1740 819 1408 1042 0 798 1412 227 1282 985 863 382 1099 870 926 1265 312 1090 1299 1219 1251 1824 
810 1371 254 1094 740 811 0 636 917 538 461 298 711 585 305 361 949 954 490 550 948 508 1448 
1447 2106 729 1758 1417 1505 827 0 1599 967 932 741 1399 1052 689 717 1626 1639 523 733 1593 363 2154 
1204 1835 918 1515 1134 216 896 1500 0 1375 1077 962 598 1212 969 1025 1343 85 1190 1387 1310 1351 1912 
1309 1994 868 1620 1279 1323 755 988 1417 0 614 915 1140 399 856 941 1488 1457 866 486 1455 860 2042 
898 1493 611 1190 828 1001 431 894 1052 589 0 655 650 396 662 718 1038 1137 839 808 1019 766 1570 
783 1358 58 1051 724 915 298 736 1024 823 670 0 815 794 84 63 936 1067 318 740 900 505 1435 
1080 1717 805 1390 1042 392 784 1361 598 1114 649 849 0 875 856 919 1243 683 1076 1248 1219 1218 1794 
1085 1717 798 1396 1017 1155 618 1113 1254 372 385 842 875 0 849 905 1243 1277 1028 671 1219 957 1794 
859 1493 51 1176 800 925 305 688 1024 830 677 84 822 801 0 69 1038 1067 270 656 985 457 1570 
792 1361 117 1060 733 1001 359 711 1087 884 731 61 876 855 71 0 942 1145 293 727 914 480 1438 
712 827 1055 577 412 1407 1029 1622 1501 1508 1165 1000 1301 1300 1076 1007 0 1541 1298 1509 859 1479 910 
1250 1968 997 1561 1205 301 969 1573 85 1448 1132 1041 683 1267 1048 1104 1414 0 1262 1460 1381 1423 2016 
1176 1817 397 1487 1120 1221 527 418 1300 817 837 409 1105 964 357 385 1329 1331 0 584 1296 187 1894 
1692 2350 1049 2003 1662 1740 1029 1145 1839 632 1170 1098 1634 845 1014 1083 1888 1877 1021 0 1848 932 2398 
416 1159 997 872 523 1369 976 1565 1463 1455 1130 974 1263 1267 1048 981 768 1503 1262 1452 0 1422 1236 
1243 1950 462 1554 1188 1295 552 374 1389 837 797 474 1164 949 422 450 1397 1429 256 604 1364 0 2014 
1073 147 1372 566 936 1721 1351 1939 1817 1832 1483 1340 1615 1618 1416 1347 852 1877 1637 1827 1124 1797 0 
0 1138 804 813 484 1186 788 1463 1291 1377 1041 746 1067 1196 822 753 711 1314 1045 1430 415 1232 1230 
1117 0 1343 489 879 1713 1345 2023 1831 1965 1584 1387 1579 1732 1394 1411 766 1854 1619 1975 1091 1771 147 
841 1497 0 1254 833 905 254 727 1010 787 754 58 802 890 51 112 1091 1067 309 709 985 496 1589 
805 509 1106 0 643 1473 1093 1765 1585 1699 1331 1063 1339 1497 1139 1070 530 1608 1361 1741 801 1534 586 
510 894 720 629 0 1093 699 1380 1180 1239 971 681 970 1107 757 688 425 1203 982 1324 506 1149 973 
1246 2064 834 1538 1133 0 813 1497 227 1424 1016 878 382 1271 885 950 1450 312 1111 1472 1294 1266 2084 
815 1497 254 1204 797 849 0 720 951 546 607 298 747 730 305 361 1012 997 490 636 948 550 1589 
1645 2417 729 1962 1468 1583 876 0 1695 1050 1090 741 1449 1214 689 717 1806 1718 523 806 1654 363 2455 
1351 2141 932 1626 1204 216 911 1616 0 1519 1117 976 598 1400 983 1039 1542 85 1233 1573 1390 1385 2190 
1464 2236 907 1739 1283 1400 770 1040 1512 0 672 951 1266 399 866 941 1621 1535 915 486 1469 877 2270 
1111 1716 736 1424 984 1069 588 1175 1180 701 0 780 710 500 787 843 1313 1203 1021 1063 1168 1024 1810 
783 1417 58 1148 775 1029 298 736 1091 831 798 0 846 949 84 63 1012 1145 318 758 914 505 1509 
1238 2063 825 1538 1133 392 804 1484 598 1234 678 869 0 949 876 935 1437 683 1103 1462 1294 1253 2063 
1479 2236 1055 1754 1283 1373 899 1306 1542 384 490 1099 942 0 1106 1162 1621 1565 1223 674 1469 1161 2270 
859 1497 51 1254 851 1029 305 688 1122 838 805 84 853 958 0 69 1160 1145 270 674 985 457 1589 
792 1424 117 1159 784 1069 359 711 1180 892 859 61 942 995 71 0 1012 1203 293 745 948 480 1516 
735 797 1080 532 422 1473 1078 1739 1585 1684 1329 1027 1339 1477 1103 1034 0 1608 1325 1715 794 1508 874 
1405 2207 997 1680 1265 301 976 1656 85 1582 1171 1041 683 1455 1048 1104 1603 0 1273 1632 1451 1425 2256 
1305 2064 397 1580 1135 1281 527 418 1394 822 947 409 1123 1068 357 385 1473 1417 0 602 1321 187 2122 
1733 2576 871 2055 1547 1637 852 1008 1749 632 1072 927 1503 845 836 908 1910 1772 877 0 1733 847 2614 
458 1221 1036 907 575 1406 1017 1695 1518 1623 1270 992 1272 1464 1068 999 802 1541 1290 1671 0 1464 1313 
1372 2141 462 1647 1204 1324 552 374 1436 870 947 474 1197 1068 422 450 1542 1459 256 650 1390 0 2190 
1194 147 1435 566 963 1805 1437 2118 1918 2056 1676 1479 1669 1849 1486 1504 843 1941 1711 2081 1130 1868 0 
0 1604 1115 1145 653 1293 1000 1692 1487 1632 1206 1087 1204 1280 1147 1118 924 1513 1436 1586 573 1565 1683 
1206 0 1551 630 1016 1732 1445 2169 1955 2064 1652 1523 1695 1726 1583 1561 930 2028 1884 2046 1191 2012 184 
1082 1906 0 1434 951 1124 493 820 1292 1177 968 61 1016 1033 60 119 1215 1318 398 918 1137 573 1999 
1023 690 1352 0 823 1518 1253 1977 1712 1891 1460 1324 1481 1534 1384 1363 738 1738 1681 1840 985 1825 797 
652 1387 970 934 0 1124 816 1537 1322 1492 1043 953 1069 1121 1002 951 542 1352 1290 1431 628 1410 1466 
1212 1986 1074 1613 1159 0 915 1636 282 1576 1177 1085 382 1280 1129 1155 1372 367 1475 1530 1357 1509 2079 
1035 1906 483 1434 875 862 0 890 1068 751 714 502 766 837 496 565 1143 1168 657 773 1019 764 1999 
1732 2490 841 2169 1642 1629 1043 0 1831 1344 1273 837 1592 1358 797 836 1910 1866 582 872 1848 380 2583 
1431 2196 1318 1844 1357 257 1131 1861 0 1763 1375 1329 639 1504 1373 1399 1582 85 1713 1717 1546 1696 2289 
1876 2674 1416 2322 1790 1777 1213 1307 1996 0 920 1440 1436 681 1368 1448 2059 2102 1416 660 2034 1180 2787 
1314 2068 1127 1685 1219 1245 843 1323 1445 946 0 1138 815 577 1182 1208 1444 1471 1465 1223 1408 1196 2161 
1082 1906 58 1434 926 1124 522 832 1336 1181 1001 0 1069 1066 84 63 1165 1362 410 926 1137 585 1999 
1246 2006 1127 1638 1184 407 950 1640 667 1517 873 1138 0 1156 1182 1208 1397 752 1500 1534 1357 1513 2099 
1506 2267 1358 1933 1416 1449 1068 1502 1643 641 538 1369 1075 0 1413 1439 1641 1669 1644 1047 1605 1375 2360 
1107 1973 63 1460 963 1124 555 760 1286 1229 968 84 987 1006 0 83 1215 1312 338 852 1153 513 2058 
1142 1973 144 1518 995 1180 621 805 1384 1303 1066 108 1091 1121 111 0 1261 1410 371 900 1207 558 2066 
1023 1165 1352 740 582 1554 1256 2000 1748 1891 1463 1324 1517 1537 1384 1363 0 1774 1681 1861 985 1825 1244 
1460 2204 1358 1871 1384 342 1190 1913 85 1845 1375 1369 724 1504 1413 1439 1609 0 1759 1776 1573 1755 2297 
1345 2088 478 1719 1253 1250 773 434 1445 1223 1108 474 1152 1175 434 473 1478 1471 0 725 1442 187 2181 
2368 3101 1566 2739 2211 2315 1491 1483 2450 741 1500 1590 2040 1145 1518 1598 2522 2527 1512 0 2439 1309 3158 
592 1686 1295 1242 719 1472 1219 1946 1666 1866 1430 1267 1435 1504 1327 1336 993 1692 1673 1817 0 1784 1765 
1411 2185 543 1785 1319 1322 838 398 1516 1132 1045 539 1253 1121 499 538 1544 1542 284 658 1508 0 2278 
1326 218 1696 741 1114 1939 1590 2323 2074 2219 1797 1668 1842 1870 1728 1712 1025 2171 2053 2187 1303 2166 0 
0 1359 1018 1038 594 1335 956 1648 1501 1528 1066 993 1206 1243 1073 1001 918 1586 1397 1451 592 1464 1460 
1235 0 1566 695 1088 1904 1483 2122 2025 2099 1575 1559 1766 1752 1621 1567 988 2110 1912 1979 1195 1972 265 
988 1651 0 1383 955 1006 357 917 1206 983 760 61 873 908 57 116 1257 1291 449 830 1105 562 1752 
928 662 1295 0 779 1546 1212 1847 1712 1746 1284 1307 1439 1461 1350 1315 700 1797 1673 1678 985 1691 773 
592 1162 865 790 0 1135 799 1509 1285 1361 940 926 993 1076 922 880 611 1370 1182 1312 620 1256 1263 
1336 1911 1127 1629 1251 0 1038 1743 255 1645 1172 1184 648 1360 1182 1243 1522 340 1505 1546 1398 1559 1984 
928 1558 430 1290 868 887 0 791 1136 708 630 479 790 771 448 519 1147 1221 689 641 1027 654 1659 
1878 2455 980 2143 1758 1821 1115 0 1958 1284 1164 1020 1701 1341 943 957 2099 2043 700 964 1919 463 2528 
1568 2216 1322 1870 1500 271 1239 1910 0 1856 1381 1379 886 1558 1377 1438 1771 85 1700 1747 1647 1760 2289 
1623 2240 1156 1922 1529 1582 980 1311 1748 0 823 1213 1380 625 1163 1250 1800 1843 1176 671 1676 1127 2313 
1104 1662 830 1394 1023 1135 664 1174 1279 806 0 879 758 528 883 952 1287 1364 1114 964 1129 986 1763 
1053 1651 64 1383 983 1046 406 966 1220 1056 809 0 942 958 93 66 1276 1305 485 866 1129 598 1752 
1222 1791 1014 1523 1166 486 921 1629 718 1338 729 1071 0 996 1066 1130 1416 803 1338 1432 1288 1412 1894 
1336 1911 1063 1629 1251 1376 921 1421 1542 570 648 1120 1140 0 1118 1179 1522 1627 1368 1038 1398 1237 1984 
1117 1688 84 1420 1037 1062 440 860 1268 1084 843 96 970 996 0 92 1313 1353 392 788 1175 520 1789 
1124 1666 132 1398 1030 1135 488 966 1296 1134 891 112 1030 1064 99 0 1291 1381 433 872 1162 601 1767 
928 1100 1295 653 532 1546 1212 1847 1712 1746 1284 1307 1439 1461 1350 1315 0 1797 1673 1678 956 1691 1178 
1648 2286 1354 1962 1580 367 1271 1933 96 1886 1413 1411 942 1590 1409 1470 1914 0 1732 1779 1727 1792 2359 
1425 2035 553 1709 1331 1420 676 529 1586 1123 1034 545 1313 1213 503 536 1602 1671 0 768 1478 189 2108 
1791 2455 1124 2143 1697 1767 1063 1206 1931 767 1145 1188 1660 1194 1090 1177 2023 2016 1097 0 1848 1040 2528 
525 1392 1172 1062 620 1453 1101 1774 1619 1645 1183 1212 1346 1360 1227 1220 932 1704 1550 1577 0 1590 1493 
1536 2147 631 1834 1442 1502 754 477 1668 1101 993 623 1395 1153 581 614 1713 1753 344 774 1589 0 2220 
1280 208 1634 742 1135 1944 1551 2175 2077 2155 1643 1627 1842 1852 1689 1635 1042 2162 1968 2050 1240 2043 0 
0 1252 1039 953 583 1307 927 1585 1472 1601 1094 995 1228 1215 1079 1004 857 1497 1385 1437 519 1470 1353 
1191 0 1481 622 1056 1768 1365 2032 1936 1992 1531 1515 1696 1652 1554 1524 915 1967 1815 1925 1155 1926 168 
1020 1647 0 1325 1010 1008 356 908 1122 990 706 109 873 834 75 160 1231 1145 489 873 1155 619 1748 
969 618 1281 0 804 1581 1165 1846 1746 1832 1311 1268 1509 1432 1353 1277 673 1771 1614 1662 900 1695 702 
594 1094 799 753 0 1131 758 1382 1294 1404 883 860 1084 1035 874 884 578 1329 1179 1239 553 1267 1195 
1174 1787 921 1465 1192 0 870 1538 284 1492 1055 970 399 1163 989 1032 1386 459 1324 1390 1323 1423 1885 
969 1558 377 1236 927 881 0 745 1070 686 630 438 813 758 452 528 1202 1145 696 627 1115 613 1659 
1754 2441 977 2086 1721 1770 1079 0 1936 1349 1210 1041 1698 1331 937 1020 1990 1967 713 1023 1885 465 2436 
1355 2095 1159 1645 1352 289 1031 1703 0 1691 1238 1195 688 1359 1232 1275 1566 175 1492 1555 1497 1588 2090 
1481 2186 1116 1741 1448 1489 927 1170 1654 0 812 1152 1322 561 1189 1232 1662 1679 1216 676 1593 1061 2181 
1064 1684 761 1362 1063 1048 641 976 1236 740 0 822 658 456 836 920 1284 1259 1029 856 1200 842 1785 
1064 1684 91 1362 1063 1048 420 957 1188 1091 770 0 942 898 98 97 1284 1213 532 917 1216 662 1785 
1202 1945 951 1500 1207 599 911 1545 768 1410 716 1005 0 1000 1024 1067 1421 932 1335 1397 1352 1430 1920 
1288 2000 1052 1567 1274 1307 886 1240 1472 557 465 1088 982 0 1125 1168 1488 1497 1260 1048 1419 1103 1995 
1064 1720 76 1398 1089 1048 432 848 1190 1091 782 100 983 949 0 106 1320 1213 435 819 1216 565 1846 
1064 1647 163 1325 1010 1131 492 981 1255 1144 842 72 1031 979 151 0 1231 1280 489 959 1155 683 1748 
938 1001 1281 670 568 1545 1165 1846 1710 1832 1311 1266 1473 1432 1351 1275 0 1735 1614 1662 894 1695 1102 
1378 2095 1176 1650 1357 405 1058 1730 116 1718 1265 1212 804 1386 1249 1292 1571 0 1509 1582 1502 1615 2090 
1394 2095 538 1654 1361 1382 675 477 1547 1147 1021 582 1310 1131 501 588 1575 1572 0 711 1506 194 2090 
1940 2644 1364 2283 1877 1943 1304 1371 2109 771 1375 1428 1870 1187 1337 1410 2131 2194 1323 0 2108 1256 2639 
532 1303 1176 998 630 1460 1041 1707 1625 1701 1208 1180 1388 1329 1249 1189 915 1650 1509 1559 0 1592 1404 
1481 2186 618 1741 1448 1460 755 468 1625 1112 976 662 1388 1131 581 668 1662 1650 363 729 1593 0 2181 
1287 194 1600 722 1152 1903 1484 2161 2090 2120 1650 1634 1842 1771 1673 1643 1013 2153 1926 2010 1259 2028 0 
0 1236 981 937 549 1259 917 1517 1458 1542 1025 959 1170 1143 1071 977 817 1441 1284 1432 490 1421 1322 
1174 0 1435 624 994 1738 1401 2023 1918 1939 1489 1467 1659 1619 1525 1497 864 1941 1734 1923 1135 1894 193 
1046 1678 0 1416 938 1006 408 900 1203 1118 746 64 888 886 62 122 1155 1211 476 918 1087 608 1764 
988 670 1242 0 774 1517 1208 1768 1715 1821 1276 1245 1438 1406 1332 1263 641 1695 1541 1683 914 1672 748 
639 1116 838 740 0 1161 784 1406 1340 1414 900 842 1067 1024 890 850 550 1344 1176 1321 581 1310 1192 
1222 1795 969 1533 1123 0 873 1510 274 1526 1025 984 483 1160 1042 1058 1356 364 1273 1425 1281 1414 1879 
964 1535 362 1273 847 905 0 805 1082 786 623 398 803 763 414 462 1106 1145 680 661 1019 666 1621 
1697 2334 852 1969 1574 1638 1032 0 1831 1219 1142 889 1559 1272 812 884 1865 1832 633 888 1758 403 2424 
1387 2017 1096 1745 1287 300 1064 1671 0 1687 1208 1128 771 1338 1186 1202 1568 90 1395 1586 1471 1547 2107 
1540 2184 1098 1843 1417 1479 956 1253 1677 0 801 1130 1340 608 1188 1204 1698 1657 1218 683 1601 1157 2274 
1091 1678 787 1416 959 1061 590 1061 1251 845 0 823 714 452 839 887 1155 1252 1054 926 1130 939 1764 
1046 1678 58 1416 933 1046 445 930 1203 1118 783 0 942 949 87 64 1155 1252 501 930 1087 633 1764 
1253 1838 981 1564 1123 428 924 1495 680 1415 663 1013 0 958 1071 1087 1387 770 1284 1410 1290 1399 1905 
1295 1872 1018 1597 1139 1300 804 1253 1498 552 452 1050 982 0 1108 1124 1420 1478 1262 944 1323 1157 1928 
1111 1678 87 1416 980 1128 453 841 1269 1188 833 89 975 970 0 84 1195 1281 417 841 1135 549 1764 
1055 1678 124 1416 938 1128 511 896 1281 1200 849 66 991 986 108 0 1155 1310 472 963 1087 604 1764 
964 955 1242 665 582 1520 1208 1768 1718 1821 1276 1274 1441 1406 1332 1320 0 1698 1541 1683 948 1672 1041 
1424 2054 1135 1772 1314 398 1101 1708 98 1724 1230 1167 825 1360 1225 1241 1595 0 1434 1623 1498 1586 2144 
1358 1885 496 1653 1195 1300 668 484 1498 1107 1009 533 1194 1143 456 528 1476 1478 0 759 1379 192 1975 
1836 2445 1179 2076 1710 1774 1110 1199 1944 892 1202 1256 1695 1293 1137 1216 2007 1967 1152 0 1919 1103 2535 
575 1316 1135 1049 624 1420 1095 1679 1618 1718 1187 1164 1341 1317 1225 1182 892 1598 1434 1594 0 1583 1402 
1388 2017 550 1715 1257 1331 722 437 1529 1107 988 587 1258 1111 510 582 1538 1509 331 756 1441 0 2107 
1277 227 1568 736 1092 1901 1534 2157 2089 2103 1622 1600 1792 1752 1658 1630 1002 2112 1874 2044 1238 2026 0 
0 1239 929 942 515 1253 863 1467 1421 1444 1000 951 1160 1164 996 963 773 1506 1233 1372 492 1356 1297 
1186 0 1493 646 1042 1782 1420 2025 1981 2009 1544 1487 1694 1693 1541 1494 966 2066 1780 1922 1178 1904 206 
1022 1670 0 1328 930 1001 430 838 1204 1099 775 58 942 874 57 120 1174 1244 382 875 1124 576 1728 
864 663 1189 0 693 1470 1088 1695 1637 1662 1221 1194 1382 1370 1248 1201 646 1722 1449 1600 835 1584 775 
596 984 758 737 0 1070 699 1303 1253 1309 855 786 987 958 815 811 441 1283 1042 1216 510 1192 1047 
1134 1817 887 1468 1120 0 828 1440 290 1415 1003 915 382 1164 968 978 1311 375 1186 1345 1240 1329 1870 
849 1498 330 1156 772 837 0 713 1018 707 564 358 752 675 387 421 1038 1041 579 592 956 563 1556 
1696 2403 908 2104 1592 1690 1078 0 1864 1218 1095 915 1594 1244 853 852 1842 1949 564 891 1772 399 2487 
1320 1993 1110 1650 1245 228 1011 1625 0 1585 1181 1120 610 1330 1172 1183 1493 85 1370 1530 1425 1514 2077 
1485 2140 1089 1786 1381 1447 886 1151 1614 0 814 1099 1340 500 1126 1162 1629 1699 1031 665 1561 1031 2224 
963 1549 681 1207 864 1001 524 976 1204 862 0 709 707 440 738 772 1101 1244 946 859 1087 830 1607 
1049 1670 69 1328 935 1047 481 879 1252 1153 826 0 970 949 98 63 1200 1283 423 916 1124 617 1728 
1134 1817 888 1468 1120 405 829 1440 674 1320 675 916 0 958 968 979 1311 759 1186 1345 1240 1329 1870 
1215 1878 929 1509 1120 1225 765 1221 1394 562 496 951 982 0 996 1014 1352 1479 1168 916 1284 1104 1962 
1086 1670 57 1328 965 1055 464 781 1252 1153 828 85 970 949 0 87 1228 1283 325 830 1149 519 1728 
1014 1554 139 1212 871 1120 551 856 1307 1188 896 70 1070 1015 150 0 1101 1378 400 927 1087 594 1612 
805 946 1216 688 462 1513 1116 1729 1680 1690 1255 1221 1425 1404 1275 1228 0 1765 1476 1634 879 1618 1006 
1333 2070 1128 1694 1300 313 1026 1640 85 1600 1202 1138 695 1351 1190 1201 1530 0 1388 1545 1480 1529 2154 
1384 2070 545 1688 1283 1371 702 456 1538 1022 966 555 1283 1090 494 493 1531 1623 0 683 1463 194 2154 
1667 2314 1116 2041 1563 1659 1081 1096 1829 774 1066 1155 1570 1108 1063 1154 1812 1914 968 0 1743 952 2398 
558 1308 1189 1000 602 1470 1088 1683 1637 1658 1209 1194 1382 1358 1248 1201 860 1722 1449 1588 0 1572 1366 
1460 2108 613 1761 1356 1418 775 420 1585 1077 958 623 1330 1080 562 561 1604 1670 273 724 1536 0 2192 
1278 220 1589 772 1129 1915 1516 2124 2103 2106 1640 1583 1790 1789 1637 1590 1046 2140 1872 2040 1270 1999 0 
0 1320 899 1008 517 1222 907 1524 1395 1481 995 881 1128 1108 930 884 805 1492 1263 1388 643 1418 1390 
1193 0 1518 650 1019 1769 1439 2101 1974 2069 1583 1536 1686 1691 1574 1524 936 2108 1835 1973 1174 1975 193 
1021 1730 0 1407 943 1044 377 882 1192 1059 763 58 977 908 57 121 1274 1284 403 960 1148 590 1800 
928 663 1279 0 768 1510 1197 1825 1681 1781 1317 1284 1427 1425 1333 1272 690 1778 1588 1689 1069 1719 763 
567 1183 777 821 0 1073 765 1404 1246 1361 841 773 1072 970 817 776 485 1323 1130 1268 686 1286 1192 
1173 2008 898 1534 1122 0 886 1548 303 1457 1037 954 425 1161 955 1014 1401 401 1255 1412 1301 1397 1932 
828 1590 332 1267 787 835 0 815 1033 745 579 367 794 729 385 430 1060 1116 599 719 1109 689 1660 
1779 2551 884 2098 1685 1645 1038 0 1817 1205 1104 919 1562 1212 832 855 2004 1951 606 866 1945 404 2485 
1391 2140 1153 1760 1314 230 1048 1707 0 1654 1256 1200 655 1364 1209 1268 1627 98 1462 1571 1517 1601 2074 
1581 2343 1119 1911 1488 1446 942 1188 1617 0 776 1166 1363 557 1130 1213 1806 1714 1062 581 1691 1088 2277 
1021 1730 755 1407 943 1044 597 1026 1229 803 0 790 716 455 808 853 1274 1323 976 917 1148 882 1800 
971 1659 64 1336 893 1058 420 896 1229 1059 806 0 1072 958 89 63 1203 1323 417 1024 1109 604 1729 
1161 2008 885 1522 1122 489 873 1511 740 1361 687 942 0 964 943 1002 1389 838 1231 1375 1301 1387 1921 
1270 2140 1056 1655 1209 1293 833 1269 1464 520 464 1103 942 0 1112 1171 1522 1561 1262 965 1412 1161 2074 
1080 1745 85 1422 986 1125 462 836 1265 1124 848 104 1072 986 0 125 1289 1351 357 917 1174 544 1841 
971 1730 136 1407 906 1125 492 865 1304 1143 878 72 1072 1011 105 0 1247 1393 386 1024 1113 573 1800 
811 944 1244 758 539 1488 1179 1808 1659 1759 1295 1224 1405 1403 1273 1212 0 1756 1588 1667 1069 1697 1037 
1438 2220 1202 1807 1359 315 1123 1782 85 1729 1317 1249 740 1425 1258 1317 1672 0 1511 1646 1562 1653 2154 
1382 2140 521 1734 1288 1371 622 479 1542 1093 970 540 1288 1108 469 492 1601 1639 0 713 1491 187 2074 
1842 2572 1149 2119 1736 1696 1141 1138 1869 812 1169 1185 1613 1148 1077 1160 2057 2003 1019 0 2031 1031 2506 
587 1376 1171 1079 598 1444 1081 1740 1615 1687 1233 1162 1361 1341 1211 1150 886 1712 1480 1604 0 1622 1446 
1453 2220 572 1807 1359 1401 673 434 1572 1087 936 591 1318 1054 520 543 1672 1669 294 706 1562 0 2154 
1340 200 1629 757 1111 1912 1550 2200 2091 2177 1694 1647 1797 1808 1685 1635 1073 2193 1956 2067 1273 2085 0 
0 1251 959 1001 572 1266 912 1573 1428 1535 1039 962 1175 1150 998 968 881 1456 1277 1438 510 1419 1344 
1251 0 1491 616 1063 1784 1446 2139 1960 2044 1587 1473 1670 1704 1547 1479 929 2045 1785 1979 1305 1994 173 
1126 1622 0 1408 1005 1053 397 862 1178 1028 801 59 942 949 57 118 1292 1250 414 879 1303 582 1715 
1018 647 1247 0 765 1529 1195 1870 1689 1821 1321 1198 1415 1438 1285 1204 656 1715 1541 1720 885 1683 727 
619 1064 836 731 0 1135 782 1444 1288 1375 927 833 1074 1028 865 862 527 1339 1125 1309 553 1267 1157 
1240 1775 941 1561 1166 0 887 1557 275 1519 1085 938 382 1202 970 1001 1431 382 1249 1422 1444 1391 1857 
950 1489 417 1275 843 905 0 740 1074 672 612 414 797 725 446 480 1155 1145 659 643 1019 648 1582 
1780 2356 853 2073 1675 1694 1064 0 1855 1259 1164 894 1580 1281 819 892 2003 1885 604 888 2013 420 2404 
1432 2019 1116 1754 1338 325 1067 1731 0 1693 1238 1151 707 1355 1172 1214 1624 107 1410 1596 1631 1552 2067 
1541 2140 1068 1866 1436 1463 884 1184 1623 0 797 1103 1322 581 1124 1166 1722 1649 1115 561 1729 1073 2188 
1126 1633 794 1419 1020 1135 651 1049 1257 798 0 791 694 453 823 857 1303 1304 1015 917 1303 919 1726 
1088 1622 58 1408 982 1084 441 900 1246 1060 845 0 979 958 87 66 1273 1267 433 928 1272 620 1715 
1235 1762 931 1548 1164 530 876 1557 740 1428 735 928 0 958 960 991 1418 803 1226 1422 1434 1368 1848 
1340 1889 1007 1644 1228 1338 876 1262 1498 581 490 1042 982 0 1063 1105 1514 1524 1244 996 1521 1144 1956 
1168 1708 57 1494 1063 1135 454 828 1246 1091 858 87 991 970 0 85 1365 1274 361 856 1340 548 1810 
1126 1622 138 1408 949 1175 535 873 1337 1189 932 97 1074 1038 105 0 1273 1368 406 924 1260 593 1715 
1018 962 1247 656 547 1529 1201 1870 1689 1833 1321 1235 1415 1438 1303 1241 0 1715 1541 1720 892 1683 1079 
1497 2102 1171 1794 1378 410 1126 1790 85 1752 1321 1206 792 1438 1227 1269 1664 0 1465 1655 1671 1607 2150 
1445 2019 466 1761 1345 1387 642 467 1547 1051 958 507 1273 1065 432 505 1631 1573 0 662 1638 187 2067 
2111 2717 1409 2418 2030 2031 1391 1434 2197 835 1479 1434 1995 1173 1352 1433 2309 2251 1309 0 2209 1303 2780 
708 1368 1247 1127 693 1529 1202 1870 1689 1833 1321 1235 1415 1438 1303 1241 1036 1715 1541 1720 0 1683 1461 
1515 2126 529 1835 1410 1428 705 431 1588 1123 1001 570 1314 1149 495 568 1696 1614 280 741 1703 0 2174 
1352 196 1593 719 1155 1904 1548 2256 2079 2143 1689 1575 1772 1808 1649 1581 1036 2113 1894 2075 1406 2098 0 
0 1322 1019 1037 539 1257 937 1678 1431 1638 1098 1036 1212 1224 1069 1086 847 1445 1278 1565 509 1410 1399 
1276 0 1542 661 1074 1811 1493 2206 2002 2094 1644 1551 1760 1770 1592 1560 949 2100 1794 2125 1218 1956 187 
1110 1697 0 1401 962 1005 428 873 1202 1177 788 61 942 921 82 124 1292 1243 423 926 1150 589 1774 
977 580 1273 0 774 1529 1224 1944 1703 1881 1345 1290 1481 1471 1323 1306 664 1717 1525 1863 914 1657 681 
609 1186 798 885 0 1124 764 1491 1293 1465 940 839 1014 1058 879 921 500 1307 1091 1410 562 1223 1263 
1241 1897 916 1565 1160 0 876 1606 301 1588 1098 957 462 1224 970 1022 1456 417 1206 1515 1350 1338 1948 
937 1584 383 1288 828 864 0 843 1035 726 620 424 771 742 464 498 1194 1049 611 666 1034 712 1661 
1727 2388 865 2142 1692 1674 1049 0 1865 1292 1178 904 1626 1304 823 902 1995 1901 606 875 1885 405 2425 
1409 2022 1128 1748 1343 269 1083 1780 0 1780 1266 1145 731 1392 1178 1210 1639 116 1380 1707 1533 1512 2059 
1594 2227 1148 1982 1559 1539 1036 1386 1713 0 861 1165 1408 618 1198 1230 1865 1727 1309 622 1749 1220 2264 
1110 1701 766 1405 981 1059 650 1145 1270 878 0 807 771 475 847 881 1296 1284 1053 960 1189 983 1778 
1134 1725 73 1429 1017 1051 481 888 1270 1224 841 0 970 977 97 74 1320 1284 438 960 1218 604 1810 
1283 1989 1019 1620 1215 408 937 1646 676 1554 850 1036 0 1086 1069 1101 1511 792 1246 1565 1405 1378 2026 
1283 1897 1019 1585 1180 1250 841 1348 1425 552 470 1036 1075 0 1069 1101 1476 1439 1245 960 1370 1182 1948 
1163 1764 83 1468 1049 1074 504 810 1270 1257 865 98 987 1003 0 99 1359 1284 384 851 1261 526 1841 
1158 1725 163 1429 1017 1156 571 840 1342 1309 940 90 1091 1058 150 0 1320 1356 390 895 1218 556 1810 
868 943 1273 661 483 1529 1224 1944 1703 1881 1345 1290 1481 1471 1323 1299 0 1717 1525 1863 914 1657 1036 
1453 2084 1167 1792 1387 354 1138 1836 85 1833 1314 1184 803 1440 1217 1249 1683 0 1419 1762 1577 1551 2121 
1374 1989 490 1680 1275 1294 651 471 1468 1088 996 526 1250 1140 448 527 1571 1482 0 670 1465 187 2026 
2178 2811 1486 2554 2159 2156 1445 1545 2307 821 1523 1497 2059 1216 1435 1496 2370 2370 1371 0 2321 1341 2856 
563 1392 1167 1116 606 1460 1119 1836 1634 1815 1266 1184 1412 1392 1217 1209 926 1648 1419 1743 0 1551 1469 
1473 2131 590 1858 1438 1414 751 460 1588 1130 995 626 1366 1140 548 627 1734 1602 331 715 1628 0 2168 
1344 189 1618 743 1141 1902 1569 2280 2079 2191 1720 1627 1842 1858 1668 1636 1059 2177 1865 2229 1286 2017 0 
0 1293 1052 1028 574 1315 1144 1788 1425 1836 1338 1037 1197 1448 1081 1029 830 1448 1355 1999 507 1545 1339 
1419 0 1736 676 1227 2143 1839 2502 2344 2518 2082 1720 2031 2266 1765 1726 1098 2371 2047 2716 1364 2287 200 
1185 1750 0 1486 1041 1172 552 828 1310 1189 940 58 1089 1063 65 125 1288 1333 406 1074 1245 617 1796 
1052 609 1401 0 900 1794 1474 2188 1940 2151 1743 1385 1670 1886 1430 1399 711 1967 1725 2320 1019 1976 703 
594 1118 914 838 0 1132 942 1609 1270 1630 1140 889 1067 1250 943 837 480 1293 1176 1664 524 1366 1164 
1216 1886 1030 1588 1207 0 1045 1671 244 1741 1141 1029 385 1350 1062 1100 1422 329 1312 1775 1389 1428 1948 
1072 1773 418 1488 1066 1053 0 956 1196 752 675 413 942 794 407 479 1300 1219 591 787 1245 744 1841 
1848 2353 820 2173 1673 2020 1038 0 2146 1450 1397 860 1887 1517 788 836 1939 2173 579 1055 1856 441 2415 
1389 2014 1223 1775 1370 263 1240 1830 0 1915 1346 1222 648 1522 1253 1293 1603 85 1450 2000 1552 1566 2076 
1719 2247 1210 2053 1628 1775 1028 1398 1940 0 876 1222 1429 638 1129 1199 1889 1967 1106 653 1814 1130 2309 
1253 1886 914 1638 1207 1132 697 1413 1270 946 0 904 942 451 943 986 1440 1293 1201 1238 1389 1199 1948 
1137 1692 59 1428 1001 1192 564 838 1310 1216 940 0 1097 1063 85 78 1242 1333 416 1119 1163 627 1738 
1221 1952 1091 1602 1221 423 1045 1677 633 1483 748 1090 0 958 1121 1161 1436 718 1318 1775 1403 1434 2014 
1510 2014 1180 1817 1378 1345 902 1632 1455 595 492 1179 1075 0 1210 1250 1611 1478 1407 980 1560 1418 2076 
1146 1695 81 1431 1008 1269 590 787 1380 1262 1020 88 1157 1121 0 88 1242 1403 365 1055 1181 576 1741 
1052 1677 133 1413 939 1269 638 809 1380 1299 1021 74 1174 1155 154 0 1173 1403 387 1152 1087 598 1723 
957 994 1339 778 534 1697 1386 2103 1831 2043 1646 1323 1573 1849 1368 1320 0 1832 1646 2205 956 1845 1047 
1416 2014 1262 1807 1381 348 1248 1856 85 1915 1362 1261 733 1522 1292 1332 1614 0 1489 2029 1563 1605 2076 
1488 1952 432 1734 1303 1506 682 422 1616 1299 1191 472 1382 1301 400 448 1536 1639 0 831 1485 211 2014 
2006 2572 1141 2358 1931 2060 1171 1328 2212 829 1245 1153 1770 1160 1060 1143 2163 2239 1028 0 2129 1085 2634 
641 1440 1339 1199 730 1697 1376 2103 1831 2043 1646 1323 1573 1761 1368 1320 988 1832 1646 2205 0 1845 1486 
1543 2014 498 1789 1358 1666 748 386 1776 1262 1191 538 1529 1301 466 514 1591 1799 257 804 1540 0 2076 
1530 192 1841 762 1329 2218 1944 2613 2418 2638 2177 1826 2149 2386 1870 1835 1145 2445 2158 2845 1475 2398 0 
0 1162 942 950 538 1421 1126 1610 1537 1833 1344 883 1314 1475 969 890 781 1571 1192 1777 499 1379 1239 
1482 0 1782 652 1308 2266 1890 2444 2384 2503 2084 1724 2163 2244 1800 1731 1145 2407 2026 2478 1469 2241 147 
1118 1617 0 1431 1020 1292 466 750 1408 1159 936 58 1197 1054 53 112 1243 1442 329 1058 1206 508 1694 
1011 548 1399 0 872 1902 1502 2057 2022 2175 1735 1341 1764 1858 1417 1348 746 2045 1639 2113 1092 1829 625 
569 935 782 704 0 1249 973 1467 1347 1659 1167 724 1129 1303 808 731 438 1373 1049 1648 514 1236 1012 
1323 1776 932 1590 1194 0 1028 1629 399 1727 1155 976 383 1360 989 1039 1401 484 1237 1693 1395 1398 1873 
1094 1544 267 1358 923 1122 0 867 1202 860 686 305 1014 807 318 368 1150 1259 504 923 1129 611 1621 
1772 2390 775 2120 1666 1805 1109 0 1924 1269 1329 780 1696 1444 733 766 1888 1967 556 1103 1885 396 2423 
1448 2065 1036 1772 1376 216 1126 1710 0 1833 1327 1080 599 1523 1093 1143 1583 85 1318 1795 1577 1479 2098 
1650 2229 1018 1930 1548 1617 973 1265 1733 0 816 1062 1379 615 1037 1095 1755 1767 991 572 1749 1037 2262 
1372 1776 821 1590 1194 1176 672 1368 1288 862 0 859 777 450 872 926 1401 1339 1076 1254 1395 1186 1873 
1050 1544 58 1358 956 1324 504 747 1440 1171 983 0 1217 1107 84 63 1173 1474 318 1058 1166 505 1621 
1298 1749 918 1563 1167 392 1028 1588 746 1436 783 962 0 970 975 1025 1374 765 1196 1673 1368 1357 1841 
1566 2144 1018 1892 1483 1374 918 1617 1528 502 475 1062 982 0 1075 1125 1690 1579 1300 941 1684 1435 2177 
1142 1555 57 1369 965 1324 432 705 1440 1119 983 84 1214 1107 0 77 1191 1474 276 1058 1166 463 1632 
1070 1544 123 1358 888 1384 519 743 1500 1171 1046 65 1277 1160 87 0 1101 1534 314 1058 1092 501 1621 
754 866 1185 650 441 1699 1288 1849 1817 1996 1572 1127 1586 1687 1203 1134 0 1854 1425 1937 862 1612 948 
1500 2102 1080 1833 1430 308 1156 1754 92 1856 1381 1124 691 1630 1137 1187 1637 0 1362 1856 1631 1523 2135 
1420 2003 410 1692 1296 1513 631 429 1629 1096 1185 415 1406 1300 368 401 1503 1663 0 916 1497 187 2036 
1897 2525 1018 2255 1806 1902 1120 1255 2022 803 1258 1068 1751 1101 984 1053 2014 2045 935 0 2002 1005 2558 
526 1206 1185 1026 568 1633 1246 1849 1749 1942 1502 1127 1526 1617 1203 1134 813 1783 1425 1922 0 1612 1283 
1504 2015 475 1747 1351 1547 696 393 1663 1096 1150 480 1440 1300 433 466 1558 1697 256 916 1552 0 2048 
1590 177 1890 759 1416 2338 1961 2548 2456 2574 2189 1832 2235 2349 1908 1839 1250 2479 2130 2594 1577 2345 0 
0 1086 839 868 442 1215 887 1472 1320 1413 991 781 1117 1106 857 788 771 1370 1084 1400 427 1271 1163 
1189 0 1534 490 1080 1901 1505 2140 1952 2057 1627 1479 1747 1750 1563 1486 999 2037 1785 2046 1223 1970 147 
920 1436 0 1183 837 1001 288 727 1087 890 696 58 854 879 51 112 1105 1145 309 762 1019 496 1513 
817 521 1140 0 721 1472 1122 1718 1577 1662 1237 1085 1377 1360 1169 1092 651 1625 1391 1646 855 1578 598 
466 891 720 697 0 1055 738 1375 1161 1233 819 662 970 1005 738 669 478 1203 964 1317 504 1144 973 
1164 1680 873 1427 1120 0 877 1490 227 1371 1012 921 382 1138 930 984 1341 312 1125 1418 1278 1286 1757 
879 1409 276 1156 780 845 0 840 943 602 548 320 742 731 327 383 1050 985 490 748 956 547 1486 
1536 2055 735 1791 1464 1551 899 0 1656 1023 1003 747 1456 1138 695 723 1705 1704 529 827 1647 369 2132 
1260 1800 1021 1547 1220 216 969 1636 0 1581 1158 1054 598 1281 1072 1115 1461 85 1268 1564 1403 1429 1878 
1415 1936 921 1673 1346 1428 873 1073 1533 0 711 967 1320 447 880 950 1587 1581 890 486 1529 896 2013 
997 1459 658 1206 871 1001 501 1099 1096 678 0 702 658 459 709 765 1150 1145 915 1035 1087 943 1536 
860 1409 58 1156 779 1001 332 736 1097 939 740 0 898 949 84 63 1045 1145 318 811 956 505 1486 
1164 1667 870 1414 1120 392 874 1472 598 1268 691 915 0 944 930 978 1328 683 1125 1400 1278 1286 1744 
1204 1700 900 1447 1120 1243 743 1305 1348 427 448 947 900 0 951 1010 1361 1397 1148 735 1303 1200 1777 
947 1454 51 1201 855 1041 339 688 1122 915 747 84 942 949 0 69 1128 1145 270 727 1087 457 1531 
869 1409 117 1156 788 1062 393 711 1161 993 801 61 970 999 71 0 1056 1203 293 798 985 480 1486 
763 797 1140 603 464 1451 1091 1706 1556 1650 1225 1085 1356 1348 1169 1092 0 1604 1391 1634 841 1558 874 
1276 1817 1066 1557 1230 301 985 1646 85 1590 1165 1099 683 1288 1117 1160 1471 0 1313 1574 1413 1474 1894 
1229 1759 397 1506 1179 1243 545 418 1348 838 872 409 1145 1011 357 385 1420 1397 0 651 1362 187 1841 
1743 2306 1057 2141 1674 1743 1045 1147 1849 637 1210 1104 1648 936 1020 1089 1957 1897 1032 0 1885 943 2383 
430 1185 1049 986 549 1386 1017 1636 1491 1581 1158 994 1291 1281 1078 1001 878 1539 1300 1564 0 1487 1262 
1291 1817 462 1557 1230 1312 592 382 1417 861 838 474 1214 1005 422 450 1471 1465 256 674 1413 0 1894 
1273 147 1599 567 1174 1941 1570 2209 2032 2135 1692 1544 1842 1849 1628 1551 1041 2103 1852 2117 1307 2033 0 
0 1036 804 783 434 1152 806 1370 1273 1267 932 746 1067 1047 822 753 699 1296 1045 1294 415 1228 1113 
1018 0 1303 489 890 1660 1288 1888 1777 1746 1409 1250 1565 1518 1331 1257 773 1832 1548 1816 1087 1709 147 
859 1406 0 1220 782 1001 266 742 1122 825 681 58 879 804 56 115 1026 1145 316 700 985 503 1483 
764 489 1074 0 654 1388 1055 1644 1505 1513 1173 1027 1293 1278 1103 1034 537 1542 1320 1568 800 1481 566 
474 865 690 615 0 1041 687 1245 1172 1173 799 653 942 949 729 660 448 1214 948 1167 510 1117 951 
1109 1633 842 1447 1042 0 839 1432 227 1316 997 884 382 1131 898 955 1304 312 1103 1356 1218 1264 1710 
838 1338 261 1158 749 869 0 668 1018 559 459 303 775 582 317 363 1009 1041 490 567 948 530 1415 
1492 2009 729 1817 1422 1540 867 0 1657 1023 991 741 1445 1099 689 717 1670 1694 523 775 1597 363 2086 
1243 1752 995 1566 1175 216 995 1584 0 1453 1134 1039 598 1249 1048 1102 1423 85 1240 1508 1350 1401 1841 
1339 1846 883 1653 1262 1388 779 1016 1505 0 695 926 1291 473 862 941 1510 1542 872 486 1437 878 1923 
927 1416 632 1230 838 1001 436 931 1122 646 0 674 656 400 688 734 1115 1145 853 824 1019 787 1493 
801 1308 58 1104 724 1041 310 762 1172 869 725 0 942 848 84 63 972 1214 336 742 900 523 1385 
1109 1633 846 1447 1042 392 795 1369 598 1179 658 888 0 875 906 957 1304 683 1107 1293 1218 1260 1710 
1136 1633 834 1447 1042 1215 638 1118 1314 392 409 876 942 0 890 939 1304 1337 1055 682 1218 991 1710 
882 1406 51 1220 805 1041 317 696 1172 876 732 84 942 855 0 74 1062 1214 270 658 985 457 1483 
810 1311 117 1124 733 1120 371 719 1201 933 786 61 987 944 71 0 987 1243 293 729 914 480 1388 
735 775 1075 525 441 1388 1055 1644 1505 1513 1179 1027 1293 1278 1108 1034 0 1542 1320 1568 803 1481 852 
1263 1771 1017 1585 1194 301 1002 1591 85 1460 1152 1061 683 1271 1070 1124 1442 0 1262 1515 1369 1423 1851 
1204 1697 397 1511 1120 1285 527 426 1402 827 841 409 1197 964 357 385 1368 1439 0 586 1295 187 1774 
1531 2055 879 1842 1461 1573 860 1016 1690 661 1027 934 1478 898 844 918 1709 1727 854 0 1636 860 2132 
416 1123 1014 872 523 1359 995 1566 1476 1453 1130 956 1264 1245 1037 963 788 1513 1254 1490 0 1423 1200 
1260 1763 462 1577 1186 1359 552 386 1476 861 817 474 1264 958 422 450 1434 1513 256 620 1361 0 1841 
1087 147 1372 566 967 1693 1357 1967 1817 1815 1478 1322 1598 1587 1403 1329 850 1854 1617 1920 1124 1778 0 
0 1050 804 783 434 1152 787 1345 1262 1267 931 746 1067 1137 822 753 679 1285 1045 1271 415 1229 1127 
999 0 1283 489 857 1658 1262 1808 1761 1743 1400 1257 1563 1525 1333 1264 765 1832 1548 1732 1087 1690 147 
841 1406 0 1156 782 862 254 727 968 779 637 58 767 849 51 112 1020 1041 309 695 985 496 1483 
757 493 1055 0 619 1386 1029 1567 1489 1507 1164 1027 1291 1289 1103 1034 527 1529 1320 1493 799 1451 566 
462 935 686 608 0 1041 668 1233 1132 1173 803 653 942 1022 729 660 412 1203 952 1159 504 1117 1012 
1109 1633 851 1383 1053 0 833 1427 227 1316 1019 895 382 1189 906 963 1265 312 1125 1353 1237 1286 1710 
802 1308 254 1060 730 802 0 635 906 538 463 298 707 676 305 361 942 954 490 569 914 519 1385 
1471 1986 729 1726 1399 1496 846 0 1599 1012 966 741 1401 1148 689 717 1608 1639 523 756 1574 363 2063 
1204 1723 955 1473 1146 216 927 1504 0 1418 1134 999 598 1263 1006 1062 1355 85 1222 1430 1321 1383 1800 
1309 1817 868 1563 1236 1312 755 988 1415 0 684 915 1214 399 863 941 1445 1455 873 511 1411 867 1894 
895 1406 631 1156 823 1001 431 897 1052 656 0 675 669 408 682 738 1038 1137 854 831 1019 781 1483 
783 1308 58 1051 724 910 298 736 1024 823 681 0 811 893 84 63 936 1067 318 744 899 505 1385 
1085 1610 825 1360 1042 392 795 1345 598 1184 659 869 0 875 876 935 1243 683 1090 1271 1218 1229 1687 
1104 1610 826 1360 1042 1152 626 1086 1262 372 396 870 882 0 877 935 1243 1285 1042 671 1218 970 1687 
859 1406 51 1156 800 915 305 688 1024 830 688 84 818 900 0 69 1035 1067 270 660 985 457 1483 
792 1311 117 1060 733 1001 359 711 1087 884 742 61 872 958 71 0 942 1145 293 731 914 480 1388 
692 820 1032 506 412 1363 1007 1567 1466 1485 1142 974 1268 1267 1050 981 0 1506 1272 1493 783 1451 893 
1260 1774 997 1524 1197 301 976 1544 85 1458 1164 1041 683 1289 1048 1104 1406 0 1262 1470 1372 1423 1851 
1176 1697 397 1447 1120 1215 527 418 1300 867 847 409 1105 1032 357 385 1329 1326 0 588 1295 187 1774 
1511 2023 865 1766 1439 1543 846 972 1646 632 1004 915 1448 845 830 899 1648 1686 840 0 1614 834 2100 
416 1123 997 872 523 1357 976 1510 1460 1458 1138 956 1262 1263 1032 963 768 1500 1254 1436 0 1394 1200 
1243 1763 462 1513 1186 1250 552 374 1353 865 823 474 1164 1004 422 450 1395 1393 256 618 1361 0 1841 
1073 151 1354 566 936 1693 1333 1888 1796 1815 1471 1331 1598 1596 1405 1338 842 1843 1619 1816 1124 1761 0 
