25
15
3600
0
1167
960
1381
1415
1320
1467
920
1381
1152
1451
1424
1060
1458
1210
1437
1475
1275
946
1166
1387
1385
1128
1261
1298
0 1019 354 848 1001 1463 550 992 324 475 914 795 287 566 309 753 553 699 624 665 362 1248 395 931 265 
1089 0 838 1641 1787 2192 1355 1779 945 1232 1704 1615 1095 1323 853 1546 1358 1261 1417 1458 993 1961 1188 208 999 
537 887 0 1104 1250 1289 791 1241 222 685 1166 1066 446 776 107 1008 794 530 865 920 448 1084 636 787 276 
980 1866 1321 0 366 2512 781 924 1304 984 403 1103 1118 839 1272 451 673 1630 612 539 981 2306 820 1763 1245 
1065 1919 1344 375 0 2512 1076 1207 1352 1275 369 1370 1352 1129 1295 465 968 1653 656 498 1026 2306 1043 1831 1330 
1607 2079 1299 2149 2295 0 1858 2291 1192 1698 2231 2105 1411 1850 1304 2073 1861 1174 1935 1985 1475 617 1691 1961 1239 
552 1463 890 663 809 2108 0 593 876 315 786 409 587 212 841 734 118 1212 694 735 542 1814 398 1363 817 
929 1812 1272 916 1126 2427 647 0 1253 845 1086 502 1118 762 1223 1044 541 1581 1020 1097 914 2221 768 1712 1194 
598 1075 293 1168 1314 1105 833 1267 0 718 1201 1103 431 837 298 1043 836 457 926 955 467 929 678 998 261 
551 1266 733 755 903 1816 337 830 588 0 878 561 289 265 690 826 411 972 808 887 617 1599 500 1163 529 
800 1685 1157 403 387 2317 881 1148 1126 1000 0 1154 1089 858 1111 158 844 1469 349 246 771 2111 731 1585 1067 
729 1609 1071 840 991 2261 454 457 1056 557 964 0 829 569 1022 913 348 1388 871 920 719 2031 575 1509 1004 
444 1171 444 971 1126 1463 614 1108 299 291 1086 838 0 485 449 943 688 677 797 838 510 1248 493 1026 240 
487 1338 819 599 745 1955 203 760 771 274 722 576 472 0 770 670 258 1133 652 731 538 1739 394 1239 712 
532 882 107 1084 1230 1329 786 1218 259 680 1157 1066 483 771 0 1008 789 567 860 920 433 1131 631 782 313 
642 1537 997 454 483 2192 797 1098 971 920 158 1066 951 777 953 0 763 1325 268 88 613 1965 642 1437 911 
459 1338 797 570 716 1931 126 606 783 393 693 422 651 267 748 641 0 1107 601 642 449 1714 305 1239 724 
843 1311 537 1396 1542 1289 1110 1534 426 941 1455 1370 650 1084 542 1297 1113 0 1184 1209 712 1084 938 1204 474 
527 1421 881 614 673 2108 682 1031 851 824 348 932 814 683 836 262 669 1198 0 174 531 1814 527 1321 792 
554 1463 912 542 516 2120 709 1098 878 894 246 956 841 753 863 88 712 1229 181 0 525 1829 554 1363 819 
238 1011 434 770 917 1517 472 903 443 622 775 717 504 516 385 617 475 744 520 529 0 1302 317 900 498 
1438 1911 1130 1975 2121 620 1689 2117 1045 1551 2046 1948 1264 1677 1135 1888 1692 1086 1766 1793 1306 0 1522 1789 1099 
372 1266 726 609 755 1889 311 740 696 496 731 556 488 355 681 657 314 1049 550 604 411 1672 0 1152 637 
957 227 719 1517 1663 1987 1231 1655 825 1106 1580 1491 973 1198 734 1422 1234 1133 1293 1334 868 1759 1064 0 879 
481 1075 285 1043 1189 1289 735 1171 140 528 1101 981 241 722 290 943 738 477 809 850 460 1084 580 944 0 
0 1075 359 954 1126 1547 657 1162 331 495 939 899 294 587 319 781 654 704 664 693 425 1343 461 998 272 
1123 0 861 1861 1977 2360 1492 2059 983 1250 1790 1737 1113 1343 876 1716 1519 1354 1594 1665 1111 2075 1297 208 1039 
557 892 0 1207 1359 1388 893 1427 231 700 1227 1166 450 792 107 1069 890 539 900 950 531 1195 697 795 285 
850 1783 1239 0 366 2620 720 949 1203 856 403 1008 978 704 1179 451 673 1617 612 539 842 2337 679 1720 1149 
944 1866 1317 375 0 2710 810 1185 1283 948 374 1086 1063 794 1273 470 780 1695 661 503 931 2421 769 1798 1229 
1650 2079 1270 2401 2475 0 1991 2628 1181 1746 2404 2254 1530 1848 1273 2316 2038 1403 2112 2217 1559 617 1799 2021 1237 
617 1569 990 688 834 2322 0 677 886 315 809 410 587 212 940 757 122 1343 728 791 609 2019 446 1506 827 
1054 1975 1427 956 1171 2927 654 0 1393 845 1129 514 1119 812 1383 1097 583 1814 1078 1166 1028 2648 864 1920 1339 
613 1075 295 1264 1416 1224 958 1499 0 714 1289 1238 427 848 300 1158 947 457 993 1039 578 1014 753 998 262 
556 1286 734 773 924 1866 337 884 588 0 894 561 289 265 720 842 411 991 813 894 660 1657 500 1259 529 
816 1733 1189 403 387 2574 768 1135 1158 905 0 1055 1023 752 1149 158 738 1571 349 246 832 2291 727 1670 1104 
880 1783 1239 953 1098 2620 499 490 1179 572 1079 0 844 601 1195 1021 428 1617 1022 1102 872 2337 709 1720 1120 
449 1179 445 988 1126 1513 614 1145 299 291 1102 838 0 485 450 961 688 677 817 846 553 1309 493 1080 240 
492 1404 850 617 763 2174 203 847 771 274 738 580 472 0 800 686 258 1200 657 738 587 1868 404 1341 712 
552 887 107 1199 1351 1439 888 1427 269 695 1227 1166 488 787 0 1069 885 577 895 950 526 1243 692 790 323 
658 1599 1045 454 483 2393 716 1089 992 852 158 1008 975 700 988 0 686 1410 268 88 674 2093 667 1536 933 
520 1493 879 591 737 2280 126 677 851 395 712 423 665 267 839 660 0 1258 631 694 512 1989 349 1430 792 
855 1314 538 1577 1729 1333 1244 1797 426 934 1536 1481 645 1097 543 1462 1271 0 1308 1379 820 1152 1047 1275 474 
543 1493 906 614 673 2280 746 1089 874 882 348 1025 837 730 862 262 693 1286 0 174 572 1989 597 1430 815 
570 1521 931 542 516 2293 792 1135 911 928 246 1078 864 776 889 88 739 1312 181 0 586 1993 640 1458 842 
280 1179 563 916 1061 1675 619 1110 548 659 795 861 541 588 513 637 616 842 560 549 0 1471 423 1039 552 
1553 1975 1173 2306 2380 620 1895 2513 1084 1649 2279 2164 1433 1742 1176 2191 1939 1164 1992 2061 1462 0 1702 1920 1140 
377 1286 736 653 799 2025 356 865 708 500 733 598 488 399 696 659 353 1116 552 614 424 1793 0 1259 649 
990 227 742 1699 1852 2280 1366 1941 847 1128 1670 1615 985 1221 757 1596 1399 1223 1474 1545 1013 1989 1177 0 905 
479 1075 286 1183 1335 1347 815 1373 140 527 1136 1107 240 721 291 961 812 477 822 851 568 1152 619 998 0 
0 1249 497 1126 1247 1977 798 1399 444 684 1196 1064 465 804 395 1017 818 920 839 861 541 1644 568 1097 383 
1385 0 964 2101 2250 2460 1737 2284 1158 1728 2240 1993 1475 1772 1019 2011 1752 1435 1826 1877 1279 2254 1530 222 1223 
653 1051 0 1423 1544 1755 1090 1653 267 919 1514 1340 628 1035 132 1314 1105 684 1143 1177 672 1449 857 935 371 
1408 2463 1831 0 418 3214 1070 1076 1933 1406 467 1385 1605 1174 1787 601 909 2186 741 755 1365 2954 1066 2309 1861 
1435 2291 1681 465 0 3007 1369 1420 1697 1670 385 1699 1899 1438 1608 539 1240 2002 772 575 1412 2784 1364 2157 1787 
1757 2268 1379 2400 2549 0 2087 2644 1293 2046 2579 2355 1610 2187 1401 2388 2098 1385 2225 2253 1661 720 1937 2106 1365 
929 1663 1072 816 961 2397 0 722 1090 397 961 463 691 257 1042 995 162 1421 1025 1076 793 2191 572 1569 983 
1343 2371 1765 1099 1283 3141 817 0 1789 1113 1331 586 1399 1000 1722 1347 679 2121 1480 1495 1300 2884 1034 2251 1768 
718 1249 318 1492 1613 1586 1165 1728 0 869 1588 1415 611 1113 346 1388 1180 574 1230 1251 687 1238 944 1097 357 
766 1433 826 1016 1113 2179 349 1010 724 0 1162 584 350 311 799 1240 468 1182 1235 1256 853 1951 577 1326 636 
1236 2282 1658 567 435 3007 1250 1350 1682 1471 0 1500 1670 1239 1615 229 1188 2025 462 383 1280 2784 1117 2140 1668 
1180 1962 1332 1140 1261 2683 566 634 1385 647 1307 0 947 642 1296 1323 552 1699 1348 1369 1151 2477 886 1859 1310 
571 1423 577 1280 1401 2098 790 1485 430 457 1413 1089 0 711 605 1213 923 951 1055 1076 748 1773 738 1298 342 
849 1613 1027 756 909 2389 210 924 1049 353 914 612 641 0 1002 916 313 1372 1025 1045 788 2134 560 1519 933 
685 1071 150 1461 1582 1810 1132 1695 356 958 1550 1382 679 1067 0 1350 1147 770 1175 1213 685 1499 889 947 460 
1082 2164 1504 635 619 2907 1135 1390 1528 1406 247 1385 1553 1174 1450 0 1099 1859 327 154 926 2661 962 2042 1514 
785 1770 1159 680 831 2478 138 741 1194 491 833 482 785 316 1117 838 0 1520 884 929 657 2272 436 1676 1101 
1010 1515 616 1730 1854 1913 1403 1949 526 1285 1871 1653 887 1400 644 1649 1418 0 1503 1512 992 1581 1196 1418 627 
1022 2160 1444 799 844 2907 1054 1480 1468 1300 472 1304 1493 1068 1401 356 1010 1814 0 252 899 2661 864 1978 1454 
935 1989 1357 771 643 2733 1135 1524 1381 1406 383 1385 1406 1174 1314 136 1091 1724 257 0 790 2503 962 1913 1367 
359 1317 707 1162 1283 2098 837 1402 682 911 1052 1088 824 887 646 831 857 1069 759 701 0 1799 480 1215 742 
1697 2229 1319 2361 2510 935 2048 2605 1233 1939 2508 2316 1550 2128 1341 2319 2059 1303 2156 2184 1601 0 1872 2056 1305 
534 1542 964 853 1001 2308 529 1080 972 661 989 779 678 574 928 960 549 1305 863 929 506 2075 0 1447 920 
1238 247 891 1893 2047 2389 1590 2146 1098 1594 2083 1847 1381 1633 948 1854 1605 1375 1690 1711 1234 2191 1383 0 1163 
542 1249 301 1309 1430 1720 987 1541 154 740 1382 1228 333 980 329 1182 1002 612 1025 1045 665 1414 746 1097 0 
0 1307 466 986 1180 1764 655 1246 389 568 1150 944 467 689 345 954 674 760 827 804 515 1521 444 1107 343 
1435 0 1157 2016 2231 2549 1712 2339 1264 1689 2220 2013 1495 1737 1218 2072 1761 1611 1910 1948 1368 2273 1543 289 1373 
653 1063 0 1221 1447 1594 929 1506 238 784 1396 1226 603 911 117 1229 992 556 1065 1117 569 1351 713 906 340 
1031 2077 1432 0 498 2691 916 1288 1421 1127 591 1226 1294 890 1354 710 943 1778 844 845 1049 2415 836 1928 1344 
1072 2118 1477 439 0 2732 976 1472 1466 1178 428 1274 1343 945 1399 578 1022 1834 862 682 1115 2462 899 1969 1385 
1747 2309 1405 2294 2509 0 1998 2583 1285 2007 2498 2257 1645 2092 1447 2338 2020 1403 2173 2214 1630 880 1858 2160 1394 
680 1812 1098 793 972 2344 0 825 1077 481 1016 492 860 300 1020 1005 143 1434 945 949 728 2076 506 1606 999 
1257 2309 1662 1256 1545 2954 895 0 1651 1135 1494 652 1492 1068 1584 1485 757 2036 1512 1570 1295 2661 1112 2160 1570 
750 1311 336 1320 1546 1440 1004 1585 0 872 1495 1305 610 988 340 1300 1053 481 1158 1188 616 1179 796 1121 339 
733 1626 933 986 1185 2142 425 1156 831 0 1150 655 402 380 876 1141 541 1234 1146 1191 864 1872 712 1426 754 
1048 2083 1453 552 450 2710 985 1483 1442 1182 0 1305 1347 945 1375 207 1034 1799 513 343 1049 2436 922 1934 1361 
929 1982 1316 1034 1260 2576 571 603 1305 676 1212 0 1035 650 1238 1203 433 1662 1158 1191 963 2300 743 1847 1242 
631 1459 603 1199 1425 1793 788 1480 429 439 1374 1116 0 683 607 1229 898 840 1065 1117 742 1550 669 1259 352 
715 1757 1038 761 941 2271 310 1106 1001 401 1005 653 658 0 983 954 389 1359 945 1026 763 2005 541 1557 997 
659 1087 165 1250 1476 1658 934 1531 340 821 1425 1251 687 935 0 1229 992 658 1065 1117 586 1415 719 951 442 
827 1919 1240 654 613 2522 979 1467 1229 1178 242 1279 1264 945 1159 0 1023 1586 359 136 914 2246 827 1759 1145 
566 1704 987 679 879 2265 169 864 961 556 884 531 908 361 911 860 0 1272 861 838 614 1921 392 1504 913 
984 1549 596 1545 1771 1609 1237 1824 464 1159 1720 1536 829 1259 600 1544 1286 0 1422 1432 863 1366 1068 1349 561 
679 1812 1108 805 852 2344 929 1438 1077 1143 481 1226 1106 911 1018 353 961 1434 0 225 811 2076 713 1606 999 
691 1866 1112 801 639 2383 949 1529 1096 1191 389 1251 1132 950 1033 147 992 1462 279 0 775 2097 725 1639 1005 
352 1377 630 916 1124 1847 610 1202 578 869 1087 881 800 644 538 798 629 870 752 651 0 1590 399 1177 684 
1677 2230 1335 2236 2451 939 1944 2529 1215 1922 2440 2203 1575 2009 1377 2252 1966 1361 2112 2135 1560 0 1763 2081 1324 
455 1566 867 691 891 2052 391 997 844 650 896 662 751 425 800 835 410 1168 746 734 474 1814 0 1366 798 
1302 257 1003 1888 2093 2417 1579 2185 1110 1556 2067 1868 1362 1604 1064 1924 1628 1457 1758 1784 1235 2113 1410 0 1219 
629 1311 354 1199 1425 1601 900 1480 180 794 1374 1200 361 929 358 1166 937 551 1038 1054 624 1358 689 1121 0 
0 1223 434 896 1084 1739 582 1243 418 658 1092 865 415 676 322 888 638 792 767 768 447 1482 454 1043 408 
1302 0 1025 1919 2101 2349 1599 2198 1149 1567 2126 1861 1332 1704 1066 1971 1613 1461 1769 1837 1255 2071 1423 362 1257 
629 1032 0 1194 1365 1503 845 1493 267 872 1352 1128 604 1002 136 1215 910 615 1030 1092 511 1274 717 888 360 
1176 2187 1567 0 487 2786 1110 1321 1574 1313 562 1370 1484 1169 1511 639 982 1878 823 760 1223 2514 1018 2067 1490 
1292 2235 1597 478 0 2786 1434 1643 1573 1640 467 1694 1681 1496 1510 570 1324 1878 836 596 1284 2514 1342 2108 1606 
1708 2258 1406 2313 2501 0 2006 2574 1309 1964 2545 2242 1639 2049 1437 2307 2012 1370 2194 2173 1601 851 1833 2145 1417 
686 1689 1097 788 1004 2326 0 869 1090 496 973 515 872 336 1011 1024 194 1419 936 954 692 2015 519 1559 1033 
1196 2228 1587 1145 1365 2786 881 0 1594 1150 1352 706 1530 1124 1531 1447 751 1893 1436 1541 1243 2514 1043 2086 1510 
675 1223 339 1209 1380 1360 881 1529 0 900 1367 1164 557 1002 354 1215 951 509 1080 1097 515 1101 753 1084 313 
710 1532 922 946 1137 2140 454 1233 925 0 1122 651 484 416 851 1159 576 1243 1128 1226 835 1869 641 1402 874 
1070 2090 1461 602 496 2649 1190 1686 1473 1460 0 1450 1459 1316 1419 258 1189 1775 524 379 1069 2379 986 1948 1384 
880 1866 1280 994 1184 2489 571 655 1291 689 1175 0 1067 679 1237 1247 441 1594 1132 1226 886 2219 713 1767 1202 
605 1337 674 1194 1365 1791 844 1493 485 466 1352 1114 0 682 649 1235 900 944 1030 1092 633 1534 595 1209 397 
632 1650 1059 683 894 2235 329 1058 1058 416 907 651 677 0 971 866 394 1366 892 893 638 1972 465 1520 1018 
621 1032 133 1194 1365 1571 837 1493 315 864 1352 1128 621 983 0 1186 893 663 1021 1048 484 1314 709 880 408 
817 1866 1224 623 589 2395 1008 1569 1229 1292 265 1270 1217 1148 1173 0 1009 1523 355 121 788 2123 791 1711 1146 
579 1603 993 681 892 2235 192 960 1001 606 900 551 919 419 919 864 0 1309 839 840 585 1908 412 1473 985 
1041 1532 659 1575 1746 1571 1291 1909 500 1297 1733 1551 837 1417 674 1599 1305 0 1470 1481 877 1314 1115 1402 589 
680 1689 1097 806 807 2326 860 1486 1082 1178 503 1136 1103 1002 1011 328 897 1419 0 208 682 2015 675 1559 1025 
696 1728 1097 743 599 2326 876 1529 1121 1190 385 1164 1103 1002 1018 120 951 1419 263 0 667 2015 748 1598 1064 
346 1223 567 848 1038 1786 534 1179 558 850 982 817 708 628 486 752 590 895 672 638 0 1529 406 1084 654 
1598 2187 1296 2196 2384 876 1917 2488 1199 1843 2428 2156 1529 1940 1327 2193 1901 1274 2124 2059 1491 0 1712 2067 1307 
438 1458 845 681 892 2085 367 1017 850 683 900 650 618 461 760 800 423 1176 716 734 476 1814 0 1324 846 
1099 337 845 1680 1859 2201 1396 1989 956 1380 1869 1656 1145 1517 873 1737 1410 1292 1566 1619 1037 1887 1220 0 1064 
583 1223 365 1130 1301 1503 799 1445 176 795 1288 1074 333 893 380 1191 855 578 972 1048 553 1274 671 1102 0 
0 1179 418 1023 1175 1624 655 1272 396 673 1180 976 386 711 344 972 702 756 891 850 464 1383 468 1072 319 
1291 0 1008 1923 2085 2386 1609 2130 1148 1478 2059 1842 1290 1586 1044 1892 1625 1447 1755 1761 1204 2108 1424 293 1227 
634 1011 0 1237 1403 1475 915 1503 260 878 1394 1193 567 943 121 1258 941 588 1128 1129 501 1220 714 891 345 
1005 1975 1376 0 456 2647 915 1288 1408 1094 515 1209 1248 886 1314 665 941 1707 855 793 1021 2386 885 1918 1348 
1105 2079 1476 502 0 2710 1044 1440 1508 1169 447 1288 1322 943 1414 598 977 1814 871 648 1100 2440 1002 2003 1448 
1772 2246 1460 2377 2532 0 2058 2647 1351 2012 2518 2340 1711 2101 1481 2343 2081 1434 2186 2208 1641 799 1899 2182 1430 
762 1627 1080 943 1051 2286 0 830 1112 395 1052 527 769 307 1008 1099 163 1373 1049 1104 783 2067 646 1604 1093 
1189 2146 1560 1168 1380 2789 874 0 1592 1148 1371 698 1493 1032 1498 1401 703 1898 1406 1461 1203 2523 1093 2090 1532 
680 1179 330 1302 1468 1296 1000 1568 0 905 1459 1258 533 987 334 1266 996 468 1133 1149 507 1046 760 1107 311 
769 1435 860 1041 1175 2031 473 1185 872 0 1202 719 467 426 816 1232 578 1204 1181 1236 811 1814 685 1416 795 
1008 1975 1379 569 449 2647 1011 1403 1411 1141 0 1258 1289 933 1317 219 957 1710 492 347 984 2386 969 1918 1351 
929 1866 1279 1041 1201 2536 587 601 1332 634 1202 0 1009 741 1238 1232 416 1610 1207 1246 924 2275 789 1831 1272 
573 1286 593 1214 1380 1746 798 1460 405 461 1371 1132 0 714 597 1206 887 836 1081 1077 615 1505 625 1219 328 
668 1512 918 825 930 2080 270 1089 945 348 907 696 623 0 872 930 349 1258 920 989 689 1892 519 1489 920 
611 1011 138 1214 1380 1506 878 1495 311 889 1371 1185 618 933 0 1236 935 639 1111 1111 477 1292 691 908 396 
807 1747 1179 722 602 2438 1044 1440 1222 1169 236 1288 1196 943 1147 0 984 1517 370 128 737 2183 855 1724 1162 
606 1543 976 801 903 2212 171 887 1037 531 881 584 885 370 935 899 0 1293 891 935 627 1949 490 1520 926 
984 1435 636 1578 1744 1527 1272 1824 497 1187 1735 1514 804 1282 640 1546 1288 0 1411 1417 804 1292 1087 1416 581 
626 1588 1008 885 858 2219 861 1468 1051 1137 475 1158 1032 917 953 351 910 1323 0 253 658 1998 674 1565 969 
679 1618 1042 853 621 2286 933 1519 1085 1169 367 1209 1099 943 1008 131 957 1373 266 0 609 2067 727 1595 1016 
324 1245 552 943 1075 1746 566 1201 551 832 980 894 683 622 490 756 613 872 714 625 0 1505 379 1126 643 
1616 2146 1304 2232 2387 966 1880 2462 1195 1805 2373 2155 1555 1926 1325 2216 1903 1267 2037 2081 1485 0 1722 2071 1274 
458 1402 829 809 909 2017 407 1062 846 673 889 735 591 463 785 803 454 1169 699 762 479 1790 0 1399 777 
1146 263 856 1770 1942 2219 1464 1999 1005 1331 1929 1706 1143 1439 881 1745 1480 1293 1610 1616 1063 1998 1279 0 1084 
610 1245 374 1214 1380 1475 877 1495 186 772 1371 1185 318 933 378 1258 935 549 1111 1129 555 1236 690 1126 0 
0 1101 432 916 1115 1593 595 1168 400 549 1086 890 395 636 323 1034 613 758 800 896 464 1349 455 1044 296 
1148 0 897 1741 1908 2279 1433 2018 992 1336 1907 1685 1222 1489 940 1765 1454 1321 1623 1631 1120 2029 1280 230 1103 
601 977 0 1198 1374 1411 873 1500 242 797 1345 1157 562 940 164 1264 891 560 1125 1178 549 1204 733 934 338 
980 2001 1349 0 438 2612 853 1186 1328 1033 525 1122 1293 816 1263 666 849 1666 805 799 1051 2378 826 1854 1286 
1076 2101 1443 465 0 2674 944 1469 1422 1098 437 1204 1368 898 1357 578 935 1760 832 616 1116 2440 922 1999 1382 
1758 2287 1440 2360 2530 0 2058 2680 1355 1956 2524 2337 1648 2125 1459 2339 2080 1459 2209 2231 1688 802 1898 2250 1466 
692 1704 1050 778 970 2279 0 790 1031 336 914 542 746 278 960 1011 185 1369 989 1032 729 2067 540 1570 985 
1199 2218 1590 1155 1374 2821 878 0 1569 1134 1345 724 1535 1094 1504 1396 755 1947 1401 1481 1238 2588 1085 2125 1505 
623 1212 326 1205 1381 1284 886 1500 0 819 1352 1157 545 952 354 1236 907 467 1125 1137 526 1080 746 1085 320 
703 1513 881 953 1137 2087 405 1059 889 0 1092 594 425 323 801 1205 511 1202 1149 1233 819 1843 680 1379 769 
980 2001 1379 468 445 2612 864 1393 1360 1041 0 1157 1304 827 1293 185 860 1698 453 318 1022 2378 837 1854 1286 
897 1919 1274 991 1178 2499 565 597 1253 623 1121 0 1034 677 1188 1205 442 1591 1181 1233 973 2265 745 1780 1203 
626 1412 642 1182 1358 1724 799 1475 468 416 1329 978 0 667 639 1307 907 867 1125 1180 728 1480 715 1292 344 
660 1581 923 693 878 2189 256 990 946 309 823 618 634 0 854 907 345 1249 889 987 697 1914 508 1447 920 
592 966 156 1182 1358 1476 864 1500 306 788 1329 1157 626 905 0 1211 882 624 1112 1130 508 1260 724 909 402 
791 1866 1205 623 600 2447 929 1450 1176 1082 195 1204 1190 881 1119 0 907 1522 350 133 778 2213 805 1685 1101 
569 1581 918 655 840 2189 172 803 925 468 785 555 878 350 836 864 0 1231 838 897 606 1898 417 1447 865 
929 1493 612 1486 1662 1476 1178 1773 480 1084 1633 1430 800 1234 640 1529 1199 0 1399 1401 805 1260 1025 1359 532 
614 1657 1021 798 854 2279 795 1410 1016 1033 533 1068 1015 814 940 354 813 1336 0 233 663 2029 655 1523 911 
658 1690 1063 743 621 2317 839 1465 1046 1082 316 1122 1070 880 977 121 857 1412 249 0 645 2086 699 1556 954 
310 1075 490 832 1038 1635 520 1124 487 779 907 815 625 561 399 711 538 789 599 590 0 1391 380 1019 591 
1612 2174 1294 2209 2379 765 1871 2483 1209 1798 2373 2140 1502 1975 1313 2182 1895 1343 2059 2053 1542 0 1728 2105 1320 
471 1493 862 678 863 2087 366 924 859 651 808 661 626 407 771 887 384 1167 737 831 450 1829 0 1359 767 
1077 239 837 1670 1857 2202 1362 1941 942 1279 1822 1614 1165 1418 876 1694 1383 1272 1552 1560 1061 1996 1209 0 1052 
558 1212 380 1182 1358 1476 830 1445 206 776 1329 1102 364 871 408 1269 848 536 1079 1150 586 1260 690 1187 0 
0 1249 397 1009 1165 1638 655 1302 356 639 1138 918 331 678 320 954 681 732 783 786 517 1401 473 1057 321 
1262 0 986 1881 2056 2321 1578 2202 1096 1527 2017 1845 1316 1606 1067 1907 1603 1425 1715 1757 1254 2058 1420 208 1173 
605 1044 0 1261 1413 1517 907 1525 264 827 1382 1176 526 918 129 1197 949 590 1030 1063 593 1308 725 892 326 
980 2084 1392 0 469 2650 907 1204 1376 1058 542 1176 1270 837 1300 655 867 1781 827 797 1055 2400 844 1869 1342 
1105 2230 1517 486 0 2753 1011 1455 1501 1153 471 1281 1370 963 1425 601 978 1911 874 629 1152 2513 950 2004 1467 
1799 2430 1480 2428 2585 0 2127 2751 1372 2010 2588 2410 1692 2143 1510 2400 2171 1471 2295 2264 1736 749 1921 2217 1449 
679 1747 1098 811 993 2298 0 853 1045 360 952 496 719 274 998 1017 166 1404 947 962 727 2022 553 1555 1010 
1233 2339 1645 1131 1379 2907 907 0 1629 1138 1381 731 1501 1063 1553 1428 748 2039 1501 1543 1304 2653 1114 2113 1595 
666 1249 315 1288 1440 1327 954 1574 0 888 1442 1225 479 998 336 1254 1003 484 1088 1120 599 1062 771 1057 279 
618 1570 881 1009 1165 2122 392 1135 784 0 1178 622 375 337 814 1244 510 1203 1200 1246 782 1856 589 1378 684 
1004 2128 1416 519 615 2675 954 1402 1400 1092 0 1225 1327 886 1324 222 943 1814 502 364 995 2425 893 1923 1366 
851 1956 1278 996 1137 2529 543 635 1264 614 1163 0 995 633 1179 1177 390 1663 1129 1169 899 2279 725 1736 1230 
547 1401 578 1261 1413 1754 792 1516 409 414 1382 1100 0 667 567 1197 917 826 1030 1063 711 1517 603 1229 309 
612 1677 1024 711 903 2218 229 1043 983 340 894 664 632 0 929 914 333 1333 880 883 660 1991 486 1485 933 
605 1087 124 1261 1413 1540 907 1525 298 833 1382 1176 560 918 0 1197 949 624 1030 1063 587 1308 725 898 360 
819 1913 1246 648 607 2517 939 1361 1226 1087 186 1200 1238 873 1163 0 911 1626 357 142 784 2267 816 1704 1192 
547 1639 942 679 869 2213 161 841 911 485 862 511 844 351 861 880 0 1250 815 818 595 1928 421 1447 868 
929 1498 575 1526 1678 1484 1218 1857 445 1162 1680 1486 707 1246 596 1489 1243 0 1388 1374 855 1252 1060 1324 507 
647 1717 1067 747 838 2234 882 1420 1001 1072 426 1149 1000 851 963 356 852 1368 0 215 692 1991 700 1525 978 
677 1747 1092 778 623 2298 921 1463 1045 1153 330 1176 1045 963 992 144 949 1404 252 0 673 2022 730 1555 1008 
354 1311 571 917 1061 1810 578 1224 567 787 1030 832 685 601 504 775 604 887 690 631 0 1566 396 1119 653 
1637 2274 1318 2239 2396 747 1942 2573 1210 1894 2412 2225 1530 1994 1348 2212 1986 1323 2157 2076 1574 0 1788 2080 1287 
472 1545 853 765 951 2093 431 1043 828 640 932 685 649 454 786 954 457 1175 774 777 493 1831 0 1353 793 
1109 259 850 1733 1902 2218 1425 2039 982 1405 1904 1693 1194 1453 892 1738 1450 1304 1562 1604 1114 1991 1267 0 1059 
561 1290 324 1212 1364 1484 863 1490 155 662 1340 1141 252 886 345 1169 889 567 1001 1035 616 1235 681 1098 0 
0 1179 467 953 1138 1683 641 1337 402 623 1169 892 413 729 352 909 648 813 743 784 519 1454 474 1058 342 
1299 0 1015 1888 2092 2334 1613 2170 1137 1512 2072 1890 1320 1609 1062 1947 1636 1502 1754 1787 1283 2086 1421 263 1215 
637 977 0 1244 1426 1406 915 1535 264 811 1478 1184 576 943 115 1236 946 598 1027 1107 578 1192 744 941 334 
1231 2212 1606 0 482 2822 1132 1227 1579 1284 506 1388 1500 1104 1541 635 967 1939 864 752 1265 2583 1093 2169 1532 
1312 2285 1687 476 0 2905 1459 1566 1660 1610 487 1730 1693 1430 1629 623 1272 2037 857 633 1329 2650 1369 2238 1613 
1829 2289 1473 2406 2606 0 2159 2736 1369 2048 2567 2449 1663 2144 1502 2463 2153 1476 2234 2317 1750 747 1934 2263 1447 
717 1683 1115 837 1002 2334 0 843 1106 362 1031 446 737 380 1033 1003 139 1484 985 1038 745 2086 579 1607 1059 
1259 2250 1634 1142 1388 2822 891 0 1607 1130 1440 673 1529 1090 1569 1418 786 1970 1455 1537 1293 2583 1134 2180 1560 
701 1179 342 1280 1462 1263 986 1583 0 875 1514 1232 560 1012 343 1274 1017 517 1096 1145 594 1033 802 1093 318 
702 1484 890 946 1087 2009 403 1125 894 0 1172 592 427 349 829 1108 517 1253 1118 1184 876 1814 618 1408 773 
998 1975 1373 616 439 2589 1180 1460 1346 1321 0 1436 1379 1141 1315 214 1116 1749 474 331 991 2356 958 1959 1299 
895 1866 1272 1000 1170 2477 555 594 1245 610 1241 0 989 637 1214 1201 450 1648 1148 1184 926 2244 757 1778 1198 
632 1348 651 1191 1373 1711 787 1493 467 438 1425 996 0 687 651 1236 915 914 1027 1107 759 1482 654 1260 346 
668 1615 1049 741 917 2264 273 1076 1024 340 886 636 634 0 977 900 346 1399 906 968 696 1994 530 1539 995 
640 988 132 1244 1426 1472 925 1535 324 814 1478 1184 604 943 0 1236 948 658 1028 1107 558 1248 747 941 394 
774 1741 1159 637 604 2364 1035 1488 1126 1199 255 1291 1159 1012 1093 0 981 1527 341 117 758 2157 827 1665 1079 
608 1607 1015 728 903 2165 147 846 993 481 873 474 856 424 929 887 0 1354 841 882 636 1928 470 1531 964 
984 1456 638 1550 1732 1472 1265 1839 511 1170 1784 1521 823 1271 639 1570 1288 0 1408 1441 874 1248 1073 1379 569 
646 1613 1049 726 800 2264 892 1498 1024 1093 451 1160 1027 912 969 317 852 1399 0 197 690 1994 709 1537 990 
657 1638 1049 737 648 2264 915 1519 1033 1148 375 1168 1063 943 986 120 915 1408 224 0 641 1994 736 1562 1003 
361 1244 593 916 1070 1711 583 1276 587 823 1031 834 707 671 499 752 590 914 679 632 0 1482 416 1160 684 
1708 2190 1369 2299 2499 839 2043 2621 1265 1939 2460 2333 1559 2045 1398 2338 2037 1372 2142 2214 1646 0 1833 2149 1343 
415 1393 797 717 890 1963 387 1076 817 627 862 638 626 475 736 797 394 1155 667 730 484 1732 0 1321 757 
1124 259 822 1723 1931 2165 1438 2018 975 1341 1886 1694 1149 1438 838 1741 1461 1323 1579 1612 1102 1887 1246 0 1053 
567 1179 343 1191 1373 1406 841 1457 159 752 1422 1106 318 912 344 1167 848 579 953 1038 608 1192 674 1093 0 
0 1221 474 979 1124 1718 706 1264 419 547 1138 1039 400 709 367 993 711 841 811 830 491 1505 493 1101 327 
1269 0 964 1955 2126 2277 1665 2280 1093 1445 2101 1928 1273 1539 998 1931 1687 1413 1754 1784 1284 2085 1440 247 1156 
628 1007 0 1272 1450 1508 994 1585 240 799 1447 1339 616 935 160 1340 1030 590 1143 1191 611 1300 791 906 331 
1339 2445 1727 0 428 2952 1148 1185 1751 1322 511 1564 1554 1105 1694 619 1002 2083 828 751 1331 2778 1137 2280 1722 
1304 2365 1633 492 0 2777 1471 1461 1609 1603 433 1818 1716 1386 1552 594 1348 1944 861 609 1283 2612 1386 2176 1686 
1777 2351 1377 2461 2632 0 2218 2834 1307 1923 2592 2467 1621 2087 1393 2434 2177 1447 2222 2303 1716 729 1974 2175 1370 
722 1653 1089 825 963 2320 0 773 1115 362 996 508 748 312 1044 1039 148 1439 1023 1040 735 2141 616 1578 1092 
1260 2365 1648 1157 1381 2843 871 0 1672 1105 1384 690 1477 1051 1615 1431 759 1997 1459 1530 1252 2679 1082 2186 1643 
666 1221 334 1314 1492 1331 1028 1622 0 837 1489 1374 605 965 361 1340 1053 500 1188 1193 600 1128 829 1101 320 
694 1443 869 946 1086 2079 399 1095 880 0 1113 621 456 345 816 1141 498 1213 1150 1221 848 1845 682 1368 812 
1116 2227 1504 629 497 2725 1290 1381 1528 1472 0 1671 1528 1255 1471 257 1247 1859 524 389 1057 2550 1038 2072 1499 
929 2010 1317 993 1173 2567 570 645 1341 639 1181 0 1020 680 1284 1251 461 1665 1234 1276 945 2398 818 1863 1312 
598 1335 713 1188 1366 1882 797 1489 530 421 1369 1043 0 699 693 1312 899 967 1129 1140 725 1651 654 1243 356 
717 1568 1012 764 918 2240 236 980 1008 354 959 681 673 0 960 987 331 1341 946 1040 730 2050 611 1493 1000 
617 1007 167 1272 1450 1603 974 1554 341 803 1441 1339 656 945 0 1315 1010 691 1141 1143 597 1390 780 931 432 
829 1941 1221 630 622 2457 1081 1381 1245 1286 186 1462 1244 1069 1188 0 1101 1569 347 132 786 2288 890 1743 1215 
611 1615 1012 714 861 2240 179 784 1028 516 900 552 915 412 976 907 0 1356 875 927 624 2085 505 1540 940 
957 1443 621 1675 1854 1571 1388 2029 492 1169 1762 1670 868 1260 648 1581 1410 0 1477 1482 888 1358 1147 1368 550 
685 1699 1089 766 856 2320 994 1518 1115 1204 483 1372 1082 989 1052 385 1018 1439 0 246 723 2141 790 1624 1047 
697 1699 1089 776 638 2340 994 1518 1133 1207 334 1372 1087 1000 1087 148 1030 1468 262 0 654 2198 802 1624 1047 
367 1294 646 924 1070 1882 651 1209 616 829 1027 995 767 673 552 795 656 967 717 663 0 1651 438 1170 694 
1670 2286 1270 2389 2560 835 2109 2755 1200 1838 2487 2327 1514 1978 1286 2324 2105 1344 2127 2208 1609 0 1865 2072 1263 
450 1443 860 705 852 2079 422 980 869 600 891 705 628 444 807 870 427 1213 720 784 499 1836 0 1357 777 
1147 267 852 1846 2022 2201 1543 2151 1004 1337 1963 1818 1165 1431 906 1795 1565 1323 1632 1662 1130 2016 1318 0 1067 
575 1221 388 1212 1390 1552 944 1525 205 788 1393 1312 371 945 415 1312 978 606 1109 1140 666 1339 738 1170 0 
0 1282 438 1224 1389 1847 916 1533 451 676 1247 1177 402 792 331 1175 943 859 898 1034 623 1657 619 1249 371 
1421 0 867 2221 2384 2207 1688 2311 1003 1396 2213 1895 1267 1537 940 2122 1788 1402 1873 1949 1410 2070 1501 215 1050 
829 988 0 1554 1719 1531 1160 1879 267 900 1555 1407 673 1009 173 1483 1227 591 1238 1337 758 1351 964 945 336 
1056 2321 1547 0 399 2747 995 1161 1495 1054 538 1403 1272 905 1509 678 879 1984 840 807 1117 2609 863 2262 1418 
1088 2373 1579 414 0 2772 1055 1339 1527 1075 436 1411 1297 927 1541 618 930 2020 846 605 1147 2632 897 2302 1450 
2110 2620 1572 3046 3206 0 2511 3191 1480 2146 2922 2758 1799 2364 1601 2854 2629 1606 2640 2748 2274 678 2282 2520 1527 
782 1947 1186 806 1013 2227 0 883 1208 322 988 574 687 282 1203 1064 156 1576 1018 1136 853 2105 620 1905 1061 
1401 2685 1923 1168 1370 3056 891 0 1896 1161 1391 715 1491 1050 1860 1448 751 2357 1495 1560 1424 2894 1234 2585 1763 
966 1253 371 1743 1906 1351 1257 1926 0 894 1737 1464 685 1141 431 1665 1357 561 1420 1519 886 1145 1124 1200 376 
791 1584 1015 1097 1262 1985 380 1045 942 0 1278 625 383 321 989 1335 485 1218 1294 1393 938 1797 676 1599 769 
1056 2321 1547 478 505 2747 995 1286 1495 1042 0 1389 1261 899 1509 226 866 1984 455 355 1056 2609 850 2262 1418 
1056 2321 1544 1071 1236 2576 585 608 1495 642 1256 0 1016 717 1509 1313 445 1941 1294 1393 1117 2443 880 2262 1376 
709 1367 747 1353 1518 1847 791 1438 594 425 1456 990 0 678 722 1384 896 973 1124 1223 819 1657 788 1380 420 
847 1892 1116 868 1071 2227 278 1088 1155 311 1061 690 629 0 1152 1122 364 1576 1124 1223 938 2105 669 1842 1017 
783 988 159 1527 1692 1623 1153 1879 352 898 1513 1407 699 1002 0 1441 1200 684 1207 1306 756 1443 937 945 425 
817 2146 1291 625 686 2523 1055 1339 1238 1079 231 1411 1216 933 1245 0 930 1726 333 129 836 2390 882 2010 1165 
699 1947 1137 723 909 2353 181 791 1115 464 907 615 829 405 1029 991 0 1603 959 1068 770 2220 537 1905 1054 
1231 1437 637 1988 2151 1531 1578 2220 546 1201 2013 1785 954 1455 697 1922 1642 0 1693 1790 1176 1351 1380 1452 598 
665 1892 1109 796 909 2306 1009 1388 1065 1079 461 1394 1059 933 1003 390 857 1553 0 273 750 2178 790 1842 1018 
688 1947 1130 786 701 2321 1079 1435 1091 1166 414 1472 1085 1023 1024 221 955 1579 258 0 707 2188 867 1905 1018 
372 1253 633 1205 1370 1982 895 1502 728 892 1152 1190 774 862 576 1006 933 1095 772 802 0 1784 501 1225 743 
2039 2505 1487 2993 3097 758 2415 3121 1395 2075 2863 2657 1714 2292 1516 2789 2533 1521 2569 2715 2145 0 2211 2405 1442 
439 1482 877 747 941 2148 481 1104 890 630 929 824 651 509 770 943 496 1369 764 878 492 2004 0 1497 810 
1382 238 813 2155 2261 2184 1649 2280 955 1357 2164 1864 1228 1498 892 2020 1749 1342 1846 1902 1295 2042 1462 0 1000 
789 1253 382 1527 1692 1493 1118 1795 229 779 1520 1347 474 1019 442 1448 1200 581 1207 1306 895 1313 937 1225 0 
0 1351 491 1287 1455 1579 792 1479 385 573 1278 1090 377 641 372 1180 883 914 1060 1092 651 1408 651 1239 345 
1295 0 941 2070 2216 2265 1626 2195 1036 1351 2097 1858 1201 1467 957 1986 1665 1485 1854 1898 1384 2073 1471 215 1091 
774 1075 0 1515 1683 1419 1107 1747 227 789 1536 1316 482 918 142 1407 1159 749 1292 1319 766 1248 935 1031 281 
986 2043 1362 0 402 2566 921 993 1335 920 476 1238 1126 795 1295 617 802 1832 793 755 1031 2381 775 1906 1256 
1115 2144 1491 382 0 2710 998 1254 1464 984 374 1307 1173 861 1424 515 868 1951 765 561 1109 2520 841 2144 1385 
2235 2623 1785 2904 3050 0 2532 3068 1669 2190 2943 2765 1903 2413 1790 2794 2604 1643 2689 2723 2158 651 2402 2628 1724 
735 1775 1156 889 1148 2233 0 737 1117 318 1117 439 627 230 1108 1079 130 1526 1009 1072 773 2042 552 1668 993 
1372 2396 1748 971 1253 2916 801 0 1721 1096 1192 575 1325 980 1681 1153 697 2132 1341 1268 1323 2755 1119 2401 1640 
929 1266 362 1652 1824 1195 1161 1782 0 800 1693 1351 493 1045 401 1535 1261 593 1492 1462 873 1003 1116 1152 292 
711 1632 989 1075 1243 1856 339 989 810 0 1199 574 338 277 952 1166 444 1253 1135 1198 862 1684 554 1525 697 
1001 2079 1377 407 389 2571 949 1195 1350 944 0 1263 1139 818 1310 185 825 1840 436 323 1031 2386 798 2003 1271 
1001 2001 1377 1121 1374 2521 512 529 1307 567 1326 0 876 596 1310 1268 408 1739 1218 1281 1046 2336 815 1906 1202 
662 1514 652 1258 1426 1648 636 1310 472 311 1382 871 0 503 680 1321 741 962 1271 1319 836 1477 605 1407 362 
703 1696 1039 946 1148 2146 219 936 1022 279 1117 599 527 0 986 1079 298 1405 1009 1072 797 1933 487 1589 889 
790 1075 153 1515 1683 1419 1130 1761 307 863 1557 1330 561 947 0 1428 1159 823 1313 1340 782 1248 971 1048 362 
814 1866 1219 549 532 2409 963 1254 1168 954 186 1286 1150 833 1152 0 840 1655 312 138 834 2224 767 1727 1089 
623 1731 1053 777 1067 2236 138 716 1013 397 997 467 706 286 998 978 0 1501 897 989 661 2057 440 1624 968 
1184 1568 643 1900 2049 1326 1413 2022 486 1056 1945 1603 741 1286 682 1786 1508 0 1716 1701 1153 1146 1365 1461 534 
619 1731 1053 664 709 2236 873 1254 1013 946 371 1199 985 820 988 296 757 1501 0 257 681 2057 663 1624 968 
676 1775 1098 720 516 2295 973 1297 1071 1039 427 1296 1035 917 1043 302 853 1559 243 0 696 2138 759 1668 1030 
368 1332 678 1206 1187 1880 798 1369 753 835 968 1092 694 761 642 881 769 1253 755 647 0 1708 487 1192 713 
2027 2470 1552 2695 2851 634 2335 2872 1436 1993 2739 2540 1706 2216 1557 2592 2396 1516 2488 2504 1989 0 2184 2475 1491 
436 1568 929 916 1120 1987 465 1035 821 535 939 746 539 421 808 858 436 1312 774 886 455 1814 0 1461 781 
1221 227 828 1929 2075 2146 1520 2105 919 1245 2004 1734 1095 1361 878 1877 1559 1375 1759 1786 1277 1933 1365 0 991 
746 1237 320 1455 1623 1326 921 1574 140 595 1534 1143 288 787 359 1407 1047 606 1292 1319 817 1146 889 1118 0 
0 1075 361 1098 1224 1470 728 1252 332 491 968 978 287 582 309 871 739 763 690 774 429 1297 467 944 271 
1118 0 841 1787 1917 2094 1460 1892 955 1280 1851 1723 1145 1371 856 1684 1462 1278 1565 1596 1133 1872 1271 208 1009 
570 889 0 1328 1450 1325 948 1427 225 710 1222 1198 441 801 107 1124 996 590 973 1036 563 1159 724 789 276 
996 1888 1340 0 366 2378 781 924 1323 995 429 1158 1129 851 1291 463 673 1668 612 594 987 2208 825 1777 1264 
1114 2043 1468 375 0 2521 1095 1207 1441 1275 369 1386 1404 1134 1421 477 987 1798 656 504 1067 2351 1055 1898 1382 
1765 2189 1423 2347 2493 0 2088 2522 1337 1858 2417 2352 1556 2008 1428 2259 2075 1369 2211 2171 1715 617 1864 2083 1391 
586 1501 929 721 867 1971 0 658 911 315 843 503 587 212 879 803 124 1263 728 838 613 1797 415 1393 833 
980 1877 1321 924 1140 2367 656 0 1307 878 1149 505 1152 783 1272 1120 582 1649 1107 1199 987 2197 809 1761 1248 
641 1075 303 1359 1485 1194 1022 1455 0 723 1286 1287 436 872 308 1150 1025 493 1020 1062 587 987 795 998 271 
566 1311 752 827 983 1747 337 864 606 0 951 561 289 268 725 914 417 1049 834 948 682 1574 528 1239 535 
881 1778 1242 426 410 2290 924 1148 1215 1025 0 1208 1165 882 1197 170 848 1578 349 301 893 2120 734 1670 1156 
784 1690 1131 924 1066 2179 460 490 1122 557 1046 0 829 586 1082 1023 386 1459 926 1024 811 2012 613 1582 1063 
478 1237 463 1053 1180 1481 614 1142 317 291 1156 838 0 485 468 1086 694 754 882 998 594 1308 527 1118 246 
527 1404 849 662 808 1901 203 834 789 274 784 584 472 0 799 744 258 1198 669 779 611 1725 405 1294 718 
565 884 107 1328 1450 1355 947 1427 262 705 1222 1192 478 796 0 1116 995 627 946 1028 558 1211 719 784 313 
748 1674 1113 454 506 2179 836 1098 1086 946 158 1161 1055 801 1070 0 767 1448 268 131 724 2012 653 1566 1033 
493 1431 836 628 774 1889 126 663 825 393 750 514 665 267 786 710 0 1191 635 745 520 1712 322 1322 764 
929 1373 592 1560 1686 1293 1233 1664 464 969 1602 1496 680 1147 597 1445 1235 0 1305 1357 861 1116 1044 1294 509 
584 1499 946 614 696 2005 742 1031 916 848 348 1078 871 707 893 286 673 1290 0 199 610 1824 559 1391 855 
617 1544 980 551 568 2022 816 1130 946 929 255 1136 907 781 929 97 747 1317 185 0 593 1855 633 1436 888 
279 1075 474 993 1117 1579 640 1142 478 699 809 1009 566 625 424 651 649 841 556 554 0 1406 422 998 527 
1671 2137 1329 2265 2411 620 1959 2393 1243 1763 2340 2223 1462 1913 1334 2182 1943 1275 2090 2101 1621 0 1758 2006 1297 
374 1286 735 710 856 1810 373 874 706 504 756 719 517 402 683 694 382 1114 575 685 437 1633 0 1181 645 
1086 227 810 1747 1883 1987 1420 1859 919 1262 1807 1683 1127 1353 825 1644 1422 1245 1525 1556 1103 1814 1231 0 973 
491 1075 289 1263 1389 1299 850 1367 143 527 1125 1107 240 721 294 1063 914 534 868 998 568 1131 645 998 0 
0 1075 354 867 1017 1418 572 1104 324 475 948 827 287 566 309 791 575 718 643 703 387 1248 455 1062 265 
1094 0 838 1694 1841 2022 1404 1876 945 1250 1714 1631 1122 1342 853 1556 1400 1269 1427 1468 1023 1855 1207 212 999 
575 884 0 1168 1314 1256 826 1313 222 698 1197 1076 441 789 107 1086 829 543 897 998 469 1084 709 884 276 
854 1761 1202 0 366 2225 751 924 1188 857 411 1025 995 716 1153 451 673 1500 633 539 850 2046 701 1664 1129 
929 1866 1281 375 0 2290 817 1148 1253 929 369 1076 1063 782 1232 465 785 1579 677 498 918 2120 767 1727 1194 
1555 2066 1250 2176 2322 0 1866 2284 1164 1670 2182 2094 1383 1795 1255 2024 1863 1195 1888 1936 1425 617 1668 1920 1218 
563 1547 906 671 817 1934 0 681 886 315 792 418 587 212 857 740 118 1238 719 779 559 1763 410 1450 827 
1003 1911 1349 916 1126 2369 676 0 1327 845 1086 502 1120 833 1300 1044 600 1647 1020 1097 997 2199 849 1806 1268 
614 1075 293 1168 1314 1105 863 1364 0 713 1243 1127 426 837 298 1107 866 457 946 1019 474 929 746 1027 261 
551 1362 733 759 909 1707 337 883 588 0 880 561 289 265 730 828 411 987 826 920 617 1537 500 1263 529 
800 1707 1157 434 394 2193 779 1098 1126 885 0 1045 1023 744 1137 158 747 1484 370 246 775 2031 729 1610 1067 
782 1707 1137 890 1043 2156 456 502 1119 557 1017 0 829 586 1088 959 380 1435 946 998 778 1984 629 1610 1060 
456 1248 444 974 1126 1418 614 1198 299 291 1086 838 0 485 449 988 688 695 835 895 522 1248 505 1146 240 
487 1438 841 603 749 1872 203 849 771 274 724 584 472 0 796 672 258 1173 670 751 549 1699 400 1341 712 
562 879 107 1168 1314 1293 813 1313 259 693 1184 1076 478 784 0 1036 816 580 884 948 440 1131 696 879 313 
642 1618 997 455 483 2094 722 1039 971 828 166 981 951 687 953 0 690 1325 269 88 617 1864 672 1521 911 
470 1432 813 578 724 1835 126 663 794 393 699 431 656 267 764 647 0 1145 626 686 466 1664 317 1335 735 
859 1322 537 1441 1587 1256 1151 1615 426 934 1471 1378 645 1086 542 1313 1147 0 1184 1225 719 1084 1001 1206 480 
527 1500 881 615 673 1924 700 1052 851 854 356 956 814 713 836 270 693 1229 0 182 557 1752 583 1403 792 
554 1506 912 543 516 1945 727 1098 878 900 254 997 841 759 863 88 730 1261 181 0 529 1774 610 1409 819 
238 1031 438 793 941 1467 498 1018 448 622 783 753 504 535 389 617 501 768 534 529 0 1297 381 1021 503 
1418 1888 1113 2068 2214 620 1728 2166 1027 1533 2046 1976 1246 1658 1118 1888 1724 1105 1751 1792 1288 0 1531 1784 1081 
372 1322 726 639 785 1780 344 862 696 500 755 599 488 381 681 673 347 1073 574 653 433 1610 0 1233 637 
1094 227 832 1694 1841 2022 1404 1876 938 1250 1714 1631 1122 1342 847 1556 1400 1261 1427 1468 1023 1855 1207 0 993 
499 1075 285 1043 1189 1256 750 1264 140 527 1119 1005 240 721 290 977 753 477 821 881 467 1084 633 1021 0 
0 1011 354 867 1017 1418 561 992 324 475 937 794 287 566 309 753 564 694 624 665 362 1347 408 931 265 
1104 0 841 1659 1809 2016 1361 1784 962 1250 1732 1594 1113 1341 856 1581 1364 1261 1435 1476 1033 1961 1206 208 1016 
554 884 0 1168 1314 1256 819 1242 222 699 1184 1052 441 790 107 1036 822 530 882 931 463 1084 666 784 276 
822 1706 1169 0 366 2179 708 924 1156 826 486 941 975 685 1117 451 673 1469 612 539 812 2046 687 1606 1097 
929 1800 1251 375 0 2276 798 1148 1250 920 457 1045 1059 775 1199 470 781 1551 672 503 902 2111 777 1700 1194 
1557 2065 1253 2090 2236 0 1790 2217 1173 1679 2189 2027 1392 1796 1257 2007 1793 1174 1888 1919 1435 617 1635 1920 1227 
564 1462 906 671 817 1924 0 587 886 315 877 397 587 212 855 742 118 1212 706 747 554 1855 429 1362 827 
946 1866 1293 916 1126 2437 662 0 1270 845 1086 502 1119 773 1241 1073 546 1593 1077 1152 939 2267 810 1717 1211 
604 1075 293 1168 1314 1194 849 1285 0 713 1233 1095 426 840 298 1103 852 457 936 998 468 929 696 998 261 
551 1266 733 759 909 1707 350 830 588 0 914 561 289 265 689 830 415 972 848 889 617 1636 500 1152 529 
800 1673 1162 403 387 2179 756 1098 1126 874 0 997 1021 733 1111 158 739 1463 360 246 771 2046 735 1573 1067 
756 1633 1104 863 1011 2110 473 468 1081 557 988 0 829 584 1052 971 357 1404 898 939 746 2046 621 1533 1028 
444 1171 444 974 1126 1418 627 1107 299 291 1096 838 0 485 449 960 692 677 797 838 510 1347 493 1026 240 
487 1338 818 603 749 1835 203 754 771 274 809 564 472 0 769 674 258 1125 692 733 540 1763 404 1239 712 
537 879 107 1168 1314 1293 802 1240 259 694 1172 1045 478 785 0 1025 805 567 865 920 434 1131 649 779 313 
642 1534 1002 454 511 2094 704 1045 971 822 245 941 951 681 953 0 687 1310 269 88 613 1961 657 1434 911 
471 1342 811 578 724 1825 126 600 795 393 784 410 655 267 762 649 0 1114 613 654 461 1751 336 1249 736 
849 1311 537 1396 1542 1256 1098 1521 426 934 1481 1331 645 1086 542 1314 1101 0 1184 1209 713 1084 946 1192 474 
528 1421 882 641 690 1902 696 1031 852 831 507 932 815 690 837 262 669 1191 0 174 552 1829 543 1321 793 
554 1427 912 542 516 1934 722 1098 878 902 333 956 841 760 863 88 725 1219 181 0 525 1864 569 1327 819 
238 1011 435 802 950 1467 496 924 437 622 899 729 504 540 386 654 499 738 531 566 0 1396 343 895 492 
1428 1888 1124 1964 2110 673 1661 2096 1044 1550 2059 1897 1263 1667 1128 1877 1664 1097 1759 1788 1306 0 1506 1778 1098 
372 1266 726 626 772 1744 320 743 696 500 832 553 488 364 681 697 323 1038 589 630 418 1673 0 1152 637 
987 227 730 1555 1701 1872 1257 1680 836 1139 1628 1490 997 1226 745 1477 1260 1145 1331 1372 895 1796 1102 0 890 
474 1075 285 1047 1193 1256 739 1170 140 527 1104 981 240 721 290 960 742 477 802 843 461 1084 586 944 0 
