25
5
10800
0
997
902
1080
1317
1270
1097
1397
1179
1442
1284
1303
1174
1324
1183
936
1172
1339
919
1268
1052
921
1496
912
1194
0 446 969 920 821 750 1116 508 317 519 146 1775 1602 857 484 402 172 317 46 421 890 1026 843 106 416 
453 0 760 1018 892 595 1240 798 165 732 552 1937 1751 996 63 170 296 147 424 628 1037 1170 718 450 733 
1210 867 0 1353 1228 1402 1566 1360 932 1202 1229 2229 2069 1356 836 971 1103 951 1195 1415 1389 1522 562 1281 1365 
849 975 1351 0 291 1338 449 505 887 439 744 1064 925 317 981 1029 784 923 833 1017 350 317 925 872 575 
577 808 1178 514 0 1170 728 214 722 274 453 1388 1223 459 812 856 619 756 623 824 492 625 792 659 294 
751 595 1311 1355 1230 0 1568 1191 674 1115 832 2229 2069 1337 619 452 649 640 745 526 1370 1503 1248 648 1105 
1045 1160 1523 430 490 1511 0 589 1068 638 946 915 648 618 1164 1219 980 1102 1029 1201 651 705 1086 1070 657 
533 808 1178 491 513 1182 628 0 754 323 424 1246 1107 508 812 890 668 778 579 814 541 674 841 595 140 
320 165 793 897 771 676 1116 720 0 654 419 1775 1589 865 218 251 184 35 305 512 898 1032 692 362 655 
420 544 917 547 480 889 768 488 458 0 452 1411 1293 499 548 592 355 492 404 560 532 665 528 443 533 
162 565 933 797 747 810 1011 423 436 516 0 1673 1511 742 571 532 334 436 208 456 775 915 866 237 331 
1634 1746 2127 1009 1079 2105 867 1204 1672 1227 1532 0 1293 1197 1750 1808 1569 1706 1618 1787 1230 1320 1676 1656 1272 
1499 1611 1984 885 944 1962 659 1075 1537 1092 1397 1221 0 1082 1615 1670 1434 1571 1483 1652 1115 1188 1541 1521 1143 
886 1017 1415 336 328 1364 654 542 927 476 781 1281 1125 0 1025 1065 821 959 870 1054 85 262 965 912 622 
492 63 736 1047 926 619 1268 820 218 754 591 1937 1779 1038 0 194 334 185 462 666 1071 1204 708 488 755 
406 173 889 1062 944 449 1292 865 252 818 503 1973 1812 1038 197 0 352 218 400 481 1071 1204 822 303 773 
172 296 841 821 695 681 1037 644 184 578 318 1696 1511 789 334 348 0 167 142 352 822 963 717 192 579 
325 149 817 929 801 642 1142 750 35 684 424 1810 1658 895 187 217 167 0 295 505 945 1063 716 345 685 
46 424 962 933 806 734 1149 554 302 565 192 1810 1658 900 462 396 142 295 0 405 945 1070 828 100 462 
571 843 1351 1321 1196 698 1526 918 731 1059 553 2187 2042 1279 881 701 606 714 570 0 1312 1445 1225 519 823 
904 1037 1415 374 366 1383 692 580 942 514 819 1315 1182 85 1047 1088 838 977 887 1073 0 306 956 933 660 
987 1108 1487 321 426 1460 725 640 1023 574 879 1388 1293 265 1128 1168 930 1057 971 1150 305 0 1064 1019 720 
818 721 562 946 819 1255 1165 900 695 723 850 1828 1668 917 769 822 753 719 802 956 945 1080 0 841 983 
106 450 962 939 809 659 1149 566 351 625 204 1810 1658 905 488 299 189 334 100 330 945 1070 831 0 474 
442 745 1109 557 589 1091 694 136 691 399 335 1315 1182 584 749 799 611 715 488 723 617 750 917 504 0 
0 572 1173 1122 973 990 1323 674 412 798 153 2075 1880 1021 638 510 229 424 73 485 1121 1288 1111 159 547 
618 0 975 1228 1049 814 1449 1059 189 974 709 2193 2049 1174 71 261 374 167 540 739 1274 1426 1002 592 987 
1161 971 0 1611 1441 1722 1838 1396 1000 1339 1116 2568 2424 1531 956 1176 1061 1026 1126 1290 1631 1783 750 1162 1342 
1035 1167 1595 0 324 1669 482 658 1063 509 906 1321 1077 349 1216 1213 943 1108 1000 1167 454 423 1166 1039 746 
714 975 1408 594 0 1450 785 334 857 318 580 1593 1394 522 1021 1017 757 884 749 951 627 787 1002 736 422 
896 927 1735 1713 1543 0 1937 1475 957 1444 976 2689 2538 1633 887 670 807 929 900 592 1733 1908 1692 748 1375 
1200 1349 1773 466 511 1877 0 741 1225 696 1082 1162 873 645 1394 1375 1100 1270 1165 1329 750 744 1277 1201 867 
689 996 1433 657 624 1454 792 0 923 433 555 1593 1394 637 1048 1044 826 958 724 1015 742 917 1111 711 198 
503 192 933 1132 945 898 1351 1010 0 862 582 2112 1910 1058 258 345 259 45 425 624 1158 1325 981 477 897 
584 670 1060 635 531 1149 826 648 559 0 526 1666 1406 563 690 743 459 586 530 652 668 828 720 545 710 
223 735 1173 959 850 1001 1144 521 575 645 0 1924 1716 863 792 600 411 587 258 547 948 1128 1202 249 394 
1870 2026 2412 1219 1244 2550 1116 1492 1951 1417 1909 0 1488 1397 2049 2114 1788 1989 1858 1998 1497 1639 1966 1891 1614 
1710 1861 2235 1046 1066 2377 850 1348 1735 1239 1705 1546 0 1224 1860 1932 1610 1780 1675 1852 1324 1445 1783 1711 1470 
1071 1229 1628 382 366 1723 700 700 1115 551 962 1529 1284 0 1249 1267 970 1160 1036 1221 106 310 1215 1093 788 
681 63 933 1249 1070 847 1470 1083 252 1031 770 2208 2049 1205 0 294 437 230 603 802 1305 1457 1002 655 1017 
596 326 1148 1446 1267 603 1667 1194 355 1168 666 2408 2308 1370 283 0 451 321 600 659 1470 1622 1211 448 1080 
266 437 1060 1089 869 888 1263 912 251 790 391 2032 1818 979 503 416 0 242 188 387 1081 1253 1002 240 785 
466 210 975 1156 973 924 1377 1026 35 892 557 2118 1975 1119 276 320 222 0 388 587 1219 1371 982 440 930 
85 545 1148 1137 973 968 1351 739 385 833 218 2112 1910 1086 611 481 198 397 0 458 1186 1337 1111 130 612 
636 1017 1623 1527 1421 875 1748 1121 850 1223 585 2548 2365 1447 1070 784 712 841 640 0 1547 1699 1590 597 999 
1140 1280 1704 452 436 1771 770 770 1168 621 1028 1593 1394 115 1325 1315 1040 1213 1105 1269 0 380 1250 1141 858 
1230 1373 1797 441 525 1911 859 859 1255 710 1116 1666 1449 354 1418 1405 1130 1300 1195 1359 413 0 1339 1231 974 
1098 1011 688 1187 1014 1729 1408 1160 972 918 1116 2169 1975 1119 1066 1200 998 1017 1063 1227 1219 1371 0 1099 1286 
150 569 1222 1179 1014 868 1400 741 460 865 220 2169 1975 1119 635 352 254 451 154 367 1219 1371 1139 0 614 
600 922 1351 769 684 1361 971 179 841 493 466 1739 1562 697 942 943 741 868 635 934 802 946 1202 622 0 
0 546 1137 1112 944 960 1341 700 392 818 155 2114 1955 1016 609 478 229 378 74 492 1062 1198 1069 150 510 
573 0 876 1207 1012 810 1405 1099 187 975 677 2206 1993 1154 63 281 419 207 549 765 1200 1336 936 622 979 
1124 962 0 1550 1355 1703 1748 1421 1004 1317 1093 2568 2341 1484 935 1190 1045 1022 1102 1244 1530 1666 661 1137 1300 
983 1144 1521 0 378 1593 497 631 1029 524 906 1271 1136 397 1158 1250 935 1061 961 1115 430 431 1115 1006 736 
694 952 1313 561 0 1384 773 261 847 318 533 1490 1422 495 948 957 726 865 742 932 528 690 999 701 366 
1011 797 1605 1664 1485 0 1907 1499 862 1404 997 2641 2456 1588 779 568 823 844 966 664 1634 1770 1622 852 1362 
1124 1270 1658 485 523 1722 0 737 1160 669 1030 1207 895 675 1295 1391 1045 1194 1102 1244 708 783 1235 1137 858 
689 1024 1400 677 651 1417 804 0 936 479 520 1559 1422 656 1023 1059 858 971 744 983 689 851 1162 696 195 
419 180 883 1064 871 866 1258 977 0 829 523 2044 1876 1002 243 307 232 35 394 612 1056 1192 888 436 863 
468 650 993 637 550 1049 849 595 539 0 560 1657 1478 571 633 646 418 557 434 608 604 766 672 488 691 
232 682 1079 947 873 987 1176 593 528 681 0 1966 1765 878 704 572 389 514 287 529 912 1081 1083 244 417 
1782 1930 2370 1151 1191 2371 1017 1345 1823 1344 1698 0 1478 1323 1963 2084 1703 1857 1760 1914 1369 1505 1878 1795 1518 
1646 1784 2172 1012 1055 2222 877 1210 1685 1208 1562 1485 0 1184 1811 1925 1567 1719 1624 1766 1230 1366 1739 1659 1383 
970 1138 1521 370 363 1573 694 616 1029 509 888 1485 1301 0 1158 1250 935 1061 937 1095 89 338 1101 999 721 
626 63 840 1221 1026 806 1419 1115 240 992 730 2221 2029 1154 0 277 472 260 602 818 1200 1336 958 675 979 
596 292 1119 1376 1181 560 1574 1147 323 1118 620 2416 2143 1302 280 0 498 289 559 593 1348 1484 1192 407 979 
253 408 1054 1044 862 924 1258 912 228 820 371 2028 1854 1002 462 394 0 214 219 454 1056 1192 991 261 726 
420 199 933 1095 926 833 1316 1004 37 865 524 2084 1910 1045 262 273 233 0 395 630 1091 1227 907 437 879 
71 529 1119 1098 926 960 1316 749 373 837 204 2084 1910 1045 592 470 202 359 0 484 1091 1227 1052 142 559 
672 1000 1548 1552 1373 885 1766 1125 849 1257 591 2568 2341 1476 1049 821 706 835 656 0 1522 1658 1510 598 957 
996 1156 1548 406 399 1617 730 652 1049 545 917 1485 1344 95 1185 1286 969 1078 974 1139 0 335 1154 1032 757 
1100 1234 1622 431 491 1698 820 744 1141 637 1003 1657 1478 385 1259 1367 1021 1175 1078 1220 345 0 1242 1113 849 
970 1012 641 1112 926 1575 1341 1096 950 866 1027 2114 1955 1045 985 1187 935 980 946 1097 1091 1227 0 999 1220 
196 565 1147 1122 944 801 1341 764 441 882 220 2114 1955 1073 611 333 264 427 159 347 1119 1255 1083 0 574 
566 952 1313 791 720 1315 897 209 843 548 397 1657 1478 725 948 910 746 863 621 858 758 923 1254 573 0 
0 533 1206 1056 977 925 1238 633 377 782 151 2047 1968 977 603 566 241 366 46 486 1032 1188 1175 151 530 
608 0 893 1361 1198 783 1547 1122 214 1077 731 2397 2271 1276 70 264 433 184 577 827 1331 1487 992 637 1033 
1543 1098 0 1677 1450 1678 1829 1709 1284 1533 1482 2611 2511 1601 1062 1190 1487 1297 1523 1704 1656 1815 679 1573 1687 
1086 1240 1678 0 382 1722 511 642 1142 559 921 1339 1056 408 1216 1411 1059 1171 1095 1276 464 474 1214 1097 769 
703 1051 1474 631 0 1448 839 260 939 368 532 1651 1445 529 1020 1180 852 968 744 1016 585 832 1071 715 387 
998 816 1711 1740 1576 0 1970 1496 893 1494 1044 2739 2619 1655 808 599 825 859 966 653 1710 1892 1659 799 1347 
1220 1402 1840 510 522 1894 0 776 1309 699 1059 1171 797 653 1378 1567 1215 1338 1251 1432 709 877 1299 1231 933 
729 1096 1542 721 646 1448 886 0 994 458 567 1674 1535 619 1074 1198 941 1021 770 1016 675 923 1175 741 226 
419 201 883 1162 1024 848 1362 976 0 957 542 2192 2082 1091 271 320 261 35 393 646 1146 1302 926 470 921 
567 701 1120 667 535 1134 875 572 582 0 577 1651 1492 565 676 809 498 607 541 704 621 868 696 572 699 
208 687 1139 934 841 947 1116 498 531 647 0 1868 1728 814 713 666 424 520 254 532 870 1017 1140 258 421 
1994 2211 2533 1257 1289 2699 1143 1504 2083 1494 1817 0 1609 1428 2258 2362 2057 2117 2040 2275 1483 1602 2075 2027 1629 
1738 1963 2274 1019 1039 2472 858 1262 1862 1244 1577 1505 0 1174 2010 2123 1775 1896 1798 1991 1229 1337 1796 1749 1387 
1066 1230 1668 407 360 1707 749 620 1120 537 892 1572 1422 0 1206 1396 1044 1149 1080 1261 115 365 1214 1077 747 
690 100 857 1329 1189 793 1515 1122 299 1049 788 2334 2232 1244 0 274 515 266 659 938 1299 1455 1003 719 1019 
663 306 1178 1468 1306 577 1654 1228 383 1215 742 2538 2353 1383 298 0 537 349 629 665 1438 1594 1223 482 1109 
239 390 1120 1133 976 886 1321 852 249 897 370 2152 2048 1061 460 383 0 228 199 449 1116 1254 1029 260 749 
424 187 921 1212 1024 814 1389 1018 35 984 547 2207 2108 1127 257 286 251 0 395 645 1182 1338 972 460 928 
56 510 1187 1133 1041 900 1292 681 354 830 199 2119 2007 1015 580 561 217 343 0 463 1078 1226 1127 158 578 
644 1024 1598 1506 1418 857 1692 1083 844 1215 571 2538 2394 1421 1073 775 688 833 610 0 1476 1632 1518 581 951 
1121 1278 1716 469 422 1760 811 682 1189 599 966 1651 1445 105 1254 1449 1097 1218 1133 1314 0 427 1244 1132 809 
1203 1364 1822 413 507 1860 830 767 1271 684 1042 1670 1504 417 1340 1529 1177 1300 1213 1394 381 0 1322 1214 894 
1144 1098 648 1212 1066 1678 1395 1134 1061 1018 1165 2236 2128 1127 1062 1190 1088 1079 1124 1305 1182 1338 0 1174 1255 
183 634 1206 1162 1066 837 1359 744 478 893 262 2192 2082 1091 704 415 279 467 149 400 1146 1302 1178 0 641 
544 935 1349 828 753 1264 962 212 836 565 387 1698 1550 726 911 1004 760 859 585 830 782 981 1277 556 0 
0 452 1065 946 859 790 1164 508 327 559 146 1779 1701 917 490 402 172 323 46 429 945 1096 951 106 416 
454 0 789 1101 980 595 1333 858 169 832 554 1981 1876 1095 63 170 296 147 424 627 1130 1263 790 456 793 
1240 871 0 1470 1354 1396 1702 1448 940 1265 1246 2358 2231 1433 863 972 1120 959 1225 1410 1468 1601 562 1288 1408 
917 1138 1482 0 320 1545 514 507 1106 484 789 1176 1094 338 1186 1239 1007 1130 963 1202 371 317 1011 998 575 
593 868 1318 549 0 1296 820 247 803 308 469 1433 1355 512 911 976 723 827 639 894 545 706 934 675 327 
762 616 1404 1419 1303 0 1651 1230 695 1183 861 2313 2231 1375 619 452 679 661 756 525 1410 1543 1347 659 1156 
1126 1339 1695 485 538 1709 0 619 1270 702 1007 990 805 683 1349 1403 1171 1304 1172 1366 716 740 1191 1188 687 
533 841 1290 510 566 1212 705 0 776 360 424 1388 1246 590 878 890 696 800 579 814 623 784 1003 595 140 
334 179 843 973 844 676 1196 770 0 744 433 1810 1727 965 221 251 184 35 312 532 1001 1134 739 362 703 
596 671 1080 556 494 1170 839 523 634 0 549 1438 1355 531 708 761 531 658 580 776 564 725 638 629 533 
162 571 1038 827 776 854 1095 423 446 534 0 1687 1609 790 609 532 334 442 208 456 823 987 926 237 331 
1767 1875 2254 1092 1160 2238 977 1271 1800 1324 1643 0 1408 1278 1881 1948 1701 1835 1752 1902 1313 1394 1805 1784 1353 
1572 1673 2078 887 1005 2070 707 1075 1604 1134 1488 1283 0 1102 1683 1737 1505 1638 1556 1700 1137 1199 1607 1588 1157 
940 1168 1487 341 346 1578 719 593 1133 510 815 1388 1254 0 1212 1270 1040 1160 986 1235 113 266 1038 1031 673 
492 63 765 1077 980 633 1311 834 219 808 592 1923 1854 1064 0 208 334 185 462 665 1099 1232 785 494 769 
412 194 933 1107 1021 449 1339 873 262 884 511 1981 1879 1095 197 0 356 228 406 480 1130 1263 942 309 781 
172 296 917 864 737 723 1116 663 184 637 318 1738 1660 857 334 348 0 167 142 362 890 1056 823 192 588 
325 149 867 973 843 642 1196 769 35 743 425 1810 1727 965 187 217 167 0 295 515 1001 1134 763 345 695 
46 424 1050 973 844 778 1196 554 312 605 192 1810 1727 965 462 396 142 295 0 417 1001 1134 934 100 462 
578 864 1475 1371 1268 746 1553 925 768 1098 560 2204 2081 1320 906 713 643 751 577 0 1355 1488 1324 526 830 
996 1225 1519 396 401 1619 774 648 1180 565 870 1408 1355 85 1252 1313 1081 1212 1042 1276 0 321 1072 1076 728 
1050 1288 1593 321 453 1674 764 700 1235 617 924 1433 1355 266 1304 1368 1136 1264 1096 1331 305 0 1160 1131 780 
926 732 614 1026 930 1249 1263 992 695 806 874 1891 1812 1002 769 822 852 719 905 1092 1037 1170 0 965 1011 
106 450 1065 987 859 687 1216 566 359 665 204 1819 1740 965 488 299 189 342 100 326 1001 1134 951 0 474 
442 776 1218 576 632 1125 771 136 711 436 335 1398 1355 666 813 799 614 722 488 723 699 860 1085 504 0 
