51
5
10800
0
542
507
553
521
493
449
493
428
583
451
378
459
522
563
527
411
489
507
548
501
562
588
493
582
541
381
498
592
390
420
396
469
470
460
557
598
550
567
563
557
441
561
579
558
521
565
592
576
568
402
0 215 810 465 1286 1705 573 1174 688 1064 1013 497 1346 1718 666 847 1323 662 964 639 185 1356 631 352 1214 549 325 1031 1617 887 335 401 589 1097 711 628 994 1591 196 277 415 604 431 1193 1860 501 1278 387 219 1711 271 
173 0 735 439 1218 1637 597 1107 613 967 945 477 1344 1650 673 772 1321 744 880 564 267 1288 605 277 1144 529 294 964 1549 812 315 375 609 1010 668 632 921 1523 278 268 497 670 356 1123 1789 481 1211 361 301 1643 353 
811 806 0 609 684 1048 969 589 208 435 428 1012 792 1061 1215 873 769 1421 1021 339 905 756 455 616 631 1064 663 446 974 526 850 556 938 487 790 1173 1024 948 916 809 1130 982 479 610 1182 1022 693 619 942 1040 999 
498 534 604 0 1042 1449 869 939 423 795 764 492 1177 1462 907 945 1156 1069 1056 338 592 1120 220 593 978 509 283 782 1361 679 531 240 881 847 858 866 1136 1335 603 346 822 950 521 952 1601 582 1029 151 626 1455 678 
1183 1190 663 979 0 632 1346 688 589 445 527 1395 852 621 1587 1243 815 1754 1351 690 1277 410 806 989 189 1432 1046 545 635 984 1233 928 1320 482 1173 1545 1388 609 1288 1186 1507 1359 849 168 830 1394 754 1003 1311 717 1363 
1569 1576 1044 1354 646 0 1722 1068 969 825 908 1781 1232 49 1990 1642 1212 2147 1750 1070 1663 818 1181 1375 660 1809 1417 931 443 1394 1619 1310 1696 862 1549 1949 1787 417 1674 1563 1905 1738 1232 653 321 1780 1134 1373 1697 491 1749 
582 718 973 929 1472 1899 0 1330 821 1221 1169 926 1529 1912 1078 583 1506 540 500 772 624 1545 882 485 1372 983 690 1187 1811 1023 762 822 51 1273 304 1046 742 1780 635 753 279 80 528 1351 2092 930 1434 854 630 1900 664 
1129 1136 579 898 724 1118 1287 0 508 287 192 1341 854 1131 1533 1211 831 1700 1319 609 1223 825 725 938 622 1367 1002 153 1029 921 1179 871 1261 534 1114 1491 1356 1003 1234 1125 1453 1303 794 601 1267 1340 319 938 1257 1121 1309 
676 671 203 433 659 1024 845 540 0 410 379 877 767 1034 1091 787 744 1247 895 144 770 731 260 530 582 909 539 397 933 552 715 448 851 462 704 1049 951 920 781 700 975 893 393 561 1132 881 644 511 804 1040 856 
1078 1085 550 866 552 911 1226 284 476 0 198 1290 653 929 1482 1134 630 1649 1259 577 1172 624 693 873 582 1308 930 201 826 862 1128 813 1200 333 1053 1440 1296 800 1183 1067 1388 1242 736 561 1025 1289 349 876 1206 909 1258 
958 962 411 730 556 976 1116 187 340 197 0 1170 764 989 1362 1022 718 1529 1133 441 1052 683 557 763 454 1196 810 44 885 751 1008 703 1085 385 939 1320 1199 859 1063 957 1275 1130 626 433 1132 1169 291 766 1086 974 1138 
509 336 1054 494 1535 1995 934 1393 887 1297 1232 0 1605 1998 448 1118 1582 1090 1233 802 514 1621 686 613 1435 87 592 1250 1897 1098 162 588 954 1349 1006 407 1270 1871 506 384 833 1014 692 1414 2138 117 1497 416 604 1981 610 
1376 1383 848 1176 918 1274 1529 921 774 677 835 1588 0 1287 1780 1449 571 1969 1557 875 1470 748 1010 1182 888 1615 1230 838 1186 1164 1426 1123 1503 536 1356 1738 1594 1160 1481 1376 1694 1545 1037 867 1426 1587 992 1186 1504 1280 1556 
1577 1584 1052 1363 636 49 1730 1076 978 832 920 1789 1261 0 1990 1650 1212 2156 1758 1079 1671 825 1190 1383 650 1814 1425 951 450 1394 1627 1318 1704 869 1557 1949 1795 424 1682 1571 1905 1746 1240 643 356 1788 1141 1381 1705 502 1757 
663 490 1229 927 1737 2164 1076 1595 1104 1494 1434 448 1809 2177 0 1265 1779 1168 1373 1055 495 1834 1097 767 1637 407 784 1452 2079 1327 433 865 1088 1546 1160 93 1410 2053 501 663 922 1124 846 1616 2318 356 1699 838 537 2161 483 
858 853 794 910 1277 1696 584 1166 758 1016 1005 1062 1346 1709 1266 0 1323 942 494 870 960 1347 929 663 1214 1114 825 1023 1608 899 897 793 534 1072 498 1224 446 1582 969 888 842 553 586 1193 1849 1073 1270 920 987 1702 1042 
1282 1289 758 1074 817 1183 1459 831 684 587 723 1494 569 1196 1686 1379 0 1888 1487 785 1376 421 909 1088 771 1515 1130 741 1124 1092 1332 1023 1433 339 1286 1644 1524 1098 1387 1276 1595 1475 945 750 1335 1493 896 1086 1410 1189 1462 
1004 1087 1392 1357 1901 2304 540 1758 1329 1657 1597 1390 1973 2317 1250 943 1970 0 784 1280 869 1991 1390 993 1800 1442 1146 1615 2219 1509 1228 1292 580 1709 834 1218 744 2193 885 1186 581 557 1047 1779 2458 1389 1868 1279 819 2301 785 
1024 1010 952 1076 1456 1887 498 1314 910 1211 1153 1219 1519 1900 1411 494 1496 784 0 1031 1067 1535 1093 815 1356 1271 981 1171 1796 1054 1057 948 451 1263 479 1369 579 1770 1078 1045 728 418 738 1335 2088 1218 1418 1086 1073 1900 1117 
642 637 326 335 766 1134 811 647 145 517 486 791 874 1147 1046 945 851 1233 1056 0 736 838 162 535 689 808 505 504 1044 659 681 409 823 569 845 1004 1079 1018 747 635 943 884 488 668 1273 847 751 441 770 1127 822 
266 218 917 616 1396 1816 621 1281 793 1142 1120 522 1450 1829 492 961 1427 745 1065 744 0 1466 782 457 1323 574 474 1138 1727 1008 360 552 633 1194 756 454 1136 1701 21 320 498 687 536 1302 2046 526 1385 538 90 1822 167 
1394 1401 867 1183 431 829 1547 897 793 654 736 1606 748 842 1798 1467 443 1969 1575 894 1488 0 1010 1200 488 1624 1239 754 744 1187 1444 1132 1521 448 1374 1756 1612 718 1499 1385 1704 1563 1057 467 942 1605 968 1195 1522 826 1574 
670 700 434 220 874 1249 882 755 253 625 594 681 991 1262 1119 961 960 1247 1070 168 764 949 0 606 797 698 381 612 1161 698 720 274 894 677 877 1077 1136 1135 775 512 1011 958 540 776 1401 771 859 318 798 1255 850 
467 462 481 443 952 1327 636 843 336 702 682 668 1071 1340 864 797 1070 1069 905 287 561 1033 397 0 885 720 275 700 1239 535 506 353 648 754 639 823 954 1213 572 497 765 709 185 864 1479 672 947 453 595 1333 647 
1201 1208 651 972 191 646 1353 618 580 529 457 1413 936 635 1605 1260 775 1772 1368 681 1295 494 797 1014 0 1443 1065 475 719 1008 1251 958 1327 442 1180 1563 1405 693 1306 1200 1515 1369 866 47 905 1412 722 1014 1329 801 1381 
561 388 1091 521 1560 1995 1032 1418 917 1322 1257 87 1630 2008 407 1164 1607 1133 1272 829 566 1646 713 665 1460 0 619 1275 1925 1130 214 615 1012 1374 1065 366 1309 1899 558 411 885 1073 744 1439 2161 82 1522 443 656 2004 662 
346 370 667 280 1180 1600 703 1031 522 888 868 564 1261 1613 772 878 1238 925 1021 473 445 1251 383 383 1080 581 0 886 1512 721 414 146 715 942 771 731 1024 1486 456 229 675 776 352 1059 1752 580 1139 232 479 1606 531 
989 973 431 750 576 993 1146 149 360 200 44 1189 767 1006 1381 1044 738 1560 1157 461 1083 703 577 783 474 1217 830 0 911 771 1027 723 1119 405 977 1339 1199 879 1088 985 1311 1164 646 453 1132 1188 247 786 1117 1000 1169 
1569 1576 1041 1354 647 429 1722 1062 969 818 900 1781 1231 442 1990 1642 1203 2147 1750 1070 1663 811 1181 1375 704 1809 1417 931 0 1349 1619 1310 1696 855 1549 1949 1787 66 1674 1563 1905 1738 1232 683 471 1780 1134 1373 1697 415 1749 
844 839 418 623 985 1347 1019 855 492 728 694 1048 1116 1360 1242 945 1070 1421 1056 583 960 1053 642 672 897 1072 677 712 1259 0 883 570 995 780 846 1200 1079 1233 956 823 1150 1040 535 876 1499 1049 960 633 978 1353 1033 
349 176 911 499 1396 1816 773 1281 789 1142 1120 162 1450 1829 447 961 1427 925 1056 740 354 1466 691 453 1323 214 470 1138 1727 1008 0 551 785 1194 844 406 1136 1701 346 320 673 846 532 1302 2046 255 1385 421 444 1822 448 
439 469 566 238 1033 1449 695 939 487 787 767 592 1177 1462 891 843 1126 1012 964 412 533 1120 274 419 982 609 147 785 1361 620 533 0 707 839 736 850 988 1335 544 281 763 768 334 956 1601 682 1032 190 567 1455 619 
592 728 973 942 1465 1887 51 1330 831 1211 1169 942 1519 1900 1096 533 1496 580 460 782 634 1535 892 495 1372 991 700 1187 1796 1031 772 832 0 1263 254 1064 695 1770 645 763 327 68 504 1351 2088 946 1434 864 640 1900 712 
1024 1010 497 813 506 865 1169 570 423 326 412 1219 559 878 1411 1087 361 1595 1233 524 1118 448 640 820 460 1255 867 430 780 809 1057 760 1145 0 1006 1369 1270 754 1125 1031 1337 1195 683 439 975 1218 635 823 1152 862 1204 
695 791 808 929 1286 1705 304 1174 772 1029 1013 1000 1346 1718 1215 497 1323 834 488 845 755 1356 947 558 1214 1052 763 1031 1617 921 835 793 254 1097 0 1173 696 1591 766 826 507 295 512 1193 1860 1022 1278 927 761 1711 867 
622 449 1178 875 1686 2118 1038 1544 1065 1443 1383 407 1751 2131 93 1243 1728 1133 1351 1016 457 1767 1054 726 1586 366 743 1401 2033 1273 392 824 1050 1495 1133 0 1388 2007 463 622 879 1076 805 1565 2272 315 1648 797 499 2115 445 
1054 1039 989 1097 1489 1924 733 1347 949 1237 1186 1244 1545 1934 1436 451 1522 744 579 1055 1148 1561 1116 848 1389 1296 1011 1204 1827 1092 1082 990 686 1289 714 1394 0 1796 1154 1074 967 653 771 1368 2102 1243 1451 1107 1182 1940 1234 
1544 1551 1019 1338 627 409 1697 1046 950 798 880 1756 1215 422 1955 1617 1182 2133 1725 1054 1638 791 1165 1350 684 1777 1392 898 66 1341 1594 1285 1671 835 1524 1914 1762 0 1649 1538 1865 1713 1207 663 515 1755 1134 1348 1672 454 1724 
267 210 911 611 1396 1816 632 1281 785 1142 1120 514 1450 1829 501 945 1427 756 1056 736 21 1466 777 449 1323 566 466 1138 1727 984 352 547 644 1194 767 463 1136 1701 0 312 509 698 528 1302 2046 518 1385 533 106 1822 183 
273 194 825 348 1308 1727 754 1194 687 1064 1033 381 1357 1740 654 945 1334 844 1056 638 317 1378 514 434 1236 409 225 1051 1639 879 296 284 766 1119 825 613 1079 1613 309 0 597 786 513 1215 1882 462 1298 270 397 1733 453 
560 757 1113 910 1621 2056 282 1479 963 1378 1318 972 1686 2069 966 840 1663 581 733 923 590 1702 1036 625 1521 1024 706 1336 1972 1164 807 846 327 1430 508 934 976 1946 606 739 0 313 705 1500 2214 976 1583 832 540 2057 506 
653 789 989 1008 1500 1924 80 1360 892 1246 1199 995 1554 1937 1155 552 1531 557 420 843 695 1570 958 556 1402 1047 761 1217 1833 1092 833 893 68 1298 295 1123 662 1820 706 824 310 0 565 1381 2102 1022 1464 927 701 1940 695 
446 441 465 520 935 1303 532 827 429 686 666 647 1071 1316 843 635 1020 1069 743 436 540 1033 539 251 869 699 356 684 1215 570 485 333 508 738 454 802 780 1189 551 476 710 569 0 848 1455 651 935 511 574 1309 626 
1183 1190 630 950 170 647 1346 597 559 508 436 1395 889 636 1587 1243 754 1754 1351 660 1277 473 776 989 47 1422 1046 454 698 984 1233 928 1320 421 1173 1545 1388 672 1288 1176 1497 1359 845 0 893 1394 701 1003 1311 780 1363 
1697 1704 1171 1484 765 323 1859 1183 1099 940 1022 1912 1352 357 2114 1770 1306 2321 1921 1200 1791 934 1311 1503 822 1946 1545 1040 471 1484 1747 1438 1826 973 1677 2073 1924 515 1808 1691 2021 1867 1360 801 0 1922 1255 1501 1826 345 1881 
513 340 1091 592 1599 2034 954 1457 956 1356 1296 124 1664 2047 356 1118 1641 1090 1233 900 518 1680 784 617 1499 83 634 1314 1944 1164 257 686 954 1408 1021 315 1270 1918 510 482 837 1015 696 1478 2207 0 1561 514 608 2050 658 
1225 1232 678 998 814 1183 1385 315 607 348 291 1437 936 1196 1629 1305 892 1796 1413 708 1319 886 824 1031 721 1471 1091 247 1124 1018 1275 984 1359 595 1212 1587 1450 1098 1330 1236 1549 1401 893 700 1335 1436 0 1046 1353 1189 1405 
389 431 636 152 1105 1524 871 999 529 857 837 412 1215 1537 827 961 1193 988 1065 444 483 1175 318 553 1080 429 234 855 1436 690 451 191 884 914 869 786 1136 1410 494 267 713 908 511 1059 1676 502 1104 0 517 1530 569 
272 305 973 622 1472 1924 582 1330 845 1237 1169 612 1545 1934 537 1009 1522 671 1056 796 90 1561 788 509 1372 664 482 1187 1827 1046 450 558 630 1289 762 499 1199 1796 106 397 424 613 588 1351 2102 616 1434 544 0 1940 125 
1544 1551 1024 1338 633 413 1697 1050 950 804 886 1756 1215 426 1955 1617 1193 2133 1725 1054 1638 797 1165 1350 690 1777 1392 931 377 1341 1594 1285 1671 841 1524 1914 1762 421 1649 1538 1865 1713 1207 669 345 1755 1134 1348 1672 0 1724 
340 387 1036 690 1547 1995 625 1405 917 1304 1244 631 1612 1998 503 1087 1589 714 1077 864 169 1628 856 577 1447 683 550 1262 1897 1122 469 626 673 1356 868 465 1218 1871 185 483 467 656 656 1426 2161 695 1509 612 125 2004 0 
0 270 934 626 1445 1878 790 1272 794 1145 1113 633 1452 1908 913 1053 1454 761 1080 809 257 1493 828 403 1367 724 367 1128 1765 1015 434 476 848 1214 878 844 1150 1722 268 362 503 834 574 1347 2052 615 1496 540 259 1768 348 
224 0 911 624 1408 1861 795 1232 757 1108 1073 617 1415 1885 968 1035 1417 881 1060 772 377 1456 826 366 1327 708 365 1088 1728 1015 418 474 853 1177 841 874 1107 1685 388 360 623 898 537 1307 1975 599 1456 538 379 1731 468 
1002 1015 0 837 838 1346 1299 643 288 490 483 1244 779 1355 1650 1180 810 1700 1216 454 1169 940 626 785 813 1261 820 493 1224 628 1066 681 1242 591 1051 1511 1277 1181 1179 993 1377 1310 709 788 1480 1258 824 762 1163 1227 1229 
593 648 821 0 1320 1762 1181 1138 606 1029 979 719 1364 1771 1283 1215 1366 1300 1294 441 746 1368 261 742 1236 703 407 994 1640 860 648 310 1197 1074 1105 1144 1364 1597 757 484 990 1272 757 1216 1911 811 1362 193 748 1643 837 
1366 1373 802 1248 0 885 1644 842 728 558 694 1618 945 845 1985 1505 1005 2042 1568 857 1529 581 1083 1137 244 1707 1296 704 889 1154 1422 1137 1567 665 1376 1903 1638 829 1539 1395 1741 1647 1059 252 1229 1614 1002 1188 1527 922 1593 
1856 1879 1283 1755 798 0 2088 1318 1238 1029 1159 2149 1433 59 2459 1983 1435 2511 2133 1335 2020 1058 1536 1625 816 2203 1815 1174 671 1675 1934 1644 2069 1137 1856 2377 2246 611 2027 1937 2287 2151 1543 842 406 2122 1480 1695 2027 690 2108 
791 930 1193 1231 1710 2134 0 1544 1047 1410 1385 1183 1717 2156 1527 858 1719 639 718 988 878 1758 1129 625 1639 1272 941 1400 2045 1268 987 1041 110 1479 420 1432 1006 1995 889 961 376 122 740 1619 2339 1179 1768 1070 833 2095 938 
1271 1278 684 1133 958 1430 1552 0 609 362 256 1523 936 1439 1880 1413 960 2008 1476 736 1434 997 909 1042 829 1612 1179 190 1308 1051 1327 1020 1475 679 1284 1772 1546 1265 1444 1300 1646 1555 976 804 1564 1519 397 1080 1432 1311 1498 
823 835 286 607 813 1330 1118 587 0 465 427 1102 754 1339 1497 1035 785 1545 1060 173 993 906 345 603 757 1135 679 437 1214 633 907 540 1058 566 916 1358 1097 1171 1005 874 1222 1131 527 732 1464 1105 768 621 989 1211 1055 
1193 1200 616 1029 702 1224 1486 352 542 0 271 1445 677 1233 1830 1323 708 1908 1386 671 1356 792 843 993 699 1502 1045 285 1083 972 1249 889 1408 433 1217 1694 1456 1040 1366 1205 1568 1476 876 674 1357 1441 490 949 1354 1104 1420 
1076 1081 469 914 740 1297 1362 194 394 281 0 1326 842 1305 1714 1215 873 1774 1294 521 1237 863 693 830 614 1354 930 44 1152 823 1130 767 1296 511 1105 1575 1364 1109 1247 1073 1451 1362 754 589 1414 1322 375 848 1237 1161 1303 
688 464 1305 684 1831 2255 1299 1656 1249 1522 1497 0 1845 2277 677 1427 1855 1409 1490 1104 691 1916 919 830 1751 130 810 1512 2159 1370 222 751 1315 1591 1298 590 1560 2109 670 531 1077 1390 997 1731 2444 158 1923 598 805 2200 806 
1435 1442 887 1341 1043 1472 1710 1015 813 708 934 1687 0 1481 2046 1571 691 2095 1634 947 1598 860 1148 1206 998 1776 1389 942 1350 1236 1491 1230 1633 600 1442 1964 1704 1307 1608 1464 1817 1713 1124 988 1606 1683 1143 1281 1596 1353 1662 
1856 1879 1283 1755 747 57 2088 1331 1238 1029 1185 2149 1433 0 2459 1983 1435 2511 2133 1335 2020 1058 1536 1625 765 2203 1815 1200 677 1675 1934 1644 2069 1137 1856 2377 2246 617 2027 1937 2287 2151 1543 791 463 2122 1480 1695 2027 704 2108 
958 726 1670 1260 2193 2647 1546 2067 1526 1909 1864 715 2218 2669 0 1707 2257 1611 1770 1453 764 2317 1484 1108 2167 669 1122 1881 2551 1735 616 1251 1605 1976 1564 131 1911 2501 764 967 1288 1612 1242 2138 2852 537 2269 1127 835 2592 717 
1051 1066 1011 1184 1513 1944 823 1331 948 1213 1172 1311 1520 1974 1699 0 1522 1312 751 1085 1221 1561 1167 800 1426 1400 1031 1187 1834 1154 1115 1073 736 1282 609 1560 729 1790 1232 1105 1170 758 782 1406 2193 1307 1555 1124 1215 1868 1281 
1366 1373 817 1271 958 1430 1644 939 743 638 841 1618 607 1439 1985 1505 0 2042 1568 872 1529 507 1083 1137 946 1707 1319 855 1308 1154 1422 1160 1567 416 1376 1903 1638 1265 1539 1395 1741 1647 1062 918 1564 1614 1081 1211 1527 1311 1593 
839 1081 1673 1336 2193 2647 744 2067 1529 1909 1864 1326 2218 2669 1596 1242 2257 0 1025 1456 1000 2317 1518 1111 2167 1415 1103 1881 2551 1738 1130 1227 773 1976 1094 1520 978 2501 1016 1044 760 721 1245 2138 2852 1322 2269 1161 846 2592 943 
1268 1275 1251 1450 1768 2209 692 1602 1195 1468 1443 1520 1775 2231 1874 687 1777 966 0 1316 1431 1822 1392 1039 1697 1609 1263 1458 2118 1360 1324 1339 651 1537 621 1769 869 2068 1441 1297 1016 579 995 1677 2398 1516 1893 1390 1429 2154 1495 
750 762 501 524 1040 1454 1024 771 243 649 611 1027 945 1463 1406 1180 1005 1479 1216 0 907 1058 262 629 959 1116 648 621 1332 808 833 509 1040 750 1051 1267 1277 1289 919 818 1156 1115 688 929 1588 1014 971 590 914 1335 990 
327 282 1167 821 1684 2128 831 1518 1047 1384 1359 720 1691 2150 658 1234 1693 891 1294 988 0 1732 1050 598 1613 811 562 1374 2010 1236 521 671 889 1453 1024 595 1364 1960 42 512 633 942 769 1593 2305 702 1742 735 124 2061 248 
1495 1502 947 1416 510 1125 1770 1031 872 737 873 1747 830 1116 2122 1631 486 2154 1694 1015 1658 0 1216 1266 572 1822 1464 883 965 1302 1551 1305 1693 545 1502 2040 1764 897 1668 1524 1885 1773 1184 556 1272 1743 1179 1356 1656 974 1722 
806 861 643 294 1141 1576 1181 921 373 791 753 936 1092 1585 1523 1234 1140 1545 1294 208 993 1177 0 733 1109 929 520 763 1454 881 861 381 1196 892 1122 1384 1364 1411 1005 697 1222 1272 779 1097 1710 1021 1134 406 989 1457 1055 
601 613 571 595 1101 1552 862 871 391 759 711 883 1081 1561 1263 991 1087 1305 1060 406 754 1165 522 0 1046 985 428 721 1430 610 684 362 921 860 886 1124 1084 1387 765 669 990 969 315 1026 1686 865 1081 520 756 1433 845 
1394 1401 831 1293 236 849 1669 782 757 601 622 1646 977 809 1998 1530 1005 2055 1593 886 1557 624 1083 1165 0 1735 1341 632 936 1161 1450 1182 1592 633 1401 1916 1663 872 1567 1423 1769 1672 1103 52 1187 1642 973 1233 1555 974 1621 
728 504 1322 699 1846 2262 1350 1673 1259 1539 1514 140 1868 2284 630 1492 1860 1442 1555 1112 731 1930 920 870 1768 0 825 1529 2166 1387 262 766 1366 1608 1328 543 1625 2116 710 546 1111 1435 1035 1748 2451 111 1948 613 845 2207 846 
405 454 856 391 1343 1785 897 1167 691 1048 1008 724 1364 1794 1123 1110 1366 1096 1142 706 595 1391 538 468 1291 800 0 1023 1663 895 525 186 946 1110 940 984 1208 1620 606 363 841 995 519 1271 1911 706 1391 316 597 1666 686 
1100 1107 494 948 765 1330 1379 150 419 290 66 1352 851 1339 1740 1234 882 1798 1294 546 1263 888 718 855 639 1394 945 0 1214 848 1156 792 1313 536 1122 1601 1364 1171 1273 1089 1475 1388 779 614 1464 1348 331 873 1261 1211 1327 
1791 1798 1220 1692 828 694 2029 1292 1175 990 1158 2096 1406 681 2406 1933 1408 2440 2064 1272 1960 1012 1473 1562 890 2150 1740 1173 0 1612 1881 1581 2011 1110 1798 2324 2179 141 1949 1859 2216 2093 1480 874 707 2069 1441 1632 1956 521 2037 
1002 1019 523 838 1174 1616 1299 939 595 828 776 1244 1129 1625 1650 1180 1154 1700 1216 731 1169 1222 821 795 1117 1261 821 786 1494 0 1066 682 1245 928 1054 1511 1284 1451 1181 993 1377 1310 719 1097 1750 1258 1134 763 1163 1497 1229 
466 242 1167 648 1684 2128 1090 1518 1047 1384 1359 200 1691 2150 664 1234 1693 1140 1294 988 469 1732 877 608 1613 291 607 1374 2010 1238 0 715 1106 1453 1051 585 1364 1960 448 436 865 1181 779 1593 2305 310 1742 562 583 2061 584 
542 597 703 332 1247 1689 924 1021 565 891 843 800 1191 1698 1263 1110 1217 1240 1142 577 695 1295 387 523 1152 784 217 853 1567 742 668 0 974 977 991 1124 1208 1524 706 433 941 1023 496 1132 1834 849 1214 257 697 1570 786 
827 978 1224 1246 1741 2185 89 1575 1088 1441 1416 1214 1748 2207 1562 756 1750 711 645 1015 936 1789 1171 661 1670 1303 946 1431 2118 1301 1018 1055 0 1510 318 1463 954 2068 948 1005 448 114 739 1650 2374 1210 1799 1122 914 2130 990 
1160 1167 575 1015 704 1224 1444 680 501 396 585 1412 631 1233 1800 1273 409 1856 1336 630 1323 559 802 925 647 1460 1042 595 1083 891 1216 848 1378 0 1187 1661 1406 1040 1333 1138 1535 1426 835 622 1357 1408 818 915 1321 1104 1387 
1038 1066 1071 1293 1596 2061 468 1430 1027 1296 1271 1311 1603 2070 1699 703 1605 1130 723 1164 1221 1644 1247 804 1525 1400 1031 1286 1951 1203 1115 1169 381 1365 0 1560 954 1901 1232 1105 806 433 719 1505 2193 1307 1654 1222 1215 1980 1281 
877 653 1590 1148 2110 2564 1480 1976 1446 1825 1782 641 2144 2586 125 1636 2166 1545 1699 1373 691 2234 1389 1028 2082 595 1041 1797 2468 1655 543 1187 1519 1875 1493 0 1769 2418 691 909 1222 1546 1162 2051 2759 463 2188 1067 762 2509 644 
1309 1316 1303 1502 1831 2255 1054 1654 1247 1520 1495 1561 1845 2277 1911 662 1855 943 863 1368 1472 1916 1444 1080 1749 1650 1304 1510 2159 1412 1365 1391 1011 1589 938 1823 0 2109 1482 1338 1290 928 1059 1729 2444 1557 1923 1442 1470 2200 1536 
1738 1745 1167 1639 776 642 1953 1239 1122 937 1124 2012 1370 629 2355 1876 1372 2389 1965 1219 1915 992 1420 1509 838 2068 1687 1139 117 1559 1794 1528 1946 1050 1745 2273 2075 0 1900 1767 2165 2033 1427 822 786 2018 1388 1579 1907 532 1988 
348 270 1167 842 1684 2128 852 1518 1047 1384 1359 683 1691 2150 655 1234 1693 943 1294 988 21 1732 1072 619 1613 774 583 1374 2010 1268 496 692 910 1453 1051 592 1364 1960 0 500 654 958 790 1593 2305 689 1742 756 142 2061 265 
303 242 1027 516 1541 1974 981 1360 920 1241 1201 580 1548 2004 939 1158 1550 1006 1189 889 451 1589 709 512 1455 591 284 1216 1859 1101 383 385 997 1310 970 839 1277 1822 434 0 702 1072 683 1435 2193 564 1584 430 458 1913 547 
543 774 1367 1046 1865 2309 397 1718 1241 1584 1559 1039 1903 2331 1282 1215 1917 711 1025 1168 666 1990 1229 814 1815 1128 778 1574 2213 1450 845 887 469 1653 779 1206 1318 2163 686 773 0 441 981 1793 2498 1042 1996 920 550 2254 639 
881 1034 1271 1316 1788 2209 113 1622 1144 1488 1463 1281 1795 2231 1608 783 1797 686 596 1071 993 1859 1225 722 1717 1370 995 1478 2118 1356 1085 1130 74 1557 388 1530 929 2068 1005 1068 431 0 809 1697 2398 1277 1914 1185 888 2154 986 
571 583 666 824 1232 1689 659 988 568 854 806 853 1191 1698 1263 873 1184 1277 1025 635 724 1295 751 334 1117 957 513 816 1567 757 654 530 698 950 655 1124 1004 1524 735 639 947 762 0 1097 1834 835 1179 749 726 1570 815 
1337 1344 787 1248 217 882 1618 738 713 560 578 1589 936 842 1942 1479 1005 2013 1542 842 1500 605 1035 1108 49 1678 1296 588 916 1154 1393 1137 1541 589 1350 1860 1612 853 1510 1366 1712 1621 1040 0 1229 1585 930 1188 1498 937 1564 
1941 1966 1369 1832 958 432 2228 1438 1324 1136 1282 2218 1548 470 2528 2037 1550 2596 2251 1421 2105 1126 1622 1711 1015 2272 1881 1297 711 1761 2003 1730 2179 1252 1961 2446 2343 778 2113 2031 2372 2243 1629 994 0 2191 1587 1781 2112 457 2193 
728 504 1423 801 1931 2424 1350 1774 1292 1640 1615 181 1996 2446 546 1492 1984 1442 1555 1196 731 2022 1047 870 1866 134 869 1630 2328 1488 328 868 1366 1709 1328 459 1625 2278 710 648 1111 1435 1035 1850 2613 0 2049 715 852 2369 888 
1437 1444 869 1341 1084 1547 1712 398 794 470 440 1689 1081 1556 2053 1573 1140 2095 1636 923 1600 1119 1121 1208 1018 1778 1389 375 1425 1259 1493 1230 1635 819 1444 1971 1706 1382 1610 1466 1817 1715 1126 1009 1681 1685 0 1281 1598 1428 1664 
495 550 776 227 1262 1704 1092 1086 678 957 918 604 1277 1713 1219 1180 1279 1165 1216 593 648 1310 413 697 1230 588 321 942 1582 815 533 231 1108 1048 1051 1080 1284 1539 659 363 894 1183 679 1210 1852 696 1310 0 650 1585 739 
319 392 1139 813 1656 2095 823 1490 1001 1356 1331 818 1663 2113 722 1215 1665 799 1294 985 116 1704 1038 590 1585 930 554 1346 1989 1236 619 663 881 1425 1024 659 1364 1939 136 549 541 872 761 1565 2266 802 1714 727 0 2022 156 
1680 1687 1124 1581 710 554 1924 1184 1064 880 1031 1953 1277 582 2301 1825 1279 2324 1930 1161 1833 940 1362 1451 772 2009 1629 1046 502 1503 1736 1470 1883 966 1687 2219 2019 530 1841 1709 2100 1977 1369 756 427 1932 1333 1521 1847 0 1901 
400 510 1224 894 1741 2185 874 1575 1101 1441 1416 879 1748 2207 670 1283 1750 845 1346 1028 234 1789 1109 671 1670 985 635 1431 2118 1301 680 744 926 1510 1122 607 1416 2068 254 630 587 927 842 1650 2374 883 1799 808 144 2130 0 
0 255 911 630 1411 1927 743 1236 804 1119 1075 579 1398 1893 881 925 1390 786 1021 720 251 1483 830 395 1301 633 427 1093 1742 1026 405 555 737 1144 858 806 1091 1698 264 342 499 806 524 1284 2010 593 1393 484 259 1822 327 
207 0 872 640 1364 1879 801 1194 765 1094 1033 567 1347 1841 892 884 1339 893 964 681 358 1432 840 356 1270 621 419 1051 1695 979 393 565 762 1144 819 794 1048 1651 371 352 606 831 485 1253 1975 581 1351 494 366 1771 434 
907 923 0 746 745 1217 1160 606 242 484 444 1150 773 1195 1487 1047 859 1556 1088 424 1055 831 603 697 770 1198 803 462 1064 675 1007 656 1110 510 974 1411 1181 1023 1064 965 1288 1178 588 749 1311 1131 716 706 1047 1119 1133 
640 690 829 0 1306 1797 1225 1127 604 997 966 622 1288 1775 1207 1144 1280 1295 1291 484 791 1373 295 768 1248 616 398 984 1637 869 613 319 1211 1015 1080 1131 1336 1593 804 507 1052 1278 718 1231 1918 705 1284 206 799 1713 867 
1301 1281 771 1207 0 784 1507 762 645 516 600 1515 909 750 1871 1370 1005 1912 1482 780 1421 514 973 1080 201 1576 1153 618 799 1109 1372 1003 1464 581 1297 1776 1527 745 1432 1326 1649 1528 972 180 1029 1496 872 1079 1413 798 1495 
1756 1736 1217 1619 742 0 1941 1247 1124 997 1111 1988 1378 56 2356 1845 1370 2357 1969 1213 1874 1018 1374 1535 762 2041 1608 1129 621 1561 1852 1458 1923 1066 1760 2260 2078 567 1885 1781 2139 1982 1447 769 396 1955 1364 1532 1900 616 1979 
716 845 1130 1157 1672 2168 0 1506 987 1380 1345 1085 1659 2155 1440 750 1651 623 537 923 823 1744 1062 586 1571 1146 842 1363 2032 1226 918 962 63 1405 319 1364 951 1972 840 905 352 102 638 1554 2272 1084 1663 1012 817 2054 891 
1241 1221 667 1110 848 1306 1451 0 562 346 209 1455 936 1284 1792 1321 1005 1847 1433 697 1361 934 876 1026 827 1516 1106 165 1174 1060 1312 962 1408 589 1241 1716 1478 1130 1372 1266 1596 1476 892 806 1414 1436 325 1018 1353 1222 1435 
773 774 258 608 733 1214 1010 585 0 472 423 997 761 1192 1350 869 847 1475 947 186 927 819 365 565 758 1050 671 441 1064 636 831 524 960 498 839 1274 1048 1023 938 846 1212 1028 456 737 1311 997 695 574 933 1119 992 
1241 1221 720 1110 706 1209 1451 410 594 0 343 1455 769 1187 1792 1321 855 1847 1433 729 1361 792 909 1026 731 1516 1113 342 1029 1060 1312 973 1408 447 1241 1716 1478 988 1372 1266 1596 1476 900 710 1262 1436 468 1018 1353 1077 1435 
1049 1032 478 861 746 1232 1280 188 373 308 0 1266 873 1210 1603 1133 960 1666 1239 508 1169 857 687 812 638 1327 946 44 1098 855 1123 771 1230 551 1063 1527 1284 1054 1180 1070 1418 1289 703 617 1335 1247 298 821 1161 1143 1243 
624 417 1237 637 1779 2283 1225 1613 1178 1487 1452 0 1766 2270 673 1304 1758 1281 1416 1054 606 1874 869 773 1678 108 789 1470 2126 1312 172 735 1211 1512 1222 575 1461 2066 601 493 1052 1278 904 1661 2370 135 1770 560 696 2152 731 
1414 1394 891 1296 952 1423 1628 1028 765 699 865 1628 0 1401 1987 1491 596 2014 1603 900 1534 812 1051 1193 995 1689 1260 883 1263 1227 1485 1110 1585 549 1418 1891 1648 1219 1545 1439 1770 1649 1104 956 1531 1609 1186 1184 1526 1339 1608 
1764 1744 1225 1627 686 49 1958 1247 1132 997 1111 1988 1378 0 2378 1845 1370 2372 1969 1221 1881 1091 1382 1543 706 2041 1616 1129 629 1569 1852 1466 1936 1066 1768 2282 2112 575 1892 1789 2164 1982 1455 713 439 1971 1364 1540 1900 624 1979 
890 683 1555 1252 2113 2600 1467 1931 1444 1806 1770 689 2114 2587 0 1599 2189 1475 1711 1375 659 2221 1500 1048 2051 656 1104 1788 2443 1657 654 1200 1503 1838 1507 161 1756 2383 654 930 1227 1557 1177 2017 2687 535 2059 1107 736 2469 629 
948 947 934 1110 1427 1938 705 1253 846 1135 1092 1178 1414 1893 1515 0 1406 1309 627 997 1092 1499 1029 728 1318 1239 950 1110 1758 1026 1035 959 643 1160 573 1439 570 1714 1099 1005 1043 696 681 1301 2016 1159 1410 1018 1090 1822 1172 
1346 1326 820 1250 879 1334 1557 974 694 628 794 1560 597 1312 1908 1420 0 1978 1532 829 1466 481 1051 1145 897 1621 1198 812 1174 1157 1417 1048 1514 368 1347 1814 1577 1130 1477 1371 1693 1578 1059 876 1442 1541 1078 1122 1458 1250 1540 
741 993 1527 1212 2113 2600 660 1909 1416 1777 1742 1223 2097 2587 1474 1136 2157 0 831 1347 914 2189 1460 1020 2010 1284 1050 1760 2443 1629 1080 1146 689 1808 953 1433 951 2383 931 952 695 680 1149 1976 2687 1204 2027 1067 792 2469 860 
1132 1112 1055 1287 1600 2105 551 1423 992 1312 1262 1346 1591 2092 1683 603 1583 828 0 1132 1252 1676 1185 885 1488 1407 1127 1280 1980 1183 1203 1085 532 1337 562 1607 777 1891 1263 1157 859 464 838 1471 2202 1327 1580 1159 1244 1984 1326 
710 711 470 519 933 1392 1076 748 212 678 586 942 969 1370 1272 1068 1070 1349 1133 0 861 1091 276 606 976 1003 609 604 1232 793 768 497 1045 704 1024 1196 1244 1188 874 783 1106 1112 639 937 1500 961 858 547 869 1308 946 
316 247 1076 838 1614 2125 824 1448 987 1322 1287 619 1601 2112 638 1133 1593 925 1239 923 0 1686 1020 590 1513 673 635 1305 1980 1226 445 763 818 1347 1033 590 1284 1923 21 445 617 887 719 1496 2226 633 1605 692 119 2008 224 
1488 1468 950 1353 529 1002 1702 999 830 747 831 1702 829 1002 2066 1565 565 2082 1677 947 1608 0 1108 1267 554 1763 1360 849 917 1292 1559 1210 1659 504 1492 1970 1722 860 1619 1513 1872 1723 1179 533 1127 1683 1154 1284 1600 956 1682 
847 848 637 288 1098 1554 1219 939 379 845 777 874 1177 1532 1440 1214 1158 1491 1318 246 1005 1251 0 743 1132 868 597 795 1394 931 865 465 1188 871 1145 1364 1363 1350 1016 719 1243 1255 776 1115 1662 971 1106 408 1012 1470 1069 
552 553 565 534 1006 1533 800 876 409 763 714 784 1071 1511 1108 867 1078 1207 946 325 703 1156 504 0 1094 838 305 732 1373 605 610 365 761 789 837 1032 1048 1329 716 625 953 830 264 1076 1641 798 1006 494 711 1449 779 
1337 1317 803 1250 198 801 1557 719 689 560 557 1551 961 767 1897 1420 1034 1978 1532 824 1457 558 1023 1116 0 1612 1198 575 843 1150 1408 1048 1514 625 1347 1814 1577 789 1468 1362 1693 1578 1040 47 1089 1532 829 1122 1449 842 1531 
685 478 1284 682 1833 2335 1302 1660 1227 1534 1499 89 1836 2322 611 1370 1814 1331 1482 1087 667 1924 914 834 1725 0 834 1517 2178 1367 233 780 1299 1559 1290 513 1527 2118 662 538 1074 1366 1006 1708 2422 89 1830 605 757 2204 792 
469 493 838 414 1345 1853 1023 1155 702 1040 994 724 1347 1812 1064 1105 1339 1126 1215 618 620 1432 515 570 1248 778 0 1012 1676 878 550 245 992 1066 1024 988 1260 1632 633 368 868 1059 519 1231 1949 738 1312 360 628 1752 696 
1068 1050 502 885 770 1241 1307 149 397 275 44 1284 840 1219 1621 1144 950 1685 1291 532 1188 863 711 836 662 1345 967 0 1098 879 1141 795 1257 518 1090 1545 1336 1054 1199 1107 1437 1313 727 641 1349 1265 254 845 1180 1157 1262 
1775 1755 1236 1638 857 589 1958 1290 1143 1040 1144 1988 1389 617 2382 1845 1381 2379 2000 1232 1889 1091 1393 1554 882 2049 1627 1162 0 1580 1852 1477 1940 1077 1779 2286 2112 93 1900 1800 2164 1992 1466 861 610 1981 1407 1551 1911 436 1990 
917 923 508 747 1040 1533 1225 921 540 816 751 1173 1116 1511 1510 1068 1112 1556 1133 668 1065 1205 752 743 1094 1198 804 769 1373 0 1030 657 1177 842 1024 1434 1244 1329 1076 965 1288 1223 634 1077 1641 1154 1057 707 1057 1449 1133 
488 281 1130 647 1672 2168 1107 1506 1031 1380 1345 176 1659 2155 606 1170 1651 1144 1291 966 437 1744 879 637 1571 230 700 1363 2032 1254 0 745 1076 1405 1085 508 1336 1972 432 485 887 1143 766 1554 2272 278 1663 570 527 2054 562 
544 582 660 289 1098 1584 924 983 575 858 809 724 1177 1562 1136 1007 1158 1207 1056 492 695 1251 337 477 1150 718 190 827 1424 700 639 0 883 884 941 1060 1121 1380 708 407 947 951 464 1133 1692 807 1141 246 703 1500 771 
775 859 1105 1178 1647 2154 62 1481 993 1355 1320 1117 1634 2141 1440 687 1626 660 475 923 882 1719 1081 600 1546 1166 856 1338 1999 1226 974 973 0 1380 256 1364 914 1939 899 909 408 69 641 1529 2240 1084 1638 1033 876 2022 946 
1068 1050 547 885 601 1044 1307 644 421 355 482 1284 575 1019 1621 1144 464 1685 1291 556 1188 516 735 836 585 1345 967 500 943 872 1141 795 1257 0 1090 1545 1336 881 1199 1107 1437 1313 727 564 1222 1265 754 845 1180 971 1262 
880 881 1012 1205 1531 2064 318 1354 959 1244 1193 1124 1523 2051 1463 624 1515 942 496 1013 1032 1608 1160 672 1419 1185 878 1211 1909 1150 981 959 256 1269 0 1387 929 1860 1039 935 664 325 605 1402 2125 1107 1511 1060 1035 1943 1106 
768 561 1410 1125 1983 2458 1342 1786 1322 1660 1625 564 1991 2445 125 1454 1987 1334 1566 1253 573 2078 1390 926 1871 531 978 1643 2301 1535 532 1066 1389 1685 1381 0 1611 2241 568 805 1083 1413 1036 1837 2545 410 1931 1012 650 2327 543 
1204 1184 1151 1383 1693 2206 895 1527 1096 1401 1366 1418 1680 2193 1755 554 1672 891 682 1231 1324 1765 1285 997 1592 1479 1238 1384 2036 1285 1275 1173 876 1426 883 1679 0 1976 1335 1229 1170 808 943 1575 2282 1399 1684 1255 1316 2064 1398 
1734 1714 1195 1597 804 536 1941 1218 1102 968 1062 1955 1353 564 2329 1811 1345 2357 1969 1191 1854 986 1352 1513 829 2012 1586 1080 112 1539 1821 1436 1907 1041 1738 2233 2056 0 1865 1759 2125 1955 1425 808 700 1928 1335 1510 1885 499 1964 
327 246 1076 849 1604 2105 835 1438 987 1312 1277 615 1591 2092 633 1133 1583 925 1239 923 21 1676 1026 589 1503 669 646 1295 1980 1197 444 774 829 1337 1045 585 1284 1891 0 444 628 898 718 1486 2202 632 1595 703 140 1984 240 
337 262 1012 532 1547 2064 976 1370 938 1260 1209 486 1539 2051 880 1074 1531 1006 1157 864 452 1624 732 539 1435 514 344 1227 1909 1109 381 472 945 1285 982 782 1244 1860 454 0 736 1012 668 1418 2151 569 1527 386 496 1943 564 
476 716 1259 978 1806 2302 409 1635 1176 1509 1474 952 1788 2289 1242 1144 1780 685 919 1092 647 1874 1226 763 1700 1012 795 1492 2145 1387 773 927 462 1534 664 1196 1244 2085 664 710 0 479 892 1683 2389 967 1792 852 527 2171 595 
803 930 1130 1231 1672 2168 87 1506 1063 1380 1345 1173 1659 2155 1510 677 1651 638 435 997 914 1744 1152 665 1571 1234 945 1363 2032 1254 1030 1037 68 1405 315 1434 868 1972 931 976 395 0 706 1554 2272 1154 1663 1086 866 2054 946 
485 486 556 672 986 1467 587 867 471 754 705 717 1071 1445 1064 702 1078 1144 780 543 636 1150 677 272 1081 771 483 723 1307 636 543 431 548 780 631 988 951 1263 649 558 884 617 0 1056 1575 731 985 632 644 1383 712 
1319 1299 783 1229 178 798 1557 699 669 540 537 1533 936 764 1883 1420 1018 1978 1532 804 1439 538 1012 1098 48 1594 1177 555 823 1150 1390 1027 1514 605 1347 1794 1577 769 1450 1344 1677 1578 1000 0 1060 1514 809 1101 1431 822 1513 
1946 1954 1396 1798 986 420 2142 1424 1303 1174 1291 2172 1548 440 2565 1979 1540 2545 2175 1392 2050 1266 1553 1714 1081 2232 1787 1309 639 1740 2017 1637 2091 1215 1950 2469 2274 710 2061 1991 2318 2156 1626 1066 0 2164 1541 1711 2087 447 2166 
706 499 1343 779 1886 2448 1308 1719 1270 1593 1558 168 1877 2435 547 1435 1949 1345 1547 1155 699 2028 990 855 1784 177 937 1576 2291 1471 300 877 1299 1618 1318 449 1592 2231 694 635 1106 1366 1022 1767 2535 0 1875 702 789 2317 824 
1366 1346 794 1262 952 1423 1583 343 689 452 336 1580 1035 1401 1932 1446 1078 1978 1558 824 1486 1091 1023 1145 976 1641 1216 292 1263 1183 1437 1066 1540 695 1373 1836 1603 1219 1497 1391 1715 1604 1059 937 1531 1561 0 1140 1478 1339 1560 
485 535 752 192 1214 1705 1156 1068 667 968 908 512 1231 1683 1076 1068 1253 1144 1133 582 636 1346 412 686 1193 506 296 931 1545 792 503 225 1125 980 1024 1000 1244 1501 649 349 884 1192 641 1176 1814 595 1231 0 644 1621 712 
315 347 1089 837 1647 2154 802 1481 997 1355 1320 719 1634 2141 711 1144 1626 803 1284 923 129 1719 1014 602 1546 773 634 1338 1999 1226 545 762 817 1380 1033 663 1336 1939 150 545 516 872 731 1529 2240 733 1638 691 0 2022 144 
1688 1668 1149 1551 755 454 1886 1155 1056 912 994 1902 1288 482 2298 1765 1280 2293 1929 1145 1814 940 1306 1467 780 1963 1540 1012 424 1493 1759 1390 1861 980 1692 2202 2002 495 1828 1713 2068 1916 1379 759 423 1897 1301 1464 1800 0 1888 
400 464 1164 932 1706 2215 862 1540 1080 1414 1379 831 1693 2202 659 1220 1685 863 1332 1016 246 1778 1133 687 1605 885 719 1397 2086 1312 657 847 925 1439 1134 611 1377 2026 267 634 576 923 816 1588 2302 850 1697 776 143 2084 0 
0 421 1022 653 1508 1998 766 1367 851 1248 1211 674 1548 1973 859 1106 1514 721 1137 784 248 1601 844 446 1500 716 488 1223 1897 1057 474 615 782 1300 1013 829 1234 1784 258 378 511 852 571 1458 2126 654 1544 484 245 1874 301 
218 0 938 598 1423 1873 807 1290 774 1163 1134 641 1463 1884 898 958 1429 828 1021 707 355 1516 789 369 1423 683 436 1146 1786 1012 441 560 823 1215 857 827 1140 1699 365 323 618 898 474 1381 2048 621 1467 429 352 1789 408 
1043 1113 0 823 822 1234 1289 657 319 479 476 1282 780 1251 1636 1179 793 1723 1196 440 1167 912 654 786 788 1246 897 489 1168 650 1151 728 1239 529 1087 1561 1299 1081 1178 985 1449 1249 707 781 1404 1320 793 752 1180 1155 1234 
636 794 829 0 1296 1713 1299 1183 677 1044 1027 635 1372 1730 1212 1242 1338 1313 1298 506 773 1389 301 782 1305 621 455 1039 1659 884 619 368 1271 1099 1142 1137 1391 1572 783 489 1107 1307 771 1263 1920 727 1360 195 770 1662 826 
1447 1552 774 1207 0 799 1617 850 716 541 671 1675 945 756 2099 1517 960 2114 1561 829 1601 541 1053 1166 245 1639 1274 684 753 1145 1590 1117 1567 630 1415 2037 1654 725 1612 1399 1817 1593 1094 231 1051 1749 970 1149 1614 812 1668 
1996 2089 1306 1716 826 0 2191 1360 1247 1044 1204 2175 1440 55 2691 1978 1406 2633 2158 1353 2191 1054 1519 1700 838 2127 1783 1216 668 1653 2151 1626 2133 1137 1948 2629 2211 640 2170 1966 2291 2148 1625 843 344 2272 1489 1658 2194 524 2303 
896 1064 1222 1207 1754 2256 0 1549 1059 1494 1393 1276 1794 2229 1427 839 1760 621 598 1019 966 1849 1131 634 1682 1320 979 1405 2111 1259 1100 1117 86 1546 415 1388 1026 2047 977 1000 373 105 649 1640 2320 1269 1726 1126 968 2107 913 
1352 1457 648 1124 918 1329 1526 0 601 357 238 1592 936 1346 1991 1426 950 1996 1470 714 1506 1054 932 1049 797 1556 1173 211 1275 1044 1495 1016 1476 616 1324 1929 1563 1188 1517 1316 1720 1502 1002 790 1527 1664 365 1066 1519 1278 1573 
860 999 263 663 827 1234 1140 647 0 484 466 1146 785 1251 1448 976 798 1540 1056 178 992 918 392 631 778 1126 762 479 1168 655 970 593 1090 534 932 1373 1140 1081 999 876 1305 1129 552 771 1412 1132 783 617 990 1163 1044 
1302 1407 628 1020 719 1111 1458 391 570 0 308 1511 709 1128 1977 1375 722 1967 1419 683 1456 822 897 992 754 1475 1117 298 1066 1012 1445 965 1408 401 1256 1915 1512 997 1467 1233 1670 1451 912 747 1333 1585 443 985 1469 1055 1523 
1147 1222 462 921 747 1271 1344 227 415 282 0 1367 849 1257 1745 1242 862 1825 1298 528 1271 949 742 862 611 1331 990 59 1222 851 1260 824 1294 534 1142 1670 1391 1135 1282 1091 1557 1322 783 604 1469 1429 363 848 1284 1220 1338 
686 468 1298 693 1847 2351 1373 1625 1226 1570 1469 0 1877 2324 617 1455 1850 1361 1499 1075 707 1988 919 837 1758 100 861 1481 2201 1348 199 792 1345 1622 1323 546 1592 2137 686 545 1142 1414 950 1716 2415 128 1830 540 820 2202 838 
1579 1684 894 1315 1116 1528 1742 1064 836 719 938 1783 0 1545 2228 1642 625 2202 1686 952 1733 828 1118 1294 1045 1747 1382 922 1474 1255 1720 1225 1692 595 1540 2166 1779 1387 1744 1507 1905 1718 1219 1003 1726 1880 1183 1257 1746 1477 1800 
1996 2089 1306 1716 771 82 2191 1360 1247 1044 1204 2175 1440 0 2691 1978 1406 2633 2158 1353 2191 1054 1519 1700 783 2127 1783 1216 664 1653 2151 1626 2133 1137 1948 2629 2211 636 2170 1966 2291 2148 1625 788 415 2272 1489 1658 2194 548 2303 
907 688 1659 1223 2173 2675 1494 2013 1522 1950 1820 641 2253 2648 0 1695 2225 1525 1739 1483 685 2290 1474 1082 2077 620 1107 1851 2525 1709 596 1253 1537 1984 1563 119 1842 2461 683 920 1229 1549 1160 2057 2739 524 2183 1123 731 2526 633 
1105 1180 1056 1226 1571 2090 837 1388 1003 1311 1232 1394 1611 2063 1703 0 1577 1220 604 1162 1229 1664 1192 823 1521 1438 1096 1244 1929 1152 1218 1136 787 1363 686 1628 590 1899 1240 1124 1245 753 790 1479 2159 1387 1565 1168 1242 1942 1296 
1494 1599 828 1265 918 1390 1669 966 770 653 867 1733 597 1407 2145 1569 0 2168 1613 883 1648 477 1092 1221 995 1697 1332 869 1336 1183 1637 1175 1619 387 1467 2083 1706 1249 1659 1457 1829 1645 1146 953 1588 1812 1096 1207 1661 1339 1715 
1146 1490 1718 1629 2227 2756 658 2061 1667 2004 1915 1704 2284 2706 1506 1186 2256 0 872 1636 1215 2344 1720 1235 2190 1748 1488 1899 2579 1824 1528 1616 705 2062 1067 1467 943 2515 1231 1354 683 676 1295 2170 2794 1697 2231 1480 1080 2580 988 
1262 1340 1197 1346 1729 2234 588 1524 1146 1469 1368 1554 1769 2207 1850 699 1735 843 0 1305 1389 1834 1315 941 1657 1598 1232 1380 2111 1295 1378 1256 543 1521 595 1788 757 2047 1400 1284 923 493 912 1615 2298 1547 1701 1288 1326 2085 1380 
782 997 495 546 1046 1481 1093 826 247 700 645 1077 1035 1498 1382 1206 1018 1457 1246 0 931 1111 275 607 945 1065 707 658 1427 847 898 551 1065 750 1105 1307 1339 1340 918 823 1222 1134 630 929 1679 1065 962 575 927 1430 971 
353 388 1222 868 1754 2256 855 1549 1059 1494 1393 718 1794 2229 611 1267 1760 839 1325 1019 0 1849 1080 645 1682 760 706 1405 2111 1295 518 830 871 1546 1140 581 1418 2047 22 453 629 953 750 1640 2320 698 1726 699 121 2107 227 
1645 1750 972 1381 497 988 1821 1051 921 738 868 1832 881 1005 2284 1713 627 2303 1757 1054 1799 0 1220 1365 571 1814 1448 881 844 1342 1786 1291 1763 652 1611 2222 1867 816 1816 1573 1953 1789 1290 557 1242 1953 1183 1323 1813 912 1901 
845 999 685 327 1210 1627 1149 1022 428 890 835 896 1200 1644 1448 1206 1195 1525 1246 257 976 1303 0 670 1169 882 534 848 1573 845 880 365 1121 936 1105 1373 1339 1486 982 648 1290 1190 693 1127 1832 1007 1170 389 989 1576 1044 
609 780 568 569 1116 1528 851 946 405 775 764 928 1082 1545 1194 925 1078 1278 1021 338 746 1208 465 0 1113 948 447 777 1474 623 725 474 856 825 872 1119 1105 1387 742 650 1070 935 242 1071 1726 906 1096 498 743 1477 799 
1523 1628 801 1265 254 787 1669 773 754 614 592 1733 1035 744 2163 1569 1005 2194 1613 867 1677 614 1092 1221 0 1697 1332 605 826 1191 1666 1175 1619 642 1467 2101 1706 798 1688 1457 1869 1645 1146 99 1090 1821 930 1207 1690 885 1744 
737 519 1283 676 1832 2319 1393 1610 1210 1555 1454 91 1861 2292 576 1506 1850 1416 1550 1059 758 1924 894 888 1743 0 844 1466 2169 1322 250 775 1365 1607 1381 505 1643 2105 737 572 1169 1434 987 1701 2383 106 1787 523 871 2170 889 
490 663 879 426 1363 1780 997 1234 716 1098 1078 800 1398 1797 1078 1168 1364 1161 1196 649 629 1456 526 534 1367 786 0 1090 1726 979 608 255 1000 1177 1057 1003 1299 1639 625 346 892 1069 497 1325 1989 788 1411 299 626 1729 682 
1154 1229 479 936 764 1249 1367 179 432 270 62 1384 837 1257 1752 1254 850 1847 1298 545 1278 955 759 879 628 1348 1035 0 1222 868 1267 841 1317 529 1165 1677 1391 1135 1289 1102 1570 1335 800 621 1447 1436 304 865 1291 1198 1345 
1937 1967 1216 1626 778 642 2083 1269 1157 985 1113 2095 1377 603 2568 1908 1343 2563 2052 1263 2070 988 1429 1610 852 2047 1693 1125 0 1563 2070 1536 2025 1074 1857 2506 2141 94 2048 1845 2208 1998 1535 838 701 2192 1430 1568 2090 550 2199 
1006 1078 539 791 1210 1627 1289 988 610 853 812 1252 1200 1644 1599 1168 1156 1686 1196 700 1130 1286 737 783 1164 1216 865 825 1573 0 1114 696 1239 908 1087 1524 1299 1486 1141 968 1418 1249 704 1122 1832 1283 1147 720 1143 1576 1197 
501 283 1236 666 1768 2271 1149 1563 1059 1508 1407 224 1809 2244 632 1289 1774 1161 1325 1020 522 1876 884 652 1696 289 719 1419 2121 1295 0 765 1121 1560 1168 561 1418 2057 501 468 914 1190 757 1654 2335 324 1740 513 635 2122 645 
627 780 720 306 1229 1646 997 1083 612 934 918 722 1238 1663 1251 1128 1216 1283 1161 545 764 1322 344 532 1228 708 252 939 1592 775 706 0 973 983 1057 1176 1299 1505 772 397 1107 1042 485 1186 1846 814 1260 206 761 1595 817 
922 1078 1242 1226 1774 2300 54 1569 1088 1514 1413 1290 1836 2273 1499 761 1780 675 563 1068 997 1876 1157 656 1702 1334 1013 1425 2150 1295 1114 1136 0 1566 337 1460 968 2086 1008 1037 427 80 629 1660 2364 1283 1746 1163 989 2151 970 
1224 1302 554 954 750 1166 1426 688 496 379 523 1433 610 1183 1825 1289 381 1896 1333 609 1351 496 823 924 633 1397 1035 536 1116 933 1340 880 1376 0 1239 1750 1426 1029 1362 1138 1629 1365 839 626 1333 1507 805 907 1364 1084 1418 
1006 1078 1110 1265 1642 2136 377 1437 1059 1382 1281 1290 1682 2109 1599 628 1648 995 554 1121 1130 1735 1187 721 1570 1334 989 1293 1998 1229 1114 1150 327 1434 0 1524 868 1931 1141 1018 724 383 642 1528 2221 1283 1614 1144 1143 2008 1197 
844 626 1586 1173 2111 2613 1434 1936 1449 1873 1757 579 2142 2586 110 1624 2138 1427 1668 1410 632 2228 1424 1009 2026 558 1033 1769 2463 1636 534 1179 1463 1919 1492 0 1761 2399 630 857 1169 1489 1084 2006 2677 462 2124 1060 678 2464 580 
1307 1392 1197 1346 1729 2234 910 1524 1146 1469 1368 1606 1769 2207 1934 609 1735 856 675 1305 1441 1834 1315 992 1657 1650 1284 1380 2111 1295 1430 1256 858 1521 888 1872 0 2047 1452 1336 1217 824 912 1615 2298 1599 1701 1288 1454 2085 1508 
1905 1967 1206 1616 763 627 2075 1269 1147 972 1113 2095 1377 588 2568 1908 1343 2533 2052 1253 2055 977 1419 1600 837 2047 1683 1125 86 1553 2070 1526 2017 1074 1834 2506 2141 0 2048 1840 2186 1982 1525 823 686 2192 1417 1558 2058 535 2167 
374 367 1222 869 1754 2256 876 1549 1059 1494 1393 698 1794 2229 605 1260 1760 860 1325 1019 21 1849 1080 640 1682 755 707 1405 2111 1295 513 831 892 1546 1140 575 1418 2047 0 448 650 969 745 1640 2320 693 1726 700 137 2107 243 
349 403 1100 513 1632 2132 1017 1427 982 1372 1271 537 1672 2105 854 1206 1638 964 1225 894 414 1725 715 556 1560 559 374 1283 1998 1145 397 498 1013 1424 1057 783 1318 1931 395 0 749 1082 661 1518 2221 577 1604 344 483 2008 539 
846 1132 1411 1348 1938 2461 422 1738 1274 1683 1582 1346 1977 2434 1219 1278 1970 706 964 1235 822 2072 1319 840 1869 1390 989 1594 2311 1461 1170 1211 483 1735 748 1180 1326 2247 844 1073 0 463 950 1830 2525 1339 1934 1199 726 2312 616 
953 1149 1285 1335 1832 2319 95 1612 1175 1557 1456 1363 1861 2292 1499 760 1850 674 493 1136 1064 1924 1228 728 1745 1407 1069 1468 2169 1363 1187 1150 76 1609 409 1460 894 2105 1075 1098 426 0 701 1703 2383 1356 1789 1224 1057 2170 970 
584 755 671 813 1210 1627 656 1051 616 878 867 900 1200 1644 1194 809 1195 1245 872 582 721 1303 709 307 1204 948 577 880 1573 777 700 537 661 928 655 1119 980 1486 717 625 961 736 0 1162 1832 880 1208 731 718 1576 774 
1447 1552 744 1207 233 802 1617 716 697 576 535 1675 969 759 2099 1517 950 2114 1561 810 1601 576 1053 1166 75 1639 1274 548 788 1145 1590 1117 1567 585 1415 2037 1654 760 1612 1399 1817 1593 1094 0 1090 1749 852 1149 1614 847 1668 
2056 2147 1370 1780 918 354 2271 1457 1311 1131 1304 2272 1533 387 2764 2028 1499 2742 2255 1417 2249 1107 1583 1764 1000 2224 1840 1316 599 1717 2248 1690 2217 1230 2032 2687 2301 671 2228 2005 2361 2223 1689 984 0 2369 1576 1722 2252 372 2361 
701 483 1380 762 1919 2461 1379 1707 1287 1652 1551 130 1972 2434 491 1506 1918 1375 1550 1136 722 2037 970 852 1841 115 925 1563 2311 1430 320 861 1351 1704 1351 420 1643 2247 701 658 1169 1420 950 1798 2525 0 1916 609 835 2312 891 
1530 1635 818 1265 1046 1481 1694 364 771 463 385 1733 1035 1498 2188 1594 1070 2194 1638 884 1684 1111 1092 1246 982 1697 1332 339 1427 1229 1670 1175 1644 722 1492 2126 1731 1340 1695 1457 1869 1670 1171 940 1679 1821 0 1207 1697 1430 1751 
489 675 761 215 1233 1650 1196 1116 699 985 960 516 1285 1667 1094 1168 1251 1161 1196 596 626 1326 385 696 1252 502 340 972 1596 816 500 268 1181 1023 1087 1019 1299 1509 636 342 889 1249 675 1210 1851 608 1293 0 623 1599 679 
335 512 1260 850 1792 2300 837 1587 1123 1532 1431 842 1836 2273 685 1294 1798 764 1338 1084 124 1924 1044 677 1720 884 688 1443 2150 1308 642 812 853 1584 1100 655 1431 2086 146 575 554 895 782 1678 2364 822 1764 681 0 2151 134 
1817 1876 1135 1545 703 523 2002 1183 1076 894 1027 2025 1312 484 2457 1869 1278 2471 1944 1182 1985 934 1348 1529 777 1977 1612 1039 419 1482 1960 1455 1944 989 1775 2395 2002 491 1963 1737 2108 1908 1454 763 397 2122 1307 1487 2020 0 2129 
387 641 1313 905 1866 2351 890 1640 1175 1585 1484 961 1891 2324 635 1375 1860 800 1406 1136 253 1988 1114 729 1773 995 740 1496 2201 1363 739 864 937 1637 1254 605 1512 2137 275 627 590 935 834 1731 2415 944 1830 733 157 2202 0 
0 220 824 475 1332 1698 620 1260 711 1094 1099 520 1413 1711 677 890 1392 722 1021 659 196 1420 641 370 1357 577 342 1117 1610 966 355 411 637 1139 769 639 1043 1584 207 304 474 698 488 1333 1814 569 1364 397 230 1697 310 
178 0 763 454 1268 1634 700 1194 650 1034 1033 505 1362 1647 757 829 1341 802 913 598 276 1356 620 309 1291 562 321 1051 1546 876 340 390 711 1139 719 719 988 1520 287 283 554 772 427 1267 1744 554 1298 376 310 1633 390 
929 985 0 623 765 1118 1047 628 208 490 467 1055 794 1131 1395 925 788 1507 1021 339 1083 828 450 646 724 1072 687 485 1025 527 1028 580 997 533 854 1354 1113 999 1094 833 1174 1050 588 703 1231 1152 732 643 1117 1120 1175 
514 542 635 0 1105 1471 1017 1009 432 859 841 492 1193 1484 946 1044 1157 1142 1133 338 612 1193 220 660 1121 511 304 859 1383 761 531 240 1038 908 977 900 1208 1357 623 346 890 1097 577 1097 1581 589 1107 151 646 1470 726 
1300 1311 698 1024 0 690 1464 721 624 482 592 1476 887 674 1722 1299 871 1897 1424 725 1394 443 836 1068 189 1493 1142 610 652 1027 1355 1006 1414 567 1276 1681 1484 626 1405 1254 1652 1443 1019 168 848 1518 786 1064 1428 735 1486 
1842 1851 1265 1591 643 0 2029 1264 1192 1014 1103 2045 1431 49 2272 1861 1410 2446 1988 1293 1952 992 1404 1607 657 2062 1715 1121 456 1580 1910 1579 1979 1099 1839 2231 2036 430 1963 1824 2197 2000 1570 650 321 2084 1331 1631 1986 491 2043 
604 800 1036 966 1533 1899 0 1428 892 1295 1267 1049 1614 1912 1096 626 1593 584 500 840 633 1621 958 551 1525 1101 755 1285 1811 1124 884 891 51 1340 310 1058 773 1785 644 794 288 80 618 1501 2032 1076 1532 887 639 1900 673 
1240 1251 614 928 791 1156 1418 0 543 308 192 1388 862 1169 1662 1260 856 1847 1385 644 1334 860 755 1014 676 1405 1075 153 1059 984 1295 939 1368 542 1230 1621 1445 1033 1345 1191 1592 1404 983 655 1263 1458 319 1003 1368 1152 1426 
761 852 203 428 735 1102 954 603 0 460 442 884 764 1115 1285 829 758 1419 913 144 919 798 255 555 699 909 570 460 997 567 900 463 908 503 763 1244 988 971 931 716 1005 942 497 678 1194 991 707 526 926 1083 1028 
1203 1214 597 914 639 1013 1370 323 523 0 237 1361 704 1007 1625 1211 698 1825 1336 624 1297 702 735 989 672 1378 1029 240 897 921 1258 885 1320 384 1182 1584 1396 871 1308 1139 1512 1355 893 651 1132 1421 387 949 1331 1002 1389 
1130 1148 446 760 623 1045 1236 187 375 218 0 1218 772 1039 1559 1118 766 1720 1250 476 1231 733 587 833 508 1235 874 44 928 816 1192 767 1186 452 1048 1518 1310 904 1242 1031 1362 1249 775 487 1132 1315 291 830 1265 1042 1323 
526 348 1067 495 1543 1924 1037 1437 897 1305 1276 0 1624 1937 475 1159 1603 1158 1277 803 537 1631 687 657 1534 87 593 1294 1821 1166 162 592 1058 1350 1086 434 1337 1795 529 385 912 1117 775 1510 2032 122 1541 420 625 1940 610 
1417 1428 832 1169 952 1298 1598 921 758 681 834 1611 0 1311 1840 1433 583 2024 1558 859 1511 760 982 1185 934 1628 1283 837 1210 1166 1472 1147 1548 547 1410 1798 1618 1184 1522 1389 1769 1577 1148 913 1408 1635 992 1199 1545 1297 1603 
1782 1793 1208 1534 633 49 1970 1243 1135 1014 1082 1999 1404 0 2219 1798 1383 2383 1956 1236 1876 977 1347 1550 647 2016 1658 1100 450 1523 1839 1522 1920 1072 1775 2178 1979 424 1887 1764 2133 1934 1513 640 356 2031 1331 1574 1913 502 1979 
692 514 1283 955 1774 2146 1127 1669 1172 1536 1508 489 1861 2159 0 1313 1850 1201 1438 1116 526 1879 1138 823 1766 448 835 1526 2061 1369 442 905 1176 1581 1260 93 1498 2035 526 684 949 1159 946 1742 2256 378 1773 874 574 2143 483 
1031 1060 846 1027 1358 1724 656 1260 810 1120 1099 1266 1439 1737 1471 0 1418 991 494 952 1148 1446 1013 727 1357 1318 948 1117 1636 988 1104 920 608 1165 553 1430 497 1610 1159 1092 895 573 693 1333 1837 1267 1364 1003 1182 1723 1240 
1395 1406 798 1138 918 1258 1576 886 724 647 796 1586 584 1271 1824 1411 0 1999 1536 825 1489 465 956 1163 861 1603 1257 803 1170 1124 1450 1122 1526 386 1388 1776 1596 1144 1500 1364 1747 1555 1117 840 1368 1613 954 1174 1523 1257 1581 
1004 1088 1524 1389 2121 2435 540 1922 1395 1777 1749 1396 2094 2448 1250 970 2090 0 784 1339 869 2174 1449 1049 2020 1448 1186 1767 2350 1592 1234 1325 580 1828 840 1212 761 2324 885 1187 581 557 1102 1999 2545 1399 2039 1285 819 2432 785 
1041 1175 989 1163 1466 1834 506 1381 958 1228 1220 1381 1547 1845 1541 496 1526 808 0 1094 1082 1554 1153 870 1478 1433 1100 1238 1744 1132 1219 1084 458 1273 479 1503 610 1718 1093 1202 745 423 836 1454 1943 1382 1485 1155 1085 1837 1150 
713 804 357 335 856 1207 906 724 154 581 563 791 885 1220 1232 969 879 1396 1056 0 865 934 162 540 820 810 522 581 1124 688 830 415 920 624 912 1191 1150 1098 876 635 949 980 508 799 1317 888 828 441 871 1206 977 
275 233 989 653 1458 1824 663 1381 865 1220 1220 535 1539 1843 492 1044 1518 786 1133 813 0 1546 819 524 1478 592 520 1238 1736 1095 376 589 680 1265 812 454 1208 1710 21 336 538 741 642 1454 1943 590 1485 573 90 1822 171 
1449 1460 870 1197 487 883 1630 966 796 709 819 1653 775 881 1877 1465 443 2058 1590 897 1543 0 1010 1217 593 1670 1332 837 777 1210 1504 1196 1580 458 1442 1831 1650 751 1554 1438 1806 1609 1180 572 975 1667 1016 1248 1577 860 1635 
688 714 465 220 975 1310 1032 832 262 689 671 681 996 1323 1131 1059 1005 1324 1161 168 786 1042 0 637 934 700 415 689 1222 780 720 308 1053 732 1017 1090 1208 1196 797 512 1063 1112 596 913 1420 778 947 318 820 1309 900 
572 661 484 478 1021 1407 719 921 341 753 753 844 1086 1420 1131 845 1070 1245 933 289 724 1088 399 0 1050 863 280 771 1319 567 709 355 695 796 755 1090 999 1293 735 509 807 756 198 1024 1517 933 1026 471 730 1406 840 
1367 1378 733 1063 213 704 1529 665 662 553 504 1519 961 688 1789 1364 950 1990 1489 763 1461 514 874 1135 0 1536 1221 522 723 1095 1422 1085 1479 589 1341 1748 1549 697 1472 1327 1719 1508 1105 47 919 1585 769 1137 1495 806 1553 
578 400 1112 521 1566 1948 1087 1466 928 1328 1305 90 1647 1961 434 1211 1626 1205 1336 829 587 1654 713 709 1563 0 619 1323 1846 1194 214 618 1108 1373 1144 393 1396 1820 579 411 955 1167 827 1539 2044 82 1570 446 677 1940 662 
369 416 680 280 1187 1553 790 1118 537 941 957 564 1277 1566 893 961 1256 998 1056 485 467 1275 416 437 1194 583 0 975 1465 763 473 146 807 996 847 852 1150 1439 478 229 735 868 371 1170 1663 661 1222 232 501 1552 581 
1142 1171 466 780 643 1065 1257 149 395 221 44 1237 775 1078 1582 1128 769 1720 1250 496 1254 753 607 853 528 1254 894 0 974 836 1215 787 1207 455 1069 1541 1310 948 1265 1044 1371 1254 795 507 1144 1334 247 850 1288 1042 1346 
1842 1851 1265 1591 833 447 2029 1266 1192 1014 1119 2045 1431 445 2272 1861 1410 2446 1988 1293 1952 992 1404 1607 888 2062 1715 1137 0 1580 1910 1579 1979 1099 1839 2231 2036 66 1963 1824 2197 2000 1570 881 471 2084 1331 1631 1986 415 2043 
950 1047 419 670 1028 1407 1117 921 493 784 755 1099 1132 1420 1458 1001 1112 1542 1070 594 1121 1135 676 713 1055 1116 707 773 1319 0 1091 600 1067 827 928 1417 1159 1293 1132 853 1198 1116 655 1029 1517 1196 1026 663 1125 1406 1213 
365 187 952 507 1442 1808 887 1347 837 1204 1186 169 1523 1823 476 1022 1502 998 1101 785 376 1530 699 496 1444 226 508 1204 1720 1095 0 577 898 1249 912 435 1206 1694 368 326 741 962 614 1420 1925 257 1451 432 464 1809 448 
482 508 579 238 1105 1471 800 1009 490 848 848 592 1193 1484 1020 945 1156 1108 1056 429 580 1193 291 439 1121 611 175 866 1383 662 590 0 817 891 857 979 1132 1357 591 306 847 878 356 1097 1581 689 1139 190 614 1470 694 
605 801 1036 966 1533 1899 51 1428 893 1295 1267 1054 1614 1912 1096 576 1593 632 480 841 634 1621 958 552 1525 1106 756 1285 1811 1124 885 892 0 1340 260 1058 746 1785 645 795 329 68 596 1501 2032 1076 1532 888 640 1900 721 
1130 1148 474 785 554 918 1236 562 400 323 438 1240 559 916 1559 1104 361 1720 1250 501 1231 455 612 828 503 1257 869 456 812 796 1192 762 1186 0 1048 1518 1310 786 1242 1031 1357 1232 770 482 1025 1337 627 825 1265 895 1323 
800 993 911 1072 1404 1770 304 1298 867 1166 1137 1235 1485 1783 1291 522 1464 885 522 982 829 1492 1065 689 1395 1287 927 1155 1682 1047 1073 998 254 1211 0 1253 765 1656 840 997 552 322 649 1371 1882 1236 1402 1064 835 1769 944 
651 473 1230 915 1721 2104 1089 1616 1131 1483 1455 448 1809 2117 93 1294 1781 1158 1419 1075 488 1812 1097 782 1713 407 794 1473 2024 1329 401 863 1138 1528 1237 0 1479 1998 488 643 916 1121 900 1689 2214 337 1720 833 536 2101 445 
1190 1201 1054 1229 1558 1924 772 1453 1030 1320 1292 1407 1639 1937 1612 468 1618 772 610 1148 1284 1646 1227 938 1550 1459 1153 1310 1843 1194 1245 1116 724 1365 745 1571 0 1820 1295 1228 1012 689 894 1526 2044 1408 1557 1221 1318 1940 1376 
1782 1793 1208 1534 813 427 1970 1231 1135 979 1103 1999 1404 425 2219 1798 1383 2383 1956 1236 1876 977 1347 1550 868 2016 1658 1121 66 1523 1839 1522 1920 1072 1775 2178 1979 0 1887 1764 2133 1934 1513 861 515 2031 1296 1574 1913 454 1979 
267 225 973 661 1458 1824 674 1359 857 1220 1198 527 1539 1843 501 1036 1518 802 1133 805 21 1546 827 516 1456 584 528 1216 1736 1095 368 597 691 1265 823 463 1208 1710 0 328 554 752 634 1432 1943 582 1463 565 106 1822 187 
298 207 844 348 1358 1724 820 1260 730 1120 1099 381 1439 1737 742 1009 1418 925 1101 640 335 1446 514 486 1357 411 225 1117 1636 966 320 284 837 1165 896 701 1180 1610 327 0 674 898 596 1333 1837 478 1364 270 423 1723 506 
573 769 1169 950 1660 2034 331 1555 1038 1422 1394 1018 1741 2047 966 925 1720 596 782 982 590 1748 1092 683 1652 1070 724 1412 1944 1241 853 870 357 1467 547 928 1056 1918 606 763 0 362 786 1628 2137 1070 1659 856 540 2024 506 
669 865 1090 1032 1581 1948 83 1476 956 1343 1315 1119 1662 1961 1155 579 1641 618 420 923 698 1669 1036 616 1573 1171 820 1333 1874 1194 957 962 69 1388 295 1117 693 1848 709 859 322 0 660 1549 2058 1120 1580 956 704 1945 707 
543 607 494 619 1021 1407 557 939 458 763 763 820 1086 1420 1090 699 1070 1105 782 449 690 1099 559 261 1076 877 372 781 1319 633 655 415 533 806 557 1049 850 1293 701 601 736 594 0 1050 1517 869 1029 580 699 1406 804 
1338 1349 712 1040 192 710 1525 644 641 532 483 1496 936 694 1760 1360 914 1969 1485 742 1432 493 853 1106 47 1513 1204 501 702 1095 1393 1085 1475 568 1337 1719 1545 676 1443 1327 1690 1504 1076 0 898 1556 748 1137 1466 785 1524 
1935 1975 1352 1678 906 323 2122 1366 1279 1119 1205 2130 1547 357 2399 1944 1526 2518 2080 1380 2034 1135 1491 1694 915 2147 1810 1223 471 1667 2037 1666 2072 1215 1921 2358 2108 515 2045 1910 2279 2075 1657 913 0 2211 1436 1718 2068 345 2125 
572 394 1161 601 1642 2009 1087 1544 1015 1404 1383 125 1723 2022 383 1211 1702 1201 1336 923 583 1730 793 703 1641 98 699 1401 1925 1253 257 698 1108 1449 1144 342 1396 1899 575 491 949 1167 821 1617 2131 0 1648 526 671 2018 680 
1338 1349 713 1040 858 1207 1525 315 642 369 291 1496 936 1220 1760 1360 950 1969 1485 743 1432 934 854 1106 775 1513 1204 247 1124 1095 1393 1085 1475 603 1337 1719 1545 1098 1443 1327 1690 1504 1076 754 1317 1556 0 1137 1466 1206 1524 
405 433 655 152 1172 1538 934 1094 538 916 927 412 1247 1551 861 1022 1221 1069 1101 444 503 1260 318 593 1186 431 255 951 1450 738 451 191 963 975 956 820 1206 1424 514 270 781 1014 542 1162 1648 509 1198 0 537 1537 617 
298 320 1021 659 1482 1851 658 1404 895 1244 1243 625 1563 1864 537 1087 1542 699 1115 843 90 1570 825 554 1501 682 526 1261 1760 1124 464 595 686 1289 818 499 1208 1734 106 423 451 689 672 1477 1960 680 1508 581 0 1874 125 
1842 1851 1265 1591 824 416 2029 1264 1192 1014 1103 2045 1431 429 2272 1861 1410 2446 1988 1293 1952 992 1404 1607 882 2062 1715 1121 379 1580 1910 1579 1979 1099 1839 2231 2036 423 1963 1824 2197 2000 1570 875 345 2084 1331 1631 1986 0 2043 
343 402 1054 704 1558 1924 702 1453 942 1320 1292 673 1639 1937 542 1118 1618 743 1162 888 169 1646 870 599 1550 730 571 1310 1843 1167 508 640 750 1365 939 504 1310 1820 185 505 495 733 717 1526 2044 742 1557 626 125 1940 0 
