13
15
3600
0
2564
1964
2664
1816
2395
2112
2476
2468
1935
1841
2469
2406
0 1378 483 1050 1078 374 688 737 1226 1387 924 1024 334 
1258 0 1023 1762 1787 1111 1260 1397 1274 138 1648 1747 1139 
352 1141 0 745 776 88 462 438 1059 1181 626 730 318 
1051 1938 863 0 581 766 684 604 1735 1936 216 146 971 
1146 2012 952 588 0 843 712 681 1818 2020 403 664 1064 
398 1047 180 885 917 0 374 511 972 1095 766 870 230 
653 1409 380 741 717 468 0 258 1274 1441 615 612 485 
735 1529 491 622 653 471 257 0 1382 1561 503 607 596 
1131 1232 920 1659 1684 1008 1154 1291 0 1257 1545 1644 1023 
1296 139 1092 1843 1859 1180 1329 1466 1311 0 1717 1823 1177 
916 1744 728 272 397 631 549 469 1545 1776 0 303 833 
1088 1963 908 154 620 805 614 643 1759 1972 255 0 1030 
343 1196 322 1027 1058 367 516 653 1119 1232 908 1024 0 
0 1636 536 1304 1338 410 744 818 1312 1622 1191 1248 348 
1363 0 1108 2056 2052 1304 1331 1537 1276 138 1945 1928 1194 
373 1333 0 1018 1018 141 521 527 1126 1380 862 957 387 
1290 2300 1035 0 634 1052 755 741 1960 2286 247 146 1151 
1267 2286 1006 588 0 995 722 704 1932 2264 426 687 1116 
406 1205 232 1030 1033 0 380 517 960 1198 866 965 272 
681 1510 400 753 745 541 0 258 1312 1557 615 612 547 
797 1681 516 668 686 594 257 0 1397 1707 534 626 663 
1204 1333 946 1894 1909 1142 1184 1390 0 1380 1782 1769 1050 
1436 139 1141 2097 2117 1337 1364 1570 1314 0 1961 1956 1267 
1079 2122 851 272 413 829 594 566 1751 2091 0 301 992 
1309 2234 1006 146 641 1052 614 748 1895 2208 254 0 1116 
343 1444 388 1177 1203 396 536 673 1170 1390 1075 1121 0 
0 1837 670 1546 1570 590 1016 1151 1360 1752 1437 1467 450 
1454 0 1198 2188 2204 1338 1643 1732 1451 147 2055 2103 1301 
544 1672 0 1149 1159 182 744 719 1227 1604 1032 1070 453 
1360 2681 1258 0 698 1117 853 784 2158 2642 255 196 1399 
1459 2681 1331 750 0 1190 998 835 2219 2673 459 842 1472 
443 1499 242 1205 1217 0 562 696 1057 1426 1096 1126 271 
701 1794 410 813 911 592 0 304 1339 1726 756 657 529 
996 2091 698 823 837 875 399 0 1626 2063 701 750 817 
1261 1690 1023 2001 2037 1163 1462 1557 0 1622 1868 1916 1108 
1533 207 1277 2250 2280 1417 1722 1828 1541 0 2117 2165 1380 
1265 2497 1112 413 478 1033 710 683 2037 2489 0 415 1245 
1395 2497 1068 229 777 1190 667 863 1974 2489 334 0 1201 
480 1690 468 1442 1466 650 788 937 1227 1622 1333 1363 0 
0 1585 606 1415 1423 557 807 1035 1324 1670 1284 1375 427 
1501 0 1203 2060 2104 1320 1502 1735 1464 196 1944 1990 1360 
499 1443 0 943 958 133 560 578 1133 1528 820 885 417 
1336 2200 1071 0 735 969 919 831 2044 2313 276 191 1247 
1336 2227 1096 821 0 996 947 854 2054 2340 568 926 1272 
518 1326 226 1108 1124 0 427 651 1043 1349 969 1062 284 
823 1596 459 843 916 592 0 415 1367 1681 741 757 589 
966 1700 592 771 813 603 329 0 1500 1785 649 714 722 
1232 1443 981 1868 1888 1098 1300 1513 0 1528 1720 1812 1102 
1551 202 1253 2119 2174 1370 1552 1785 1503 0 2005 2049 1410 
1197 2052 921 408 572 807 776 679 1893 2153 0 478 1123 
1415 2342 1165 227 824 1093 824 951 2148 2446 365 0 1341 
432 1467 451 1318 1352 584 652 876 1218 1552 1187 1278 0 
0 1612 623 1309 1354 531 863 944 1406 1626 1164 1252 464 
1417 0 1158 1994 2079 1276 1418 1616 1472 178 1916 1960 1341 
485 1476 0 830 911 120 576 503 1241 1490 714 786 393 
1277 2079 1023 0 746 960 903 741 1954 2131 298 187 1207 
1328 2143 1072 788 0 985 912 784 1986 2191 518 876 1256 
484 1315 216 1040 1066 0 456 662 1101 1355 880 956 273 
800 1649 448 894 928 568 0 388 1472 1663 778 737 589 
954 1797 597 776 860 708 337 0 1606 1804 660 732 738 
1276 1476 984 1828 1895 1102 1264 1462 0 1490 1703 1791 1200 
1582 202 1323 2178 2225 1441 1583 1781 1600 0 2081 2141 1506 
1123 1988 887 373 526 843 757 614 1868 2025 0 428 1079 
1420 2218 1171 279 911 1083 751 889 2073 2318 446 0 1355 
419 1476 399 1206 1276 519 639 845 1255 1490 1061 1149 0 
0 1429 509 1286 1314 511 754 947 1319 1546 1166 1220 352 
1455 0 1139 1999 1995 1242 1413 1596 1471 161 1874 1925 1260 
456 1307 0 893 929 134 578 516 1116 1422 794 839 397 
1307 2187 1056 0 733 1005 854 830 2024 2245 262 197 1184 
1360 2340 1149 749 0 1125 997 925 2062 2377 554 888 1277 
461 1175 199 1071 1081 0 444 649 986 1255 962 1005 263 
720 1501 400 855 917 534 0 365 1343 1618 796 742 522 
924 1679 600 786 835 659 344 0 1558 1796 687 732 722 
1282 1429 954 1779 1823 1057 1270 1453 0 1546 1659 1713 1087 
1568 183 1254 2109 2171 1357 1528 1711 1589 0 1998 2041 1373 
1142 2053 923 412 552 874 730 702 1863 2144 0 370 1049 
1307 2192 1061 171 806 1014 699 859 2024 2245 291 0 1189 
408 1356 409 1256 1273 543 654 859 1228 1473 1136 1190 0 
0 1459 564 1195 1245 454 758 857 1279 1504 1123 1141 341 
1406 0 1151 1981 2002 1251 1423 1577 1401 156 1850 1910 1246 
402 1247 0 814 874 89 476 482 1114 1309 713 766 324 
1196 2170 1011 0 641 892 921 783 1878 2204 321 168 1130 
1299 2335 1111 712 0 1010 958 875 2012 2376 541 798 1224 
404 1173 193 960 1021 0 387 612 1008 1239 857 912 235 
711 1580 426 817 915 515 0 397 1310 1625 728 676 542 
947 1793 647 760 820 680 415 0 1527 1842 659 712 763 
1229 1340 954 1750 1800 1054 1267 1421 0 1391 1678 1696 1069 
1430 195 1175 2004 2052 1275 1447 1601 1401 0 1888 1933 1270 
1088 2041 868 362 465 758 766 649 1747 2057 0 348 1003 
1275 2263 1102 190 798 986 744 867 1970 2318 405 0 1215 
359 1309 363 1137 1173 452 557 782 1199 1357 1073 1083 0 
0 1484 560 1232 1316 456 836 883 1325 1588 1124 1180 342 
1533 0 1249 2126 2221 1368 1534 1699 1526 173 2068 2068 1326 
457 1325 0 874 960 123 617 531 1166 1434 775 816 408 
1293 2277 1061 0 689 1004 863 821 2087 2283 329 165 1162 
1343 2348 1101 708 0 1055 943 861 2120 2347 608 806 1202 
471 1193 224 1073 1124 0 494 690 1040 1305 924 1021 285 
812 1581 483 866 976 606 0 354 1433 1685 772 751 626 
947 1731 632 753 826 650 380 0 1570 1844 654 695 775 
1242 1357 941 1810 1880 1060 1239 1404 0 1468 1694 1750 1027 
1569 190 1285 2149 2247 1404 1570 1735 1551 0 2108 2091 1362 
1108 2096 875 436 499 814 747 645 1893 2160 0 414 1001 
1404 2348 1129 235 852 1077 703 897 2120 2347 405 0 1230 
375 1359 374 1191 1289 497 644 840 1224 1468 1083 1139 0 
0 1442 545 1311 1387 567 797 973 1288 1554 1217 1256 367 
1465 0 1209 2083 2124 1341 1481 1716 1449 173 1984 2054 1300 
442 1347 0 928 980 140 609 594 1166 1463 808 864 433 
1311 2198 1047 0 717 975 887 832 2030 2276 326 203 1167 
1426 2282 1125 738 0 1034 984 922 2068 2348 575 871 1245 
490 1209 217 1071 1139 0 469 639 1020 1299 969 1016 293 
789 1569 466 830 970 606 0 337 1421 1681 765 693 592 
889 1676 566 802 846 689 401 0 1510 1788 682 738 692 
1258 1354 991 1894 1924 1123 1285 1512 0 1466 1783 1879 1093 
1525 170 1269 2153 2197 1401 1541 1776 1539 0 2050 2124 1360 
1185 2128 944 401 550 904 745 746 1899 2204 0 442 1085 
1385 2265 1125 196 815 1020 726 922 2068 2343 409 0 1245 
393 1354 385 1229 1283 525 637 807 1184 1466 1135 1174 0 
0 1591 614 1431 1368 546 802 995 1391 1671 1286 1398 374 
1480 0 1256 2269 2283 1391 1480 1722 1479 204 2195 2125 1335 
499 1426 0 969 958 150 573 558 1191 1506 843 944 414 
1333 2341 1093 0 755 1016 925 828 2042 2366 266 254 1228 
1413 2362 1165 722 0 1100 947 847 2136 2407 531 886 1300 
461 1260 235 1146 1088 0 423 685 1036 1349 1022 1072 264 
780 1595 457 808 905 607 0 432 1410 1675 701 669 583 
924 1725 598 814 802 700 411 0 1539 1811 692 761 724 
1292 1490 1034 2068 2016 1169 1258 1500 0 1570 1940 1913 1147 
1535 151 1311 2332 2320 1446 1535 1777 1543 0 2268 2188 1390 
1207 2180 973 426 520 873 740 700 1953 2225 0 381 1113 
1348 2341 1100 160 778 1049 698 851 2042 2366 289 0 1235 
445 1454 396 1325 1254 546 584 846 1238 1534 1180 1222 0 
0 1639 689 1721 1687 529 963 1150 1483 1724 1543 1583 374 
1936 0 1894 2752 2887 2004 2004 2223 1766 225 2718 2580 1728 
487 1543 0 1242 1174 99 660 696 1362 1646 1068 1144 418 
1490 2381 1289 0 705 1131 824 922 2191 2451 271 182 1541 
1490 2526 1289 749 0 1131 977 898 2321 2596 556 898 1541 
546 1442 386 1367 1428 0 561 811 1269 1545 1286 1229 319 
981 1639 586 811 1006 685 0 407 1483 1742 752 659 741 
1053 1913 667 892 813 685 424 0 1721 1953 770 800 822 
1363 1442 1284 2221 2231 1427 1442 1655 0 1545 2199 2070 1173 
1742 151 1692 2535 2746 1840 1824 2050 1601 0 2513 2384 1552 
1385 2381 1180 477 532 1028 792 825 2191 2451 0 529 1432 
1599 2307 1219 204 768 1242 652 966 2070 2377 334 0 1471 
461 1465 521 1504 1570 610 696 949 1282 1568 1410 1366 0 
0 1539 697 1609 1695 558 866 1111 1405 1576 1494 1449 355 
1804 0 1640 2459 2495 1739 1761 1983 1640 149 2327 2313 1698 
494 1539 0 1247 1158 124 653 640 1379 1576 1071 1142 504 
1401 2289 1248 0 636 1096 817 845 2177 2384 252 176 1371 
1382 2244 1192 628 0 1077 845 770 2097 2339 473 747 1315 
538 1416 418 1284 1342 0 529 704 1295 1453 1167 1124 380 
924 1575 541 772 905 665 0 287 1464 1612 748 633 764 
996 1734 629 852 814 705 296 0 1586 1771 770 773 852 
1343 1266 1197 2023 2089 1296 1294 1534 0 1303 1869 1845 1239 
1744 150 1582 2406 2438 1681 1703 1929 1561 0 2274 2260 1640 
1297 2173 1129 394 458 994 674 732 2060 2268 0 379 1252 
1469 2244 1174 171 714 1164 647 867 2089 2339 308 0 1297 
419 1366 507 1389 1445 631 618 793 1234 1403 1274 1229 0 
0 1467 560 1275 1296 439 775 856 1303 1517 1147 1245 381 
1447 0 1218 2034 2042 1306 1485 1627 1465 138 1890 2007 1309 
354 1191 0 979 974 89 482 494 1058 1281 796 939 346 
1111 1924 930 0 588 823 721 651 1781 1980 222 177 1059 
1147 1947 985 588 0 868 726 696 1845 2008 403 661 1087 
482 1112 199 1130 1098 0 393 530 972 1202 966 978 257 
758 1467 416 756 779 505 0 279 1311 1517 615 612 533 
853 1540 529 744 733 588 275 0 1459 1590 563 695 646 
1145 1241 921 1721 1733 1009 1188 1330 0 1324 1593 1691 1023 
1380 139 1151 1950 1965 1239 1418 1560 1400 0 1834 1924 1242 
984 1753 810 300 401 696 594 524 1636 1804 0 301 930 
1164 1963 1000 156 652 887 623 715 1845 2045 286 0 1108 
367 1336 393 1275 1296 445 587 724 1188 1386 1147 1185 0 
0 1333 496 1095 1101 374 704 737 1181 1391 954 1100 334 
1253 0 1025 1843 1874 1115 1260 1399 1275 138 1701 1841 1134 
352 1147 0 800 790 88 471 438 1022 1205 649 758 341 
1110 1877 923 0 588 819 729 655 1756 1942 215 146 1077 
1146 1924 983 588 0 855 720 691 1786 1969 403 670 1089 
428 1063 197 958 944 0 383 520 945 1102 801 912 263 
747 1378 421 754 719 509 0 258 1245 1436 615 626 582 
735 1475 500 670 660 471 257 0 1372 1533 519 628 661 
1097 1224 883 1695 1733 990 1123 1262 0 1282 1562 1700 1000 
1296 139 1072 1887 1915 1162 1307 1446 1325 0 1748 1899 1177 
966 1741 785 316 404 680 590 516 1627 1799 0 306 954 
1146 1924 953 146 621 851 614 687 1786 1969 247 0 1089 
343 1193 346 1095 1095 367 532 669 1075 1251 942 1100 0 
0 1333 484 1052 1143 375 717 738 1186 1376 968 1030 349 
1253 0 1023 1744 1817 1111 1260 1397 1274 138 1647 1722 1134 
352 1133 0 757 815 88 479 438 993 1175 640 778 316 
1109 1877 920 0 606 820 729 674 1737 1936 241 149 1028 
1146 1924 952 588 0 850 716 703 1767 1941 432 710 1056 
437 1047 198 920 981 0 391 528 918 1089 796 941 228 
692 1343 379 738 737 467 0 258 1226 1386 615 612 483 
735 1464 490 653 711 471 257 0 1321 1507 536 674 594 
1131 1224 875 1603 1674 963 1123 1260 0 1253 1506 1581 1000 
1296 149 1070 1791 1868 1158 1307 1444 1311 0 1694 1769 1177 
947 1698 753 275 397 658 567 512 1568 1741 0 329 857 
1146 1924 982 157 667 865 614 719 1786 1972 286 0 1068 
346 1193 338 1050 1138 367 531 668 1059 1232 960 1023 0 
