11
10
5400
0
2234
2224
2425
2560
1991
2333
1951
2310
1829
2005
0 558 858 672 1093 648 538 395 889 604 1105 
560 0 1187 815 1413 621 408 671 502 499 740 
457 744 0 824 711 859 575 145 1080 809 1291 
636 863 1231 0 1455 552 948 710 1062 753 784 
1098 1402 638 1481 0 1506 1223 783 1721 1457 1953 
644 694 1343 557 1568 0 847 829 557 280 498 
539 413 1046 975 1340 865 0 544 713 743 931 
401 688 489 768 708 803 519 0 1028 753 1220 
955 506 1580 1051 1844 557 745 1064 0 640 559 
605 571 1246 750 1467 279 724 725 640 0 666 
1133 1033 1729 784 1993 498 1184 1213 588 666 0 
0 762 1040 850 1417 818 678 522 1210 806 1384 
781 0 1397 1070 1713 809 438 875 507 690 780 
565 945 0 1060 1033 1205 662 149 1332 1069 1554 
1088 1513 1673 0 2003 632 1591 1165 1315 1042 851 
1460 1917 834 1911 0 2043 1618 1011 2252 1945 2413 
1006 906 1558 628 1906 0 1089 1050 698 383 510 
645 430 1138 1225 1471 1014 0 603 766 981 981 
514 880 502 1005 1033 1140 613 0 1290 1013 1512 
1134 506 1851 1237 2200 591 768 1310 0 665 567 
844 737 1397 883 1713 302 929 872 715 0 732 
1369 850 2044 821 2451 498 960 1533 588 697 0 
0 735 996 844 1329 899 763 506 1112 872 1367 
711 0 1260 1044 1552 869 538 791 629 727 911 
559 869 0 1000 794 1094 633 185 1268 1079 1460 
792 1063 1303 0 1595 755 1157 847 1424 1160 1061 
1289 1584 722 1724 0 1794 1448 907 1954 1845 2195 
933 932 1500 757 1792 0 1124 1029 809 444 618 
681 549 1095 1181 1366 1106 0 613 860 1020 1128 
533 843 522 956 808 1074 607 0 1217 1065 1460 
1160 742 1710 1449 1994 822 988 1239 0 830 745 
980 857 1446 1129 1738 474 1037 975 935 0 936 
1368 1017 1901 1082 2201 675 1146 1428 717 894 0 
0 713 960 832 1248 809 746 499 1088 899 1320 
677 0 1231 964 1557 787 499 766 608 751 867 
558 835 0 939 775 1034 704 157 1200 1085 1417 
853 1034 1339 0 1665 797 1219 880 1391 1095 1026 
1281 1586 713 1654 0 1758 1406 870 1946 1748 2177 
824 919 1468 738 1794 0 1104 1015 753 468 598 
642 578 1034 1080 1346 1085 0 579 887 1004 1167 
499 776 490 871 740 941 645 0 1135 1004 1330 
1157 687 1672 1389 1995 828 961 1219 0 953 744 
855 814 1363 1047 1689 387 1021 919 914 0 893 
1312 971 1846 986 2162 619 1093 1386 737 953 0 
0 622 875 756 1155 735 622 439 1015 756 1259 
682 0 1206 939 1524 773 519 759 631 742 842 
504 793 0 917 756 997 600 152 1218 968 1448 
717 949 1234 0 1552 680 1071 794 1338 968 1055 
1203 1483 679 1564 0 1665 1326 831 1916 1598 2090 
818 827 1442 674 1760 0 1019 973 817 411 597 
668 510 1052 1052 1327 1087 0 606 853 968 1105 
440 729 487 851 742 926 536 0 1105 942 1351 
1138 646 1678 1348 2058 791 913 1209 0 796 682 
767 676 1289 993 1607 330 884 838 873 0 850 
1290 994 1824 956 2210 591 1089 1347 769 845 0 
0 735 923 775 1201 873 700 474 1106 841 1273 
740 0 1380 994 1602 846 538 863 647 745 852 
589 964 0 994 731 1103 687 158 1294 1004 1488 
761 1074 1364 0 1586 740 1176 851 1441 1057 1046 
1264 1641 700 1640 0 1754 1430 858 1987 1676 2183 
933 982 1546 736 1784 0 1169 1040 777 438 579 
634 537 1177 1135 1377 1084 0 652 836 963 1046 
534 885 513 954 751 1040 632 0 1232 966 1431 
1165 751 1747 1381 1959 773 927 1241 0 821 677 
829 822 1403 1016 1637 389 985 900 836 0 870 
1335 1074 1905 994 2098 613 1211 1378 761 882 0 
0 770 980 815 1320 850 704 512 1105 889 1298 
760 0 1319 1021 1581 847 507 826 599 771 854 
571 926 0 994 863 1112 624 178 1254 1049 1468 
775 1033 1319 0 1581 745 1150 823 1396 1146 939 
1305 1698 700 1714 0 1803 1393 878 2091 1783 2178 
834 984 1589 773 1891 0 1136 1043 725 430 587 
725 549 1086 1152 1367 1154 0 607 824 1049 1071 
543 893 547 960 926 1081 596 0 1254 1049 1468 
1283 762 1939 1478 2210 791 970 1378 0 874 664 
869 865 1465 1100 1727 391 1049 919 792 0 882 
1335 1410 1963 1036 2221 606 1493 1415 714 932 0 
0 940 1213 883 1424 928 619 654 1299 936 1296 
878 0 1661 1227 1945 990 518 1017 600 846 1004 
933 1272 0 1324 774 1427 815 176 1614 1292 1883 
797 1253 1659 0 1945 630 1238 1069 1280 982 906 
1885 2281 1043 2264 0 2355 1854 1215 2639 2458 2835 
862 1046 1749 744 2061 0 1141 1109 768 374 571 
718 526 1213 1287 1442 1256 0 824 969 1147 1301 
852 1194 534 1287 789 1335 787 0 1536 1209 1795 
1237 652 1944 1463 2198 804 793 1298 0 851 680 
899 830 1654 1089 1925 395 897 1011 756 0 766 
1332 1296 2212 1007 2484 565 1478 1570 735 809 0 
0 740 894 704 1155 759 572 415 1077 708 1190 
646 0 1208 849 1426 723 417 699 506 575 798 
499 938 0 849 764 950 600 148 1254 936 1341 
709 1079 1243 0 1481 559 1054 762 1062 839 833 
1180 1524 705 1557 0 1660 1325 853 1859 1601 2042 
765 737 1377 583 1615 0 871 915 566 280 542 
563 413 1054 1007 1286 935 0 563 774 770 1051 
437 864 506 787 782 887 538 0 1225 871 1317 
1033 516 1544 1172 1782 606 757 1074 0 640 559 
710 630 1267 844 1505 307 764 780 640 0 681 
1174 1053 1723 811 2021 498 1210 1253 596 666 0 
0 558 842 668 1155 648 538 401 889 604 1105 
572 0 1120 825 1382 637 411 682 502 515 748 
465 750 0 825 730 916 576 144 1081 810 1294 
685 908 1198 0 1446 552 1013 756 1062 824 784 
1098 1413 633 1476 0 1508 1223 777 1734 1467 1953 
662 699 1288 557 1536 0 852 848 557 280 498 
539 413 996 970 1286 868 0 537 713 746 931 
410 695 468 770 720 860 521 0 1035 755 1220 
965 513 1508 1093 1756 557 757 1076 0 640 564 
639 576 1198 816 1426 279 729 725 640 0 666 
1171 842 1673 821 1925 498 941 1241 588 666 0 
