15
10
5400
0
2234
2224
2425
2560
1991
2333
1951
2310
1829
2005
2090
2463
2174
2690
0 551 1952 1786 1532 1143 1163 1123 1723 1996 1271 1134 488 563 1558 
562 0 2130 1986 1762 1352 1366 1332 1921 2167 1474 1337 695 500 1751 
2126 2267 0 266 1984 1259 1363 1334 630 1534 1344 2159 1948 2448 1343 
2217 2358 266 0 1984 1120 1224 1195 499 1400 1205 2215 2019 2539 1218 
1523 1689 1771 1627 0 1000 1083 966 1564 1868 1165 1519 1298 1888 1399 
1271 1420 971 807 1043 0 228 165 744 1079 301 1315 1048 1602 626 
1228 1377 1052 876 1141 227 0 123 813 1079 118 1289 1003 1559 651 
1215 1364 1052 883 1021 167 125 0 820 1109 225 1259 993 1546 702 
1866 2064 619 475 1655 748 852 823 0 1047 833 1880 1655 2245 856 
2092 2242 1419 1275 1911 1032 1084 1107 1041 0 980 2111 1893 2423 470 
1366 1515 995 851 1227 309 118 227 788 968 0 1397 1124 1697 544 
1119 1232 1981 1838 1576 1248 1217 1194 1773 2045 1325 0 694 1414 1608 
465 606 1820 1674 1414 1037 1062 1023 1611 1873 1170 679 0 743 1446 
545 482 2165 2021 1762 1390 1402 1370 1980 2213 1510 1362 732 0 1789 
1755 1947 1073 938 1532 678 636 703 865 449 532 1774 1553 2152 0 
0 692 2395 2233 1786 1495 1435 1363 2268 2495 1561 1382 637 636 1953 
691 0 2644 2482 2039 1718 1695 1623 2517 2768 1823 1571 860 723 2226 
2533 2712 0 266 2192 997 1042 1100 630 1545 1107 2447 2235 3033 1074 
2390 2566 266 0 2039 851 896 919 499 1421 969 2245 2092 2859 954 
1789 1975 2107 1945 0 1256 1344 1233 2001 2254 1453 1695 1498 2239 1712 
1557 1714 1052 863 1242 0 239 190 809 1114 328 1444 1266 2065 665 
1480 1637 1081 938 1288 227 0 124 866 1084 118 1346 1189 1955 663 
1480 1637 1124 980 1193 219 126 0 943 1157 243 1346 1189 1955 739 
2390 2566 622 478 2004 825 870 892 0 1084 939 2198 2092 2859 870 
2556 2800 1435 1273 2243 1082 1049 1122 1078 0 982 2447 2258 3033 439 
1557 1714 1052 895 1392 311 118 242 841 968 0 1453 1266 2065 551 
1413 1570 2359 2197 1764 1459 1435 1363 2232 2490 1561 0 787 1910 1948 
718 769 2344 2182 1709 1423 1357 1285 2217 2435 1483 817 0 1130 1893 
577 537 2771 2582 2123 1786 1763 1691 2617 2883 1886 1609 877 0 2326 
2194 2370 1115 963 1911 731 653 715 943 447 565 2059 1838 2657 0 
0 688 2160 1997 1740 1328 1438 1368 2010 2336 1633 1313 593 742 1765 
677 0 2363 2200 1967 1551 1646 1591 2225 2533 1855 1531 822 717 1961 
2387 2507 0 345 2144 1167 1310 1260 961 1895 1308 2429 2135 2768 1308 
2164 2284 300 0 1940 910 1126 1072 708 1618 1133 2176 1873 2541 1106 
1891 2074 2185 2022 0 1355 1524 1395 2042 2383 1662 1949 1640 2280 1816 
1421 1596 1151 971 1226 0 352 245 961 1297 430 1403 1158 1731 762 
1515 1690 1254 1048 1364 313 0 134 1026 1269 171 1525 1252 1829 787 
1447 1622 1254 1048 1274 233 159 0 1006 1321 297 1438 1184 1757 814 
2164 2284 802 606 1940 910 1126 1072 0 1320 1133 2176 1873 2541 1106 
2483 2603 1735 1524 2292 1317 1312 1337 1474 0 1190 2545 2231 2892 526 
1725 1916 1372 1161 1592 486 244 344 1167 1176 0 1730 1462 2121 715 
1268 1443 2160 1997 1740 1328 1438 1368 2010 2336 1633 0 815 1578 1765 
573 755 2029 1856 1599 1205 1339 1245 1880 2196 1512 933 0 1009 1643 
662 662 2414 2251 2034 1610 1705 1650 2276 2584 1899 1567 878 0 2012 
2097 2210 1386 1175 1886 869 808 879 1167 557 648 2120 1824 2467 0 
0 631 2187 1989 1746 1287 1503 1371 1972 2291 1638 1308 601 689 1758 
665 0 2389 2191 1949 1474 1645 1558 2163 2483 1818 1485 795 627 1965 
2294 2391 0 325 2108 1148 1274 1262 847 1782 1297 2268 2050 2640 1227 
2042 2140 428 0 1848 910 1081 1050 629 1551 1079 2047 1820 2389 996 
1826 1899 2065 1881 0 1178 1444 1262 1840 2172 1529 1765 1556 2159 1635 
1447 1497 1174 1021 1204 0 385 265 1001 1360 486 1385 1180 1763 798 
1578 1628 1237 1068 1320 293 0 155 1049 1267 196 1535 1311 1966 782 
1447 1497 1242 1073 1223 210 183 0 1049 1380 326 1406 1180 1763 859 
2209 2306 980 746 2025 1071 1189 1177 0 1474 1212 2188 1965 2555 1131 
2327 2424 1557 1388 2123 1202 1314 1302 1351 0 1189 2289 2083 2673 549 
1748 1798 1287 1118 1516 479 236 377 1075 1144 0 1690 1481 2097 673 
1323 1373 2259 2061 1818 1367 1558 1449 2046 2356 1718 0 870 1639 1838 
613 674 2015 1838 1597 1178 1380 1241 1787 2135 1529 922 0 926 1583 
661 625 2441 2243 2025 1543 1714 1627 2215 2556 1867 1555 864 0 2038 
1954 2037 1174 1021 1722 799 773 793 1001 537 623 1915 1708 2281 0 
0 648 2042 1880 1686 1196 1370 1298 1894 2159 1435 1211 578 680 1628 
731 0 2415 2253 2122 1576 1750 1640 2242 2516 1823 1541 953 729 1999 
2267 2391 0 344 2041 1085 1181 1225 741 1645 1184 2292 2066 2624 1150 
2113 2239 298 0 1853 943 1034 1062 577 1490 1016 2072 1873 2472 995 
1734 1899 1981 1808 0 1127 1301 1232 1789 2059 1366 1703 1592 2139 1555 
1357 1512 1131 980 1208 0 329 208 889 1248 437 1322 1215 1750 743 
1447 1602 1220 1040 1348 319 0 153 981 1221 230 1386 1305 1855 742 
1433 1588 1252 1072 1258 235 166 0 1020 1298 305 1386 1291 1855 815 
2115 2239 822 632 1955 965 1063 1107 0 1276 1069 2104 1933 2472 1050 
2372 2496 1657 1477 2292 1289 1241 1322 1263 0 1125 2461 2171 2755 600 
1622 1777 1252 1072 1495 464 241 383 1020 1119 0 1591 1480 2049 617 
1206 1361 2142 1980 1759 1307 1481 1372 1986 2239 1546 0 937 1599 1724 
585 699 1961 1774 1577 1108 1282 1213 1761 2023 1347 769 0 925 1527 
663 634 2415 2253 2122 1576 1750 1640 2242 2516 1823 1550 965 0 1999 
1975 2093 1252 1072 1781 884 728 859 1050 527 646 1933 1816 2326 0 
0 614 2198 2032 1730 1363 1433 1397 2068 2441 1612 1291 566 719 1867 
670 0 2435 2269 1964 1566 1673 1600 2260 2631 1805 1483 796 650 2057 
2303 2405 0 333 2186 1206 1358 1351 855 1890 1341 2316 2056 2644 1337 
2080 2159 280 0 1964 989 1098 1106 638 1568 1092 2069 1833 2398 1064 
1624 1899 2015 1866 0 1170 1277 1204 1869 2237 1431 1678 1439 1976 1681 
1425 1667 1213 1013 1279 0 299 223 1000 1308 393 1457 1240 1770 823 
1389 1631 1223 1023 1430 307 0 156 1021 1214 196 1430 1204 1734 780 
1352 1594 1309 1109 1313 270 150 0 1075 1273 294 1430 1167 1697 845 
2080 2159 795 622 1964 969 1083 1097 0 1323 1075 2069 1833 2398 1064 
2451 2553 1772 1572 2336 1326 1316 1333 1365 0 1170 2454 2204 2803 563 
1541 1783 1254 1054 1507 403 168 315 1045 1127 0 1595 1356 1887 608 
1213 1455 2229 2063 1769 1388 1495 1412 2068 2475 1649 0 843 1558 1901 
549 658 2077 1911 1591 1240 1334 1268 1903 2295 1501 806 0 925 1730 
677 649 2543 2377 2127 1690 1797 1724 2368 2706 1939 1585 889 0 2130 
2031 2144 1361 1161 1961 845 719 806 1174 576 599 2050 1806 2383 0 
0 699 2286 2168 1760 1301 1428 1333 2096 2438 1510 1296 557 671 1922 
679 0 2516 2398 1970 1546 1669 1578 2326 2666 1755 1509 803 641 2206 
2567 2636 0 366 2389 1557 1589 1629 758 1806 1597 2507 2273 2891 1668 
2672 2831 353 0 2419 1497 1529 1569 562 1608 1537 2662 2428 3079 1558 
1790 1899 2177 2059 0 1195 1322 1227 1988 2320 1404 1779 1556 2140 1810 
1434 1511 1221 1003 1246 0 295 220 983 1297 395 1435 1200 1771 836 
1497 1574 1221 1026 1366 354 0 151 983 1162 174 1522 1263 1856 737 
1497 1574 1284 1078 1266 274 165 0 1047 1270 299 1462 1263 1856 819 
2379 2461 765 617 2143 1119 1169 1209 0 1316 1177 2364 2098 2681 1240 
2550 2619 1714 1508 2298 1347 1217 1337 1355 0 1099 2490 2256 2891 561 
1672 1749 1233 1026 1481 446 218 317 1001 1079 0 1661 1438 2068 635 
1286 1363 2353 2235 1796 1363 1490 1395 2163 2472 1572 0 806 1623 1956 
602 739 2177 2059 1615 1195 1322 1227 1988 2320 1404 814 0 950 1810 
683 694 2652 2534 2090 1646 1769 1678 2462 2774 1862 1586 875 0 2329 
2171 2247 1303 1097 1881 865 772 829 1080 506 664 2073 1860 2467 0 
0 666 2868 2823 2162 1709 1648 1611 2575 2768 1774 1566 714 619 2315 
704 0 3260 3098 2504 2098 1980 1967 2972 3083 2098 1833 1203 528 2641 
2628 2742 0 267 2435 1474 1546 1592 740 1737 1552 2625 2401 2877 1599 
2628 2742 266 0 2712 1324 1396 1442 586 1598 1402 2625 2401 2877 1460 
1844 1932 2441 2301 0 1168 1280 1201 1999 2267 1351 1860 1627 2096 1825 
1589 1666 1245 1095 1270 0 245 187 958 1295 325 1656 1361 1845 827 
1415 1492 1346 1196 1429 268 0 135 1110 1171 123 1505 1187 1654 691 
1396 1473 1435 1285 1429 269 155 0 1166 1271 245 1479 1168 1635 787 
2388 2487 814 675 2269 881 960 990 0 1164 950 2380 2161 2639 1105 
2651 2790 1698 1548 2712 1331 1271 1317 1220 0 1192 2648 2424 2889 576 
1553 1630 1435 1285 1520 356 146 243 1129 1079 0 1620 1325 1792 584 
1247 1324 2710 2630 1834 1488 1433 1388 2377 2545 1559 0 806 1486 2109 
590 649 2626 2469 1690 1365 1334 1303 2216 2452 1460 767 0 807 2003 
598 575 3305 3143 2634 2156 2068 2024 3026 3160 2186 1900 1222 0 2725 
2273 2372 1537 1387 2269 805 727 803 1086 590 653 2244 2046 2524 0 
0 556 2067 1923 1574 1294 1231 1208 1843 2136 1339 1167 516 595 1655 
622 0 2430 2286 1949 1621 1599 1576 2220 2498 1707 1543 854 500 2039 
2331 2390 0 266 2041 1292 1370 1367 690 1525 1351 2286 2068 2527 1351 
2294 2353 266 0 2029 1146 1224 1221 566 1450 1205 2286 2031 2490 1229 
1622 1763 2007 1863 0 1145 1235 1132 1788 2096 1317 1675 1431 1905 1601 
1312 1453 1052 908 1084 0 228 165 899 1188 301 1326 1121 1593 713 
1312 1453 1091 950 1186 227 0 123 922 1079 118 1326 1121 1593 651 
1231 1372 1101 958 1129 167 125 0 922 1140 225 1289 1054 1512 721 
1879 2027 619 475 1670 760 864 835 0 1047 845 1917 1668 2159 900 
2163 2222 1472 1328 1921 1075 1084 1134 1041 0 980 2145 1900 2359 502 
1385 1526 1073 938 1272 309 118 227 922 968 0 1415 1194 1666 544 
1181 1322 2084 1940 1596 1294 1255 1232 1871 2160 1363 0 770 1462 1676 
503 599 1952 1780 1459 1127 1080 1056 1709 1996 1188 699 0 737 1522 
546 482 2440 2296 1984 1641 1619 1596 2230 2534 1727 1583 894 0 2075 
1779 1931 1167 1023 1617 726 635 702 950 483 531 1833 1588 2062 0 
0 553 1952 1782 1528 1143 1163 1123 1719 1979 1271 1167 484 563 1558 
562 0 2139 1995 1713 1351 1365 1331 1929 2201 1473 1346 691 500 1767 
1976 2113 0 266 1854 910 1016 985 632 1452 998 2034 1769 2326 1046 
1844 2027 266 0 1691 778 882 853 501 1316 863 1874 1638 2194 910 
1496 1641 1820 1673 0 1000 1094 980 1610 1868 1176 1530 1299 1873 1449 
1226 1371 971 807 1129 0 228 165 744 1075 301 1260 1048 1594 617 
1201 1346 1052 876 1175 227 0 123 813 1075 118 1246 1003 1569 651 
1181 1326 1052 883 1093 167 125 0 820 1096 225 1246 993 1549 693 
1818 1962 619 475 1668 749 853 824 0 1034 834 1860 1614 2184 862 
2081 2222 1452 1308 1943 1042 1041 1108 1041 0 937 2103 1860 2435 439 
1312 1457 995 851 1262 309 118 227 788 968 0 1372 1115 1680 544 
1076 1217 1973 1838 1551 1192 1191 1168 1763 2009 1299 0 677 1440 1602 
456 599 1835 1687 1412 1026 1031 1003 1624 1873 1139 703 0 736 1463 
545 482 2179 2035 1758 1385 1402 1365 1988 2232 1510 1373 728 0 1806 
1715 1890 1091 950 1592 692 633 700 879 426 529 1749 1518 2091 0 
