55
5
10800
0
545
410
592
493
453
520
473
393
474
569
471
503
497
481
547
398
564
375
459
408
418
411
566
367
451
595
366
447
510
569
505
398
423
400
453
479
437
519
563
434
575
391
546
473
567
551
397
545
524
559
379
412
475
505
0 1769 372 389 885 268 1579 1315 780 970 895 1027 814 893 484 857 813 763 502 1591 620 1859 598 687 17 692 160 515 947 807 517 1549 1724 598 1471 2010 549 1311 830 1127 1873 833 1264 655 668 1906 991 419 744 1186 1058 867 129 658 401 
1507 0 1376 1258 700 1389 1106 843 1351 1503 1947 1238 1363 1106 1190 844 1085 1059 1232 1118 1026 319 1762 1747 1524 1901 1548 1711 806 1047 1644 1076 188 1122 986 445 1141 511 1039 1240 333 1120 786 1068 1755 366 1872 1314 1217 757 1591 840 1411 1785 1555 
370 1681 0 430 796 233 1488 1224 821 1027 949 917 855 781 274 734 798 481 161 1500 661 1767 630 490 378 792 444 594 856 623 566 1458 1636 639 1380 1878 469 1223 540 1005 1781 833 1173 571 717 1817 1049 212 785 1100 1115 778 274 707 483 
610 1325 595 0 496 492 1194 934 418 581 1017 663 430 532 536 601 424 639 619 1206 231 1411 861 1017 627 1001 663 815 556 486 759 1164 1280 209 1086 1519 424 920 718 756 1425 444 867 301 822 1458 949 536 355 796 669 478 514 900 664 
861 892 749 624 0 743 795 545 716 858 1313 603 728 472 563 144 440 408 605 807 397 1029 1121 1134 878 1254 916 1066 177 404 1012 765 889 486 687 1150 514 541 321 555 1043 475 488 439 1125 1076 1241 687 572 334 965 215 765 1157 920 
265 1716 232 336 832 0 1532 1268 727 921 850 971 761 840 345 804 760 624 370 1544 567 1808 562 701 282 674 339 516 892 754 472 1502 1671 545 1424 1918 496 1258 691 1079 1816 780 1217 602 623 1849 949 280 691 1132 1044 814 169 613 365 
1539 1243 1450 1292 733 1421 0 410 1383 1535 1987 1281 1395 1149 1264 877 1117 1109 1306 12 1058 1329 1794 1830 1556 1937 1580 1743 839 1081 1676 30 1198 1154 366 1437 1202 843 1057 1269 1343 1152 558 1100 1787 1376 1912 1388 1249 629 1623 873 1443 1825 1587 
1385 1077 1267 1142 579 1267 410 0 1227 1379 1830 1143 1239 981 1081 723 955 941 1123 422 900 1171 1640 1638 1402 1773 1426 1589 685 920 1522 380 1040 998 302 1271 1025 689 900 1126 1185 990 373 955 1631 1218 1747 1205 1087 344 1467 719 1289 1663 1433 
801 1672 827 501 773 724 1469 1205 0 554 634 944 175 809 787 878 574 917 851 1481 504 1758 1092 1232 807 1254 743 1047 833 763 462 1439 1627 226 1361 1867 613 1214 975 1035 1772 541 1154 574 450 1813 559 768 420 1073 556 755 746 840 896 
1039 1743 1025 815 858 922 1553 1289 572 0 552 1027 714 894 909 965 694 1002 1034 1565 617 1831 1297 1431 1056 1430 1112 1246 921 848 817 1523 1698 472 1445 1943 825 1285 1081 1127 1848 661 1238 673 716 1881 525 966 540 1168 204 840 943 822 1090 
1024 2175 1103 888 1303 1080 2037 1771 632 552 0 1469 675 1337 1109 1295 1144 1323 1127 2049 1061 2300 1453 1522 1023 1431 944 1263 1403 1245 404 2007 2169 821 1929 2410 977 1767 1346 1561 2314 1111 1720 1077 240 2347 173 1044 990 1603 348 1281 1004 388 1246 
1019 1433 886 761 553 899 1305 1005 895 1090 1482 0 925 299 700 656 523 710 742 1317 576 1519 1275 1258 1036 1408 1072 1224 627 439 1172 1275 1388 665 1197 1627 651 997 789 369 1533 558 943 618 1286 1566 1407 824 655 853 1178 458 924 1313 1068 
831 1672 857 501 773 754 1469 1205 163 674 673 944 0 809 809 878 574 917 881 1481 504 1758 1142 1262 837 1275 773 1084 833 763 494 1439 1627 226 1361 1867 643 1214 1002 1035 1772 541 1154 574 482 1813 598 798 420 1073 648 755 776 872 929 
880 1279 749 624 416 762 1119 858 758 900 1336 358 770 0 563 519 358 573 605 1131 439 1365 1142 1134 897 1275 933 1085 490 302 1036 1089 1234 528 1005 1473 514 854 652 262 1379 393 801 481 1145 1412 1261 687 490 716 1044 321 784 1177 936 
522 1500 273 408 614 303 1305 1073 750 921 1030 730 762 599 0 601 608 328 127 1317 439 1586 793 683 539 906 540 747 674 441 636 1275 1455 544 1197 1694 244 1042 407 823 1600 628 987 340 787 1633 1076 157 690 916 1044 596 426 777 596 
866 1077 736 610 147 748 946 692 813 956 1316 700 825 569 595 0 537 347 617 958 494 1171 1142 1085 883 1275 920 1074 324 501 1036 927 1040 583 834 1271 500 688 235 660 1185 572 635 536 1125 1218 1241 700 669 481 1044 312 770 1157 920 
812 1290 797 566 443 694 1137 885 574 742 1178 497 586 354 610 546 0 671 703 1149 292 1376 1068 1205 829 1229 865 1030 517 400 967 1107 1245 344 1029 1484 527 881 703 590 1390 53 828 375 983 1423 1103 703 159 743 830 348 716 1102 866 
843 1305 523 601 469 624 1194 934 891 1090 1316 785 925 654 369 387 671 0 395 1206 572 1391 1005 858 860 1203 861 1030 540 496 958 1164 1260 661 1086 1499 491 906 241 878 1405 706 851 546 1112 1438 1241 478 803 769 1178 517 747 1102 878 
513 1576 160 482 652 285 1358 1088 873 1027 999 768 886 637 127 603 654 342 0 1370 555 1662 704 564 525 875 522 723 712 479 618 1328 1531 644 1250 1770 369 1118 409 861 1676 689 1024 465 769 1709 1078 209 786 957 1115 634 420 759 578 
1558 1279 1450 1311 745 1440 12 422 1402 1554 2046 1281 1414 1149 1264 889 1117 1109 1306 0 1077 1365 1823 1830 1575 1957 1599 1762 851 1081 1695 42 1234 1173 378 1473 1214 855 1070 1290 1379 1152 570 1119 1806 1412 1976 1388 1249 641 1642 885 1462 1836 1606 
620 1231 605 361 410 502 1106 838 454 640 1051 577 466 446 441 515 292 553 566 1118 0 1317 871 1031 637 1024 673 825 470 400 769 1076 1186 268 986 1425 358 834 632 670 1331 303 781 206 858 1364 976 534 374 710 728 392 524 922 674 
1758 378 1630 1511 950 1640 1358 1109 1602 1754 2205 1483 1614 1351 1444 1094 1319 1308 1486 1370 1277 0 2013 2007 1775 2133 1799 1966 1074 1283 1897 1328 151 1373 1250 216 1395 758 1271 1483 55 1354 1037 1319 2014 88 2130 1568 1451 1004 1865 1094 1662 2037 1814 
502 2041 628 653 1154 565 1891 1622 1051 1247 1234 1303 1085 1171 748 1134 1077 960 693 1903 884 2166 0 337 507 269 634 415 1254 1080 849 1861 2035 862 1778 2276 813 1618 1012 1395 2180 1097 1571 924 1003 2213 1312 683 1013 1454 1335 1132 481 1004 349 
386 1958 535 537 1059 449 1791 1527 931 1161 1119 1173 974 1049 632 1007 965 862 600 1812 768 2071 145 0 391 311 518 299 1159 963 733 1761 1940 746 1683 2193 697 1523 924 1265 2085 985 1476 803 884 2118 1209 567 892 1359 1249 1024 365 874 252 
17 1791 380 400 896 285 1601 1337 791 1027 930 1069 825 906 495 868 824 774 513 1613 631 1878 603 692 0 685 153 508 969 818 527 1571 1746 609 1493 2064 560 1333 841 1130 1892 844 1286 666 678 1925 1012 430 755 1207 1115 878 146 668 406 
657 2173 814 808 1300 720 2037 1768 1207 1430 1363 1469 1241 1337 904 1295 1232 1194 926 2049 1048 2298 280 593 662 0 577 399 1400 1245 996 2007 2167 1049 1929 2408 975 1764 1248 1561 2312 1252 1717 1077 1147 2345 1454 838 1193 1600 1518 1278 636 1121 464 
152 1885 447 464 964 343 1696 1432 743 1090 852 1103 777 975 542 934 888 821 560 1708 695 1986 716 805 147 594 0 417 1064 882 474 1666 1855 673 1588 2120 624 1428 888 1197 2000 909 1381 730 625 2033 949 477 819 1264 1130 943 204 615 514 
413 1990 570 564 1083 476 1822 1551 970 1161 1152 1215 995 1083 659 1035 991 950 677 1834 795 2096 444 638 418 420 417 0 1183 988 760 1785 1965 773 1707 2225 724 1547 1008 1307 2110 1011 1500 830 916 2143 1225 594 928 1383 1249 1061 392 908 302 
1245 715 1130 1010 393 1127 618 368 1091 1247 1683 980 1103 843 935 537 811 779 981 630 768 843 1500 1501 1262 1633 1286 1449 0 775 1382 588 712 857 510 912 885 364 714 953 857 846 311 810 1495 890 1611 1060 955 282 1335 586 1149 1523 1293 
722 1225 592 466 393 604 1084 821 681 823 1178 540 693 402 406 491 426 416 448 1096 362 1311 976 1049 739 1136 775 953 453 0 871 1054 1180 451 986 1419 356 817 495 614 1325 461 764 404 983 1358 1103 530 558 693 965 375 626 1021 776 
642 2041 831 690 1144 783 1878 1612 460 826 404 1279 496 1147 837 1094 1001 1118 855 1890 869 2166 1179 1258 637 1034 547 868 1244 1038 0 1848 2035 642 1768 2276 779 1608 1145 1371 2180 961 1561 885 164 2213 473 772 836 1444 676 1122 663 388 974 
1507 1225 1376 1258 703 1389 30 380 1351 1503 1947 1238 1363 1106 1190 847 1085 1085 1232 42 1026 1311 1762 1747 1524 1901 1548 1711 809 1047 1644 0 1180 1122 336 1419 1141 813 1039 1240 1325 1120 528 1068 1755 1358 1872 1314 1217 599 1591 843 1411 1785 1555 
1610 303 1482 1363 796 1492 1202 942 1454 1606 2051 1327 1466 1195 1296 940 1163 1163 1338 1214 1129 157 1876 1949 1627 1982 1651 1819 914 1127 1747 1172 0 1225 1094 348 1247 607 1119 1327 171 1198 882 1171 1868 204 1976 1420 1295 853 1694 943 1514 1904 1658 
726 1425 711 471 549 608 1305 1005 230 450 825 716 242 585 599 654 350 692 724 1317 308 1511 991 1119 743 1136 745 953 609 539 646 1275 1380 0 1197 1619 516 987 771 809 1525 317 925 364 634 1558 750 652 196 849 538 531 630 1021 780 
1452 1159 1325 1202 647 1334 366 302 1296 1448 1900 1181 1308 1049 1139 791 1013 1006 1181 378 973 1245 1707 1696 1469 1876 1493 1656 753 979 1589 336 1114 1067 0 1353 1085 757 971 1190 1259 1048 472 1018 1700 1292 1849 1263 1145 543 1536 787 1356 1730 1500 
1824 306 1696 1577 1016 1706 1426 1162 1668 1821 2271 1549 1680 1417 1510 1160 1385 1374 1552 1438 1343 216 2067 2069 1841 2187 1865 2032 1140 1349 2001 1396 342 1439 1318 0 1461 817 1337 1549 210 1420 1111 1385 2080 209 2196 1634 1517 1082 1944 1160 1728 2141 1874 
490 1456 461 234 578 372 1305 1013 579 815 944 694 613 563 245 527 580 503 370 1317 365 1542 741 880 507 853 543 695 638 477 639 1275 1411 443 1197 1650 0 997 578 787 1556 615 953 381 749 1589 865 338 589 878 965 560 394 780 544 
1375 616 1245 1114 559 1257 966 702 1208 1360 1796 1097 1220 959 1059 703 928 917 1101 978 880 744 1630 1616 1392 1763 1416 1579 665 888 1512 936 613 979 844 810 997 0 880 1089 758 963 645 924 1612 791 1728 1183 1060 616 1448 699 1279 1653 1423 
869 1279 540 639 324 650 1119 861 933 1090 1347 823 942 692 407 235 695 200 421 1131 610 1365 1012 871 885 1212 887 1030 493 534 996 1089 1234 699 1005 1473 529 857 0 837 1379 730 804 584 1147 1412 1272 504 827 658 1178 470 773 1137 891 
1099 1486 977 841 562 980 1305 1073 983 1161 1568 374 988 262 780 667 602 790 822 1317 656 1572 1353 1340 1116 1486 1154 1302 673 519 1250 1275 1441 745 1197 1680 731 1042 844 0 1586 637 987 698 1374 1619 1493 904 734 883 1249 404 1003 1391 1146 
1770 412 1642 1523 962 1652 1367 1110 1614 1766 2213 1495 1626 1363 1456 1106 1331 1320 1498 1379 1289 55 2035 2034 1787 2155 1816 1974 1086 1295 1913 1337 158 1385 1259 210 1407 765 1283 1495 0 1366 1044 1331 2025 33 2141 1580 1463 1015 1865 1106 1674 2048 1820 
832 1425 817 586 490 714 1202 934 538 706 1151 544 550 401 630 593 65 718 750 1214 312 1511 1084 1231 849 1229 885 1047 564 447 960 1172 1380 308 1094 1619 547 932 750 637 1525 0 875 395 949 1558 1076 723 123 790 794 395 736 1137 886 
1191 843 1060 945 382 1073 607 383 1030 1187 1623 917 1042 779 869 526 747 740 912 619 703 973 1446 1431 1208 1579 1232 1395 488 711 1328 577 840 792 550 1043 820 492 703 916 987 782 0 745 1434 1020 1550 996 879 245 1275 522 1095 1469 1239 
623 1290 560 339 464 505 1154 892 516 682 1087 631 528 500 340 535 374 503 465 1166 205 1376 874 1041 640 1024 676 828 524 454 772 1124 1245 310 1046 1484 257 888 582 724 1390 394 835 0 877 1423 1012 433 456 764 770 446 527 922 677 
775 2041 859 697 1144 823 1878 1612 448 716 240 1279 484 1147 865 1094 988 1122 883 1890 857 2166 1205 1284 781 1191 701 1046 1244 1053 164 1848 2035 630 1768 2276 786 1608 1145 1371 2180 948 1561 873 0 2213 309 800 824 1444 512 1122 760 467 998 
1810 417 1682 1563 1002 1692 1397 1135 1654 1811 2253 1535 1666 1403 1496 1146 1371 1360 1538 1409 1329 88 2067 2069 1827 2187 1851 2020 1126 1335 2001 1367 191 1425 1289 212 1447 798 1323 1535 33 1406 1084 1371 2062 0 2178 1620 1503 1055 1944 1146 1714 2141 1862 
1036 2143 1120 813 1261 1027 2006 1729 557 525 173 1386 600 1254 1091 1212 1095 1240 1144 2018 977 2268 1400 1534 1040 1513 980 1345 1361 1179 473 1976 2137 746 1886 2378 913 1725 1263 1478 2282 1061 1678 1011 309 2315 0 1061 941 1561 321 1239 1027 479 1193 
450 1649 183 441 746 244 1469 1205 832 1027 959 862 858 731 164 702 704 443 207 1481 535 1735 734 602 467 846 481 688 806 573 577 1439 1604 640 1361 1855 340 1191 510 967 1749 724 1154 436 728 1782 1049 0 786 1046 1115 728 354 718 537 
786 1481 771 566 581 668 1305 1073 423 591 1020 635 435 492 659 684 160 752 784 1317 368 1567 1043 1180 803 1203 839 1003 655 538 839 1275 1436 193 1197 1675 576 1042 831 728 1581 127 966 424 827 1614 949 712 0 881 679 486 690 1076 840 
1145 913 1032 911 304 1027 618 343 998 1161 1597 885 1013 754 845 448 722 690 887 630 679 1038 1400 1404 1162 1533 1208 1349 457 686 1304 588 906 768 510 1150 796 556 625 859 1052 757 240 721 1424 1085 1540 973 854 0 1249 497 1049 1445 1193 
1130 1875 1140 911 956 1012 1680 1416 555 204 348 1143 648 995 1002 1061 786 1112 1127 1692 709 1961 1385 1519 1147 1518 1159 1334 1048 950 676 1650 1830 564 1572 2110 919 1412 1191 1235 1975 753 1365 765 512 2008 321 1081 632 1256 0 943 1034 618 1178 
882 1051 770 645 195 764 887 637 737 879 1336 544 749 413 584 298 381 472 626 899 418 1127 1142 1141 899 1275 939 1090 269 345 1036 857 996 507 779 1245 535 633 455 406 1141 416 580 460 1145 1174 1261 708 513 495 1044 0 786 1177 936 
129 1672 276 293 789 172 1488 1224 684 874 859 944 718 797 388 761 717 667 406 1500 524 1758 560 651 146 672 203 514 849 711 481 1458 1627 502 1380 1867 453 1214 734 1021 1772 737 1173 559 632 1813 949 323 648 1092 965 771 0 622 363 
828 2377 1082 1047 1492 974 2248 1973 803 804 370 1617 839 1485 1088 1443 1370 1367 1106 2260 1193 2502 1379 1466 823 1223 733 1055 1592 1393 353 2218 2371 1025 2140 2612 1135 2013 1434 1709 2516 1337 1921 1233 437 2549 461 1023 1216 1792 600 1470 849 0 1172 
412 1990 495 563 1083 475 1822 1551 970 1161 1150 1215 988 1083 658 1035 991 842 580 1834 794 2096 336 439 417 423 513 289 1183 988 759 1785 1965 772 1707 2225 723 1547 899 1307 2110 1011 1500 829 910 2143 1219 593 928 1383 1249 1061 391 900 0 
0 1929 490 518 1103 387 1892 1547 1043 1224 1100 1295 1016 1151 632 1069 1050 1095 699 1904 753 2187 787 835 17 941 171 703 1163 963 574 1862 2015 752 1716 2283 746 1550 1178 1405 2196 1086 1523 868 818 2224 1153 573 930 1436 1303 1078 146 712 515 
1691 0 1638 1362 742 1529 1250 971 1520 1645 2140 1361 1519 1217 1321 939 1198 1302 1392 1269 1197 469 1984 2013 1701 2199 1746 1969 858 1116 1805 1219 295 1205 1077 597 1257 586 1201 1397 488 1237 851 1208 1990 514 2118 1532 1353 875 1728 966 1519 1966 1716 
503 1774 0 546 957 254 1747 1404 1048 1224 1204 1160 1050 1004 396 960 1093 626 266 1766 781 2036 744 535 520 978 606 830 1020 757 707 1716 1864 780 1573 2210 642 1407 755 1251 2045 1105 1380 872 947 2073 1257 309 949 1290 1307 950 373 845 606 
706 1415 674 0 542 619 1395 1073 518 667 1200 746 515 632 681 723 542 787 745 1379 235 1677 1017 1148 723 1202 783 1018 614 541 863 1364 1506 234 1221 1760 484 1068 927 878 1692 577 953 350 1069 1717 1135 622 398 857 746 554 596 1028 770 
1086 1062 915 714 0 922 938 634 929 998 1479 664 938 550 626 214 564 577 674 957 513 1331 1365 1274 1095 1554 1119 1331 187 470 1183 907 1160 562 760 1407 625 636 462 627 1343 634 521 567 1367 1367 1421 831 726 359 1081 294 921 1342 1108 
351 1813 308 424 973 0 1775 1432 957 1125 1119 1213 961 1031 439 1011 974 854 520 1794 659 2066 737 789 368 875 454 733 1048 867 585 1744 1894 658 1601 2210 650 1435 981 1323 2075 1016 1408 774 829 2103 1172 394 822 1306 1208 980 243 723 465 
1755 1377 1703 1427 809 1593 0 628 1584 1709 2187 1465 1583 1321 1386 977 1302 1338 1457 12 1261 1639 2053 2086 1765 2246 1816 2031 931 1188 1878 31 1468 1269 483 1722 1322 1011 1254 1506 1654 1341 640 1272 2061 1679 2170 1596 1417 802 1792 1053 1583 2007 1780 
1551 1223 1493 1228 607 1389 563 0 1380 1505 2080 1220 1379 1083 1176 821 1118 1169 1247 575 1074 1485 1835 1942 1561 2052 1606 1799 723 994 1661 544 1314 1065 388 1568 1123 813 1063 1228 1500 1157 412 1085 1833 1525 2021 1387 1213 436 1588 832 1379 1822 1576 
1133 1785 1101 637 957 988 1758 1415 0 704 783 1213 241 1066 1102 1089 753 1245 1077 1777 638 2055 1425 1514 1141 1614 1096 1391 1031 950 684 1727 1883 333 1584 2210 824 1418 1252 1323 2064 745 1391 768 634 2092 677 1006 561 1290 743 954 984 1161 1168 
1304 1873 1254 1017 1058 1142 1866 1502 704 0 636 1295 938 1151 1215 1171 981 1309 1230 1878 775 2153 1586 1675 1314 1775 1359 1552 1118 1022 1071 1836 1981 702 1671 2227 1084 1505 1385 1405 2162 937 1478 868 820 2190 600 1145 783 1391 240 1042 1132 992 1329 
1199 2416 1231 1142 1556 1179 2377 2034 777 684 0 1760 909 1616 1265 1602 1378 1625 1207 2389 1311 2656 1623 1693 1207 1858 1123 1581 1616 1498 552 2347 2484 1106 2186 2831 1283 2042 1706 1876 2665 1334 1979 1363 287 2693 177 1122 1178 1893 420 1531 1114 492 1366 
1405 1581 1225 1017 743 1243 1563 1220 1240 1350 1851 0 1239 463 922 907 688 1060 979 1582 857 1858 1687 1587 1415 1894 1460 1653 819 682 1515 1532 1672 925 1389 1928 929 1214 1111 456 1864 758 1196 912 1699 1892 1773 1127 870 1084 1433 642 1233 1674 1430 
1175 1785 1122 710 957 1011 1758 1415 217 864 930 1213 0 1066 1121 1089 753 1247 1098 1777 638 2055 1453 1542 1185 1642 1190 1419 1031 950 792 1727 1883 333 1584 2210 919 1418 1300 1323 2064 745 1391 768 773 2092 816 1013 561 1290 885 954 1003 1284 1196 
1115 1366 946 730 465 951 1285 1005 988 1056 1537 433 961 0 642 625 465 732 690 1304 579 1628 1388 1280 1125 1577 1167 1354 541 404 1211 1254 1457 628 1111 1711 641 965 849 309 1643 535 875 633 1395 1668 1479 847 647 780 1139 364 943 1370 1131 
673 1508 398 548 651 411 1450 1115 1021 1125 1302 803 1016 689 0 759 745 415 176 1469 619 1770 1017 792 690 1148 707 979 723 464 787 1419 1599 668 1276 1840 417 1141 552 936 1785 815 1084 523 1006 1813 1355 297 832 978 1208 663 563 932 737 
1078 1223 1005 696 172 922 1107 806 1021 1125 1606 761 1016 647 681 0 661 459 729 1126 613 1485 1365 1323 1088 1554 1119 1331 359 570 1183 1076 1314 662 986 1568 607 808 303 757 1500 731 693 667 1367 1525 1544 886 826 531 1208 422 910 1342 1108 
1156 1415 1101 816 532 995 1395 1013 773 921 1456 602 770 475 777 692 0 867 825 1379 353 1677 1441 1406 1166 1630 1211 1407 608 539 1263 1364 1506 444 1221 1760 776 1068 946 683 1692 102 943 608 1281 1717 1373 980 214 847 1058 431 984 1422 1184 
1046 1508 680 720 622 744 1450 1091 1125 1224 1617 927 1124 811 443 496 867 0 448 1441 741 1770 1261 1051 1056 1490 1060 1267 684 586 1132 1419 1599 790 1276 1840 631 1141 255 1072 1785 917 1045 758 1316 1813 1583 630 957 946 1307 701 896 1291 1081 
620 1523 232 573 689 358 1489 1148 1048 1125 1235 841 1050 727 151 797 783 431 0 1508 657 1785 869 660 637 1103 654 963 761 502 734 1458 1614 706 1315 1869 547 1156 560 973 1800 853 1124 613 958 1830 1288 293 870 1023 1208 701 510 872 684 
1780 1388 1728 1452 821 1618 12 640 1609 1734 2254 1486 1608 1342 1411 989 1323 1382 1482 0 1286 1650 2083 2086 1790 2276 1836 2053 942 1213 1913 43 1479 1294 495 1733 1347 1011 1263 1506 1665 1362 652 1297 2114 1690 2223 1621 1442 814 1865 1065 1608 2035 1806 
772 1415 740 463 533 685 1395 1013 620 826 1338 737 617 623 688 714 388 778 736 1379 0 1677 1071 1174 789 1260 849 1079 605 532 970 1364 1506 358 1221 1760 550 1068 924 869 1692 423 943 322 1154 1717 1235 688 519 848 965 545 662 1082 836 
2063 509 1959 1721 1107 1911 1612 1269 1893 2039 2501 1754 1892 1610 1680 1275 1591 1642 1751 1631 1555 0 2322 2391 2080 2522 2092 2334 1250 1482 2190 1581 184 1563 1438 296 1616 951 1560 1816 66 1630 1245 1566 2354 92 2484 1953 1711 1256 2112 1347 1886 2300 2086 
662 2281 763 861 1457 754 2320 1905 1389 1514 1617 1628 1388 1484 1005 1420 1391 1270 880 2332 1101 2521 0 377 679 369 801 606 1517 1331 1132 2290 2349 1074 2129 2635 1101 1906 1341 1738 2530 1378 1881 1198 1316 2558 1669 912 1222 1790 1597 1432 605 1291 441 
492 2107 594 691 1267 584 2086 1711 1206 1369 1455 1469 1205 1325 805 1243 1239 1128 711 2098 947 2347 209 0 509 433 631 436 1327 1150 970 2056 2175 925 1886 2461 933 1714 1178 1579 2356 1231 1687 1037 1154 2384 1507 746 1075 1600 1452 1242 435 1082 308 
17 1968 488 535 1131 404 1922 1575 1048 1224 1119 1296 1050 1152 649 1107 1066 1109 716 1934 770 2220 785 833 0 941 166 698 1191 988 582 1892 2048 769 1744 2322 763 1578 1187 1406 2229 1091 1551 885 826 2257 1172 590 935 1464 1307 1106 163 720 513 
789 2416 983 999 1584 881 2420 2064 1523 1662 1696 1744 1522 1600 1156 1536 1522 1472 1073 2432 1232 2656 374 664 806 0 889 591 1644 1447 1211 2390 2484 1222 2229 2831 1210 2042 1563 1876 2665 1526 1996 1329 1395 2693 1748 1013 1370 1918 1745 1559 732 1370 543 
152 2037 611 593 1188 484 1987 1632 1026 1266 1128 1360 1077 1216 672 1148 1136 1125 739 1999 828 2277 896 989 159 768 0 532 1248 1038 599 1957 2105 827 1886 2391 821 1635 1203 1470 2286 1154 1608 936 843 2314 1181 613 998 1521 1331 1163 243 737 624 
628 2276 820 827 1426 720 2246 1871 1360 1485 1551 1586 1359 1442 985 1378 1363 1324 930 2258 1073 2516 702 865 645 586 686 0 1486 1289 1066 2216 2344 1045 2055 2630 1084 1873 1415 1696 2525 1349 1848 1170 1250 2553 1603 882 1193 1759 1568 1401 571 1225 500 
1417 899 1308 1079 455 1255 748 447 1249 1369 1851 1052 1248 912 996 669 922 1002 1062 760 884 1188 1699 1662 1427 1908 1472 1665 0 841 1527 729 1017 934 573 1302 987 449 946 1102 1202 962 334 936 1711 1226 1792 1207 1082 358 1452 683 1245 1686 1442 
837 1366 715 516 439 750 1250 971 899 976 1456 684 896 471 435 591 564 525 483 1269 496 1628 1146 1090 854 1335 920 1133 511 0 997 1219 1457 545 1061 1711 427 959 664 707 1643 634 845 550 1181 1668 1356 640 709 754 1058 451 727 1155 914 
690 2061 709 637 1215 702 2022 1659 642 1157 525 1415 699 1271 716 1191 1187 1157 783 2034 872 2301 1117 1189 707 1306 611 1097 1275 1080 0 1992 2129 801 1886 2415 865 1662 1249 1525 2310 1179 1635 1018 269 2338 629 657 1023 1548 879 1190 635 465 862 
1722 1366 1670 1394 778 1560 30 597 1551 1676 2171 1405 1550 1261 1353 958 1242 1331 1424 42 1228 1628 2035 2046 1732 2212 1777 1991 894 1155 1878 0 1457 1236 452 1711 1289 959 1227 1465 1643 1281 609 1239 2005 1668 2152 1563 1384 771 1759 1010 1550 1980 1747 
1859 378 1813 1542 929 1708 1450 1112 1699 1835 2343 1575 1698 1431 1501 1097 1412 1463 1572 1469 1376 220 2162 2167 1876 2362 1925 2141 1087 1303 2059 1419 0 1384 1276 459 1437 767 1381 1637 239 1451 1060 1387 2223 265 2326 1711 1532 1076 1954 1168 1698 2169 1886 
859 1508 827 581 617 772 1450 1091 354 533 1030 821 351 707 772 798 422 862 820 1441 370 1770 1178 1267 876 1367 939 1159 689 616 892 1419 1599 0 1276 1840 637 1141 995 973 1785 414 1060 463 892 1813 949 775 230 946 612 629 749 1180 946 
1670 1293 1620 1356 724 1508 515 491 1499 1624 2116 1339 1498 1195 1321 919 1198 1302 1392 527 1176 1555 1962 2013 1680 2151 1725 1928 840 1094 1780 496 1384 1184 0 1638 1257 938 1188 1397 1570 1237 555 1187 1971 1595 2099 1511 1332 717 1707 950 1498 1934 1695 
2117 405 2001 1763 1149 1963 1648 1305 1944 2060 2522 1796 1921 1652 1722 1317 1633 1684 1793 1667 1597 244 2358 2427 2134 2558 2153 2370 1292 1524 2251 1617 398 1605 1474 0 1658 965 1602 1857 277 1672 1281 1608 2415 263 2505 1987 1753 1292 2133 1389 1940 2361 2122 
602 1508 570 281 632 515 1450 1115 776 945 1205 784 796 670 354 654 726 709 530 1459 516 1770 929 1017 619 1103 679 928 704 517 759 1419 1599 515 1276 1840 0 1141 771 936 1785 796 1067 556 971 1813 1102 518 679 957 1058 644 492 897 666 
1541 758 1470 1220 590 1379 1107 812 1373 1498 2078 1213 1372 1066 1153 804 1093 1169 1224 1126 1059 1072 1823 1834 1551 2052 1596 1789 706 976 1651 1076 886 1058 986 1119 1115 0 1050 1228 1080 1138 699 1062 1826 1104 1988 1364 1206 723 1581 815 1369 1822 1566 
1129 1415 748 787 451 812 1395 1073 1214 1316 1668 1052 1213 898 533 315 916 238 516 1379 831 1677 1300 1090 1139 1529 1128 1336 615 676 1183 1364 1506 880 1221 1760 698 1068 0 1041 1692 962 953 848 1367 1717 1618 698 1041 810 1399 660 957 1342 1143 
1352 1581 1215 1017 729 1190 1563 1220 1214 1350 1851 448 1213 306 909 889 674 1051 969 1556 843 1858 1634 1569 1362 1858 1407 1600 805 668 1462 1532 1672 892 1389 1928 921 1214 1104 0 1864 744 1196 897 1646 1892 1773 1073 856 1061 1433 538 1180 1621 1377 
2117 563 2001 1763 1149 1963 1648 1305 1944 2060 2522 1796 1921 1652 1722 1317 1633 1684 1793 1667 1597 102 2358 2427 2134 2558 2153 2370 1292 1524 2251 1617 200 1605 1474 289 1658 959 1602 1857 0 1672 1281 1608 2415 36 2505 1987 1753 1292 2133 1389 1940 2361 2122 
1156 1508 1101 830 590 995 1395 1073 762 889 1456 657 759 533 835 750 76 959 883 1414 414 1770 1441 1486 1166 1630 1211 1407 666 597 1263 1364 1599 408 1221 1840 834 1141 978 732 1785 0 1025 679 1270 1813 1362 1006 188 910 1058 489 984 1422 1184 
1381 1056 1261 1058 416 1219 723 532 1214 1350 1851 1007 1213 866 958 630 880 959 1015 735 842 1327 1663 1617 1391 1894 1436 1629 532 799 1491 704 1156 891 685 1401 940 622 878 1038 1333 927 0 896 1675 1357 1773 1160 1042 350 1433 641 1209 1650 1406 
842 1508 810 456 582 755 1395 1073 750 835 1363 786 747 672 517 758 562 793 688 1414 298 1770 1146 1243 859 1335 920 1159 654 571 997 1364 1599 402 1221 1840 432 1141 875 936 1785 597 1015 0 1181 1813 1295 686 566 897 965 594 732 1160 914 
881 2276 900 828 1426 893 2246 1871 615 877 259 1586 737 1442 909 1378 1275 1343 930 2258 1101 2516 1340 1380 898 1521 802 1269 1486 1289 265 2216 2344 860 2055 2630 1084 1873 1434 1696 2525 1231 1848 1198 0 2553 370 848 1075 1759 613 1401 826 578 1083 
2131 546 2054 1787 1173 1977 1670 1327 1976 2136 2598 1825 1921 1676 1746 1341 1657 1708 1821 1689 1621 128 2369 2456 2148 2569 2168 2381 1316 1548 2266 1639 233 1629 1496 258 1682 976 1626 1893 34 1696 1303 1632 2430 0 2581 2012 1777 1314 2209 1413 1954 2376 2133 
1298 2416 1298 1048 1556 1246 2377 2034 698 652 223 1716 823 1572 1332 1508 1378 1614 1274 2389 1281 2656 1690 1760 1306 1908 1202 1654 1616 1419 635 2347 2484 973 2186 2831 1189 2042 1612 1839 2665 1334 1979 1363 370 2693 0 1189 1178 1893 388 1531 1195 579 1433 
571 1731 271 524 888 309 1704 1361 1048 1224 1204 1082 1016 935 247 1001 978 634 335 1723 759 1998 906 725 588 1038 605 912 977 701 685 1673 1826 758 1530 2081 470 1364 763 1184 2007 1017 1337 699 928 2035 1257 0 930 1236 1307 900 461 823 635 
979 1545 946 675 711 866 1520 1177 607 734 1222 784 604 660 866 877 203 988 916 1539 464 1816 1283 1372 989 1472 1051 1272 783 710 1132 1489 1636 253 1346 1885 731 1178 1078 859 1819 195 1153 557 1177 1847 1164 869 0 1036 813 616 843 1291 1032 
1335 1155 1215 1017 311 1173 856 502 1184 1276 1757 951 1183 826 905 525 840 853 969 868 789 1417 1617 1563 1345 1823 1390 1583 474 746 1445 837 1246 838 681 1500 921 725 773 941 1432 914 324 843 1629 1457 1699 1073 998 0 1359 601 1163 1604 1360 
1417 2037 1367 1110 1188 1255 1987 1632 763 264 396 1411 888 1267 1334 1301 1103 1428 1343 1999 888 2277 1699 1788 1427 1908 1472 1665 1248 1136 845 1957 2105 815 1886 2391 1179 1635 1510 1521 2286 1059 1608 973 580 2314 360 1258 896 1521 0 1163 1245 727 1442 
1142 1196 980 761 229 967 1078 752 1021 1125 1606 602 1016 488 673 389 502 652 721 1079 601 1458 1419 1310 1152 1608 1202 1385 305 435 1253 1047 1287 650 878 1541 672 754 613 530 1471 572 639 655 1437 1495 1548 878 684 544 1208 0 970 1412 1162 
144 1744 419 374 924 248 1717 1374 892 1056 1119 1128 889 984 488 947 916 925 555 1736 609 2005 726 805 161 864 247 722 990 817 593 1686 1833 608 1543 2086 602 1377 1041 1234 2014 937 1350 724 837 2042 1172 429 772 1257 1139 950 0 731 454 
849 2276 868 796 1386 861 2205 1834 1075 1091 473 1560 1246 1416 875 1352 1340 1323 926 2217 1039 2516 1314 1323 866 1493 770 1241 1446 1263 430 2175 2344 1045 2014 2630 1042 1837 1415 1670 2525 1347 1815 1136 543 2553 593 816 1193 1719 769 1361 794 0 1057 
576 2202 641 775 1367 668 2205 1834 1309 1434 1506 1537 1308 1393 888 1329 1340 1172 758 2217 1033 2442 469 548 593 607 673 499 1427 1240 1021 2175 2270 994 2014 2556 1010 1827 1217 1647 2451 1298 1787 1121 1205 2479 1558 830 1142 1700 1517 1342 519 1160 0 
0 1946 510 483 1015 297 1840 1440 1006 1160 980 1171 988 1022 709 1007 965 1020 619 1852 738 2155 742 803 17 862 160 619 1070 940 583 1810 1961 693 1661 2258 755 1542 1111 1309 2145 989 1420 817 707 2180 1060 547 868 1310 1206 1035 134 724 507 
1624 0 1572 1354 778 1479 1313 934 1516 1667 2103 1350 1486 1198 1273 927 1207 1214 1328 1325 1113 371 1900 1950 1641 2089 1697 1903 916 1130 1797 1283 203 1206 1134 555 1267 642 1223 1485 384 1242 889 1199 1977 414 2082 1508 1352 922 1713 985 1516 1915 1651 
453 1813 0 514 921 293 1754 1354 1020 1200 1100 1045 988 889 375 940 898 617 225 1759 769 2063 686 505 458 989 585 767 984 705 688 1724 1868 724 1575 2168 646 1456 784 1181 2052 935 1334 817 812 2087 1180 294 899 1218 1246 955 393 829 592 
666 1375 625 0 537 514 1356 971 519 639 1183 672 467 547 655 657 478 681 659 1368 255 1604 929 1049 671 1104 729 919 579 490 822 1326 1440 210 1177 1674 510 973 848 848 1598 493 925 334 939 1627 1081 587 385 822 711 549 536 968 691 
983 956 871 667 0 811 940 572 866 985 1443 654 814 529 607 158 490 544 640 952 427 1176 1220 1205 1000 1432 1026 1231 200 442 1138 910 1012 521 752 1255 597 614 491 659 1170 525 543 508 1293 1199 1399 799 622 334 1052 271 833 1254 979 
314 1784 305 372 914 0 1726 1326 851 1097 938 1086 839 919 561 895 850 884 507 1731 627 2013 659 741 319 835 410 647 956 813 546 1696 1818 582 1547 2168 644 1428 1000 1216 2002 865 1306 706 670 2037 1060 435 757 1218 1143 938 184 687 424 
1670 1375 1618 1400 820 1525 0 532 1562 1713 2167 1396 1532 1244 1319 977 1253 1238 1374 12 1159 1604 1948 1986 1687 2123 1743 1969 984 1176 1882 31 1440 1252 489 1674 1313 967 1247 1531 1598 1288 642 1245 2003 1627 2146 1554 1398 802 1759 1013 1562 1961 1697 
1521 1170 1458 1238 659 1376 535 0 1413 1564 2075 1238 1383 1086 1159 817 1060 1101 1214 547 1009 1399 1780 1809 1538 2010 1594 1783 794 1022 1694 516 1235 1103 345 1469 1151 821 1100 1373 1393 1095 448 1095 1848 1422 1980 1394 1205 464 1610 864 1413 1822 1548 
994 1813 959 587 934 832 1754 1354 0 670 681 1086 177 947 981 1035 716 1095 981 1759 583 2063 1255 1383 1011 1467 987 1231 984 885 619 1724 1868 331 1575 2168 788 1456 1141 1234 2052 676 1334 652 551 2087 618 912 555 1235 670 969 854 1046 998 
1177 1869 1207 926 985 1032 1822 1411 717 0 653 1162 874 995 1082 1102 820 1169 1137 1822 699 2138 1436 1564 1194 1648 1243 1439 1041 940 1071 1781 1944 581 1632 2181 998 1513 1300 1282 2128 780 1391 792 870 2163 650 1127 659 1280 252 997 1069 995 1204 
1094 2335 1170 1031 1456 1093 2290 1871 682 624 0 1589 745 1437 1215 1484 1253 1536 1154 2278 1150 2578 1497 1583 1111 1709 1065 1495 1496 1388 488 2270 2384 967 2133 2647 1155 1976 1564 1724 2568 1213 1852 1248 293 2603 190 1090 1092 1751 377 1434 1010 510 1265 
1101 1431 1056 817 611 973 1434 1073 1052 1200 1637 0 1022 353 757 724 553 783 790 1446 622 1660 1375 1343 1118 1587 1179 1378 668 472 1293 1404 1496 716 1255 1730 747 1093 939 411 1654 588 1043 703 1448 1683 1593 1007 685 895 1246 530 993 1409 1143 
948 1760 893 639 883 782 1702 1302 163 797 780 1045 0 893 936 1002 668 1043 930 1707 533 1998 1200 1328 965 1412 987 1173 932 836 718 1672 1818 283 1523 2072 778 1404 1111 1181 1983 628 1282 602 650 2018 717 855 507 1179 769 895 804 1140 962 
994 1289 880 676 470 829 1281 899 923 1097 1509 405 868 0 616 583 382 642 649 1293 481 1518 1228 1205 1011 1440 1038 1231 527 331 1138 1251 1354 575 1102 1588 606 941 783 335 1512 417 870 562 1293 1541 1453 808 514 754 1143 389 851 1254 998 
690 1547 376 497 665 403 1490 1088 969 1097 1164 760 925 635 0 686 644 363 158 1487 534 1776 940 739 695 1148 704 953 707 451 797 1460 1612 628 1311 1863 367 1191 530 946 1770 679 1081 470 920 1799 1244 244 776 957 1143 677 560 943 715 
994 1129 946 686 168 839 1148 740 982 1160 1553 769 942 644 671 0 605 471 704 1153 553 1377 1255 1249 1011 1467 1058 1256 368 568 1154 1118 1213 647 986 1428 616 782 339 785 1371 640 711 634 1309 1400 1526 863 737 502 1206 397 861 1270 1023 
983 1375 924 698 528 809 1356 971 715 834 1356 552 663 370 743 641 0 769 776 1368 307 1604 1220 1325 1000 1432 1026 1223 585 458 1138 1326 1440 370 1177 1674 733 987 841 681 1598 53 930 493 1261 1627 1312 882 159 812 965 447 831 1254 974 
1205 1697 828 926 751 933 1652 1261 1282 1433 1721 1113 1252 975 623 624 984 0 597 1640 874 1946 1298 1134 1222 1583 1222 1379 861 791 1322 1631 1762 972 1482 2031 843 1341 447 1262 1931 1019 1241 955 1477 1966 1752 772 1129 1095 1479 882 1097 1438 1189 
625 1637 231 558 729 338 1548 1148 1048 1160 1115 824 988 699 185 750 708 427 0 1554 598 1868 800 619 630 1104 639 873 771 515 732 1518 1702 692 1369 1972 542 1281 594 992 1855 743 1128 627 856 1890 1195 288 840 1017 1206 741 495 873 650 
1695 1375 1643 1425 832 1550 12 544 1587 1738 2182 1397 1557 1245 1344 990 1254 1265 1399 0 1184 1604 1974 2008 1712 2152 1768 2016 984 1180 1896 43 1440 1277 501 1674 1338 973 1274 1532 1598 1289 654 1270 2051 1627 2161 1579 1399 814 1784 1026 1587 1988 1722 
715 1265 674 426 455 563 1281 869 618 702 1193 590 566 465 573 575 297 599 606 1293 0 1494 958 1104 720 1180 778 964 497 408 871 1251 1330 273 1102 1564 496 934 766 766 1488 312 840 247 1050 1517 1149 636 383 740 774 467 585 1011 740 
1934 485 1915 1669 1133 1794 1631 1231 1858 1979 2416 1649 1825 1497 1588 1292 1506 1500 1643 1643 1428 0 2217 2253 1951 2400 1982 2272 1221 1432 2133 1601 180 1521 1452 262 1582 941 1509 1784 61 1541 1211 1514 2266 94 2395 1825 1651 1210 2032 1278 1831 2234 1985 
644 2279 698 831 1398 697 2191 1834 1346 1508 1470 1531 1316 1379 957 1388 1279 1191 821 2203 1066 2522 0 375 649 354 776 536 1438 1297 1071 2161 2328 1047 2024 2591 1059 1917 1278 1666 2512 1303 1788 1176 1226 2547 1550 895 1208 1693 1554 1376 596 1166 498 
471 2084 615 658 1215 524 2034 1625 1162 1344 1294 1348 1134 1196 884 1203 1116 1102 738 2022 917 2327 181 0 476 445 603 363 1255 1101 885 2011 2133 868 1886 2396 911 1727 1177 1483 2317 1140 1605 1011 1050 2352 1374 722 1050 1510 1390 1193 423 1011 375 
17 1946 509 500 1054 314 1888 1479 1007 1176 980 1195 988 1051 726 1024 981 1043 636 1890 755 2179 741 802 0 855 153 612 1109 950 591 1858 1985 710 1700 2258 772 1581 1111 1338 2169 1005 1459 834 715 2204 1060 564 885 1349 1222 1040 151 732 506 
784 2431 1004 994 1562 837 2353 2051 1502 1672 1618 1669 1472 1517 1171 1510 1443 1454 1064 2356 1222 2674 349 698 789 0 777 526 1602 1419 1219 2323 2480 1211 2186 2754 1181 2050 1579 1805 2664 1467 1925 1332 1374 2699 1698 1046 1372 1860 1718 1540 736 1335 594 
165 2016 596 568 1137 382 1967 1547 1013 1252 980 1266 1017 1114 770 1101 1065 1095 680 1960 823 2242 845 930 155 756 0 513 1177 1022 583 1937 2048 778 1768 2328 840 1649 1181 1401 2232 1074 1527 912 707 2267 1060 608 953 1432 1298 1115 219 724 610 
535 2166 783 722 1291 588 2109 1701 1217 1399 1324 1419 1187 1267 956 1256 1168 1290 858 2109 967 2409 524 797 540 454 528 0 1331 1179 963 2079 2215 935 1944 2478 975 1811 1336 1554 2399 1192 1681 1079 1080 2434 1404 786 1096 1586 1445 1269 487 1074 435 
1311 741 1257 1055 421 1166 742 372 1206 1377 1830 1045 1176 884 958 579 845 953 1013 754 789 957 1570 1606 1328 1782 1384 1573 0 804 1484 723 790 883 552 1062 952 414 879 1152 971 880 343 870 1639 1000 1770 1193 984 392 1423 655 1203 1600 1338 
792 1265 691 487 442 640 1247 856 829 950 1324 550 777 413 427 523 434 453 460 1259 390 1494 1043 1049 797 1255 855 1034 484 0 963 1217 1330 484 1020 1564 417 898 620 712 1488 469 827 471 1080 1517 1357 619 566 727 1052 454 662 1074 817 
639 2046 654 601 1162 621 1970 1572 603 1102 462 1297 629 1145 778 1132 1090 1095 688 1982 856 2289 1043 1146 646 1242 609 1019 1202 1053 0 1940 2095 811 1793 2358 873 1674 1212 1432 2279 1114 1552 936 200 2314 563 616 993 1457 773 1140 569 464 798 
1647 1307 1595 1377 789 1502 31 501 1539 1690 2130 1372 1509 1220 1296 940 1229 1214 1351 43 1136 1536 1928 1950 1664 2096 1720 1925 932 1153 1882 0 1372 1229 458 1606 1290 941 1223 1507 1530 1264 611 1222 2003 1559 2109 1531 1374 771 1736 995 1539 1961 1674 
1757 337 1705 1487 914 1612 1447 1073 1649 1800 2249 1469 1619 1317 1406 1073 1326 1318 1461 1459 1246 208 2035 2073 1774 2212 1833 2069 1049 1252 1969 1417 0 1339 1268 431 1400 771 1327 1604 221 1361 1058 1332 2094 251 2228 1641 1471 1053 1865 1098 1649 2062 1784 
807 1404 766 544 603 655 1434 1073 345 516 1007 738 293 613 721 723 387 747 754 1446 321 1633 1054 1193 812 1266 870 1051 645 556 955 1404 1469 0 1255 1703 651 1093 916 917 1627 347 1024 414 885 1656 949 728 226 888 588 615 677 1084 832 
1617 1279 1566 1348 771 1472 527 420 1509 1660 2103 1343 1479 1191 1267 921 1200 1214 1322 539 1106 1508 1882 1950 1634 2073 1690 1903 916 1124 1790 508 1344 1199 0 1578 1261 941 1223 1478 1502 1235 593 1192 1961 1531 2082 1502 1345 753 1706 981 1509 1911 1644 
2105 437 2075 1857 1292 2013 1797 1397 1996 2137 2574 1817 1985 1656 1747 1451 1665 1659 1804 1812 1587 286 2420 2363 2122 2603 2167 2475 1380 1591 2303 1767 430 1680 1618 0 1741 1078 1668 1946 274 1700 1377 1673 2436 253 2553 1976 1815 1376 2190 1437 1999 2404 2188 
603 1547 562 298 684 451 1490 1110 758 964 1144 779 765 654 383 621 663 643 519 1502 553 1776 863 1019 608 1059 666 851 726 539 759 1460 1612 508 1311 1863 0 1191 722 946 1770 698 1095 558 883 1799 1223 471 683 973 1052 696 473 900 628 
1473 688 1419 1189 607 1328 1148 747 1368 1519 2055 1195 1338 1051 1120 765 1005 1101 1175 1160 958 908 1732 1768 1490 1950 1546 1735 742 963 1646 1118 737 1058 986 1012 1102 0 1053 1338 918 1040 718 1050 1810 947 1980 1355 1150 751 1565 812 1365 1762 1500 
1065 1375 789 780 430 892 1357 1005 1197 1293 1657 1018 1167 873 584 281 834 234 558 1369 735 1604 1249 1085 1082 1532 1152 1324 604 715 1258 1327 1440 829 1178 1674 710 1028 0 1071 1598 869 953 799 1413 1627 1629 733 968 764 1339 644 959 1374 1098 
1269 1639 1211 1014 692 1124 1564 1164 1206 1377 1830 488 1176 323 927 811 690 974 967 1576 789 1868 1528 1549 1286 1740 1342 1531 792 639 1442 1534 1704 883 1385 1974 919 1283 1091 0 1857 725 1144 870 1597 1892 1770 1152 822 1017 1423 502 1161 1558 1296 
1934 525 1915 1669 1133 1794 1656 1256 1858 1979 2416 1649 1825 1497 1588 1292 1506 1500 1643 1668 1428 55 2217 2253 1951 2400 1982 2272 1221 1432 2133 1626 188 1521 1477 245 1582 941 1509 1784 0 1541 1236 1514 2266 33 2395 1825 1651 1235 2032 1278 1831 2234 1985 
994 1397 954 716 584 827 1434 1013 680 799 1273 608 628 426 799 697 74 825 832 1446 327 1626 1228 1356 1011 1440 1038 1231 641 514 1138 1404 1462 335 1255 1696 762 1093 897 723 1620 0 987 513 1228 1649 1229 900 123 868 871 503 849 1254 998 
1239 874 1191 966 385 1094 669 399 1180 1287 1724 954 1150 819 905 543 780 865 947 681 724 1112 1498 1536 1256 1710 1312 1501 520 739 1412 650 951 818 607 1255 894 547 814 1071 1106 815 0 805 1567 1135 1680 1127 915 334 1333 590 1131 1528 1266 
729 1375 688 419 528 577 1322 942 680 764 1240 663 628 538 434 603 452 607 573 1334 229 1604 1008 1107 734 1212 792 996 570 481 885 1292 1440 335 1143 1674 354 967 704 839 1598 467 919 0 1050 1627 1185 580 510 813 836 540 599 1011 754 
819 2279 834 781 1348 801 2155 1758 556 820 262 1472 595 1320 956 1313 1229 1303 868 2164 1019 2522 1200 1316 826 1412 789 1203 1388 1222 205 2125 2328 862 1989 2591 1022 1857 1393 1607 2512 1208 1738 1129 0 2547 363 796 1087 1643 573 1326 749 547 974 
1969 536 1920 1702 1166 1839 1683 1283 1875 2042 2479 1682 1842 1530 1621 1325 1539 1533 1676 1695 1461 88 2247 2269 1986 2430 2040 2302 1254 1465 2176 1653 221 1554 1504 250 1615 973 1542 1814 33 1574 1263 1547 2309 0 2443 1854 1684 1262 2095 1311 1865 2277 2015 
1267 2431 1348 1057 1533 1259 2312 2051 702 705 292 1666 765 1514 1389 1510 1330 1562 1332 2324 1227 2674 1663 1761 1275 1889 1199 1632 1573 1419 642 2282 2480 1000 2145 2754 1181 2050 1590 1805 2664 1290 1892 1298 447 2699 0 1268 1169 1830 458 1511 1213 714 1431 
592 1869 257 525 985 305 1822 1411 1033 1252 1100 1113 1022 947 369 951 976 675 283 1822 780 2138 852 739 597 1037 606 840 1041 763 699 1781 1944 735 1632 2181 530 1513 842 1234 2128 1011 1391 709 823 2163 1180 0 920 1280 1298 997 462 840 617 
858 1547 817 595 654 706 1490 1073 559 678 1193 690 507 508 772 774 169 798 805 1487 372 1776 1115 1242 863 1322 926 1085 696 596 1017 1460 1612 214 1311 1863 702 1191 958 818 1770 127 1081 465 1116 1799 1149 779 0 939 750 585 728 1128 883 
1285 1045 1236 1014 374 1140 805 407 1197 1344 1781 1018 1167 873 951 532 834 888 992 817 771 1285 1544 1578 1302 1756 1358 1547 550 786 1458 786 1121 865 615 1344 944 677 837 1071 1279 869 304 852 1613 1308 1737 1174 968 0 1390 644 1177 1574 1312 
1239 1946 1257 1014 1069 1094 1888 1479 658 247 401 1209 768 1057 1159 1174 891 1246 1214 1890 770 2179 1498 1626 1256 1710 1312 1501 1109 1022 813 1858 1985 652 1700 2258 1059 1581 1368 1344 2169 851 1459 863 618 2204 398 1177 730 1364 0 1056 1131 780 1266 
1029 1069 964 743 231 896 1068 662 977 1160 1565 597 942 472 683 350 433 627 716 1058 539 1303 1302 1268 1046 1514 1114 1305 290 398 1219 1038 1139 633 842 1368 673 704 576 530 1297 468 633 620 1374 1326 1509 875 565 547 1206 0 921 1335 1070 
162 1774 394 364 914 196 1716 1316 843 1037 980 1086 831 912 590 887 842 892 500 1721 619 2013 641 712 179 817 255 629 946 805 578 1686 1818 574 1537 2168 636 1418 995 1199 2002 857 1296 698 702 2037 1060 428 749 1197 1083 938 0 719 406 
792 2190 807 754 1317 774 2121 1727 1014 964 425 1450 1017 1298 956 1291 1205 1277 841 2109 1000 2433 1200 1307 799 1400 762 1149 1357 1199 405 2125 2239 967 1951 2502 998 1830 1371 1585 2423 1229 1707 1112 453 2458 555 769 1128 1612 681 1295 722 0 952 
552 2190 601 739 1317 605 2121 1727 1252 1428 1362 1444 1222 1292 878 1285 1196 1081 724 2109 983 2433 378 527 557 554 568 367 1357 1199 963 2125 2239 967 1951 2502 989 1830 1172 1579 2423 1220 1707 1107 1118 2458 1442 803 1128 1612 1474 1295 504 1084 0 
0 2029 531 544 1157 335 2068 1672 1061 1224 1025 1236 1088 1152 720 1149 1118 1153 660 2080 769 2311 803 849 17 868 167 604 1260 1084 595 2037 2143 763 1908 2307 762 1682 1190 1426 2307 1066 1610 925 791 2331 1149 546 930 1497 1266 1148 166 692 533 
1858 0 1543 1399 766 1680 1329 934 1583 1681 2178 1349 1603 1265 1298 943 1218 1415 1340 1341 1227 424 2126 1954 1868 2299 1857 2151 916 1133 1979 1299 264 1253 1154 554 1301 562 1233 1448 423 1257 892 1269 2124 447 2171 1515 1368 858 1747 1012 1682 2127 1886 
451 1814 0 569 951 305 1788 1414 1114 1224 1147 1033 1134 918 395 982 956 654 232 1780 794 2004 732 512 457 941 596 800 1002 751 727 1758 1823 788 1613 2135 705 1424 768 1216 2021 995 1352 925 919 2047 1265 274 947 1312 1290 960 412 824 582 
726 1540 730 0 595 583 1443 1097 533 645 1177 751 501 613 738 719 560 802 730 1455 225 1697 1043 1143 743 1225 789 1074 639 569 892 1413 1558 219 1268 1837 468 1163 894 936 1715 534 994 387 1059 1744 1115 616 377 937 699 598 592 1016 797 
1073 1089 917 698 0 922 978 645 940 986 1433 659 889 521 641 177 518 619 672 990 546 1270 1388 1205 1093 1602 1118 1395 249 472 1254 948 1131 564 810 1384 593 698 450 727 1273 560 606 578 1399 1297 1420 808 685 351 1050 260 929 1364 1133 
346 1929 319 427 1030 0 1906 1523 972 1132 1025 1105 960 1030 593 988 996 1064 535 1894 652 2167 706 765 363 804 409 681 1111 988 585 1892 2000 646 1722 2207 645 1533 1058 1297 2163 981 1461 811 781 2187 1129 395 804 1370 1198 1034 212 682 436 
1885 1394 1573 1429 791 1710 0 491 1613 1711 2178 1357 1633 1273 1328 968 1226 1415 1370 12 1257 1551 2131 1954 1892 2333 1896 2178 932 1163 2046 31 1412 1283 477 1689 1331 1019 1249 1463 1569 1265 638 1299 2156 1598 2171 1545 1376 777 1777 1018 1712 2194 1937 
1727 1238 1429 1279 636 1560 502 0 1441 1539 2076 1198 1461 1114 1184 813 1077 1287 1226 514 1085 1395 1977 1767 1744 2181 1737 1998 773 1017 1884 472 1256 1111 341 1533 1181 835 1092 1349 1413 1116 449 1127 2012 1442 2045 1401 1227 415 1605 864 1562 2018 1751 
1150 1952 1089 645 1060 971 1980 1575 0 705 691 1190 261 1114 1165 1163 792 1330 1144 1968 619 2209 1473 1546 1170 1654 1130 1447 1163 1024 624 1952 2038 378 1774 2230 835 1585 1312 1380 2205 755 1513 781 577 2229 614 1027 598 1400 670 1051 985 1068 1185 
1317 1929 1233 949 1045 1150 1952 1560 747 0 638 1190 899 1114 1165 1148 832 1349 1207 1940 768 2188 1629 1690 1334 1841 1327 1603 1148 1003 1021 1950 2028 574 1759 2207 996 1570 1386 1380 2184 795 1498 848 814 2208 604 1171 638 1385 239 1051 1152 995 1341 
1358 2434 1425 1135 1585 1422 2480 2077 756 669 0 1734 899 1650 1544 1654 1359 1758 1480 2473 1291 2716 1847 1954 1353 1700 1219 1452 1688 1517 467 2449 2548 1039 2285 2712 1242 2056 1729 1918 2711 1307 2076 1361 284 2741 187 1363 1171 1898 414 1576 1337 561 1613 
1279 1563 1045 862 684 1112 1538 1152 1139 1224 1673 0 1159 364 805 782 615 869 836 1523 759 1720 1552 1369 1296 1772 1289 1565 740 533 1430 1517 1581 777 1372 1860 757 1186 987 447 1738 654 1090 791 1575 1767 1660 975 779 1033 1290 553 1114 1540 1303 
1073 1857 1026 694 988 922 1831 1451 238 836 787 1152 0 1068 1106 1100 735 1310 1081 1822 562 2078 1421 1483 1093 1602 1118 1395 1039 963 698 1795 1897 321 1650 2135 805 1461 1247 1342 2075 698 1389 724 673 2099 710 961 541 1340 802 1000 929 1147 1133 
1118 1446 920 718 540 951 1422 1020 1031 1067 1516 407 960 0 661 638 480 725 692 1407 615 1603 1423 1240 1137 1613 1155 1406 596 389 1296 1413 1464 633 1268 1741 613 1084 839 343 1621 522 955 647 1441 1650 1503 828 647 840 1133 409 951 1406 1144 
715 1563 437 553 714 477 1547 1175 1061 1132 1273 819 1010 681 0 730 723 420 176 1554 663 1720 947 727 721 1185 785 1036 758 517 878 1517 1581 681 1372 1860 357 1186 534 992 1738 765 1113 588 1059 1767 1397 251 839 1076 1198 717 590 982 814 
1073 1279 961 691 176 922 1146 806 1061 1132 1581 794 1084 656 710 0 653 494 741 1158 681 1436 1416 1259 1093 1597 1108 1390 410 607 1254 1116 1297 699 1004 1574 586 859 289 856 1454 695 767 713 1399 1483 1568 877 820 527 1198 389 924 1364 1128 
1143 1540 1045 785 605 959 1443 1097 792 880 1348 599 760 401 795 703 0 859 826 1455 418 1697 1473 1353 1163 1654 1155 1447 661 523 1296 1413 1558 435 1268 1837 747 1163 939 727 1715 60 999 602 1378 1744 1335 975 185 916 965 474 978 1406 1185 
1298 1814 913 900 876 1016 1788 1414 1298 1396 1853 1099 1318 972 631 708 1002 0 662 1780 948 2004 1379 1196 1307 1645 1313 1473 1002 800 1454 1758 1823 968 1613 2135 795 1424 484 1270 2021 1041 1352 956 1599 2047 1796 798 1130 1270 1462 1000 1125 1564 1323 
664 1626 289 633 748 390 1578 1204 1067 1151 1205 853 1087 715 163 764 757 454 0 1581 697 1783 815 595 670 1035 698 883 792 551 791 1548 1644 715 1403 1929 510 1249 568 1008 1805 799 1142 718 974 1830 1320 269 873 1124 1217 751 538 888 723 
1896 1415 1597 1453 811 1734 24 511 1637 1735 2251 1385 1657 1301 1352 993 1254 1423 1394 0 1281 1572 2131 1954 1913 2333 1943 2185 954 1187 2046 55 1433 1307 497 1710 1355 1039 1261 1485 1590 1293 658 1323 2175 1619 2212 1569 1404 797 1865 1035 1736 2194 1937 
816 1461 820 491 554 673 1422 1020 660 772 1228 710 628 572 697 678 382 761 728 1407 0 1618 1153 1240 833 1330 879 1155 598 528 1005 1413 1479 346 1268 1756 558 1084 875 893 1636 408 955 345 1160 1665 1215 706 504 872 826 557 682 1098 887 
2219 478 2007 1800 1161 2086 1708 1334 2020 2151 2597 1724 1970 1640 1699 1334 1593 1778 1741 1720 1628 0 2498 2321 2236 2706 2293 2613 1281 1530 2403 1678 194 1654 1533 253 1702 977 1607 1844 55 1632 1272 1670 2534 90 2590 1907 1743 1319 2196 1368 2116 2551 2368 
694 2397 745 896 1504 736 2391 2015 1417 1545 1568 1601 1437 1517 948 1521 1467 1317 799 2379 1147 2679 0 377 700 407 839 570 1607 1337 1170 2376 2511 1117 2212 2675 1109 2019 1349 1791 2675 1415 2000 1280 1315 2693 1661 898 1279 1833 1611 1495 641 1280 523 
489 2160 597 691 1291 531 2189 1834 1232 1345 1305 1388 1252 1304 814 1306 1256 1153 651 2177 922 2442 220 0 495 427 634 365 1394 1173 918 2187 2274 928 2024 2438 913 1806 1190 1578 2438 1223 1744 1076 1059 2462 1405 693 1087 1631 1411 1282 436 1016 361 
17 2051 536 561 1168 352 2095 1683 1066 1224 1034 1266 1113 1182 737 1151 1129 1171 677 2107 786 2333 808 854 0 861 160 597 1271 1104 604 2064 2165 780 1908 2329 779 1693 1208 1456 2329 1077 1621 925 800 2353 1158 563 941 1508 1275 1159 183 701 538 
800 2470 1009 1020 1619 842 2524 2121 1537 1665 1652 1716 1557 1632 1182 1636 1587 1551 1085 2533 1267 2754 356 682 806 0 818 567 1722 1499 1254 2493 2584 1237 2329 2755 1224 2092 1551 1902 2738 1535 2120 1389 1399 2771 1745 1006 1399 1911 1731 1610 747 1364 605 
152 2146 640 657 1258 443 2189 1773 1080 1312 1034 1355 1158 1271 833 1274 1232 1282 773 2177 882 2428 947 1042 147 769 0 505 1361 1186 618 2187 2260 876 2007 2424 875 1783 1318 1545 2424 1185 1711 1075 814 2448 1158 659 1049 1598 1275 1249 279 715 682 
564 2256 788 766 1360 606 2252 1905 1297 1415 1387 1457 1317 1373 955 1377 1337 1352 842 2240 1010 2538 649 830 570 496 522 0 1463 1239 1005 2253 2370 987 2089 2534 996 1857 1388 1647 2534 1285 1819 1149 1160 2558 1506 768 1149 1700 1481 1351 511 1098 443 
1556 822 1256 1108 443 1389 722 396 1298 1396 1853 1027 1318 906 1011 620 899 1122 1053 734 919 1058 1777 1594 1573 2003 1566 1857 0 852 1707 692 919 968 561 1139 1003 449 887 1209 1076 939 357 987 1828 1105 1849 1228 1050 323 1462 692 1391 1822 1580 
886 1394 765 521 484 743 1329 934 924 973 1428 636 871 445 473 590 507 537 504 1341 528 1551 1212 1050 917 1393 951 1220 528 0 1077 1299 1412 546 1154 1689 416 1019 651 724 1569 549 885 560 1213 1598 1346 640 674 802 1050 487 752 1178 952 
876 2303 1132 928 1437 1119 2354 1973 688 1092 460 1534 805 1450 1251 1454 1353 1558 1187 2362 1175 2585 1436 1589 871 1280 782 1064 1540 1317 0 2323 2417 937 2159 2581 1066 1945 1529 1724 2581 1301 1921 1260 213 2605 537 1070 1165 1777 792 1428 924 418 1324 
1848 1394 1535 1391 760 1672 30 460 1575 1673 2143 1349 1595 1265 1290 937 1218 1384 1332 42 1219 1551 2126 1954 1853 2299 1851 2127 897 1125 1979 0 1412 1245 446 1689 1293 983 1224 1448 1569 1257 607 1261 2116 1598 2136 1507 1368 746 1739 1005 1674 2127 1886 
1991 379 1733 1589 950 1856 1504 1136 1773 1861 2345 1513 1793 1429 1488 1123 1382 1567 1530 1516 1417 239 2277 2100 2008 2483 2065 2355 1070 1319 2171 1474 0 1443 1329 400 1491 742 1396 1623 235 1421 1063 1459 2303 259 2338 1705 1532 1110 1944 1157 1888 2319 2107 
896 1559 900 571 674 753 1504 1136 357 522 973 830 325 692 817 798 421 881 848 1507 386 1716 1239 1316 929 1420 957 1234 718 648 960 1474 1577 0 1329 1855 638 1182 998 1008 1734 384 1063 489 923 1763 949 786 227 1051 576 677 762 1182 962 
1848 1394 1535 1391 741 1672 498 357 1575 1673 2143 1305 1595 1221 1290 921 1174 1384 1332 510 1219 1551 2126 1954 1853 2299 1851 2127 878 1111 1979 468 1412 1245 0 1689 1293 977 1214 1415 1569 1213 588 1261 2116 1598 2136 1507 1324 704 1739 985 1674 2127 1886 
2233 401 2030 1829 1185 2100 1729 1355 2052 2151 2597 1748 1997 1664 1723 1358 1617 1817 1765 1741 1652 274 2522 2345 2250 2741 2307 2630 1305 1554 2417 1699 402 1678 1554 0 1726 983 1631 1876 254 1656 1293 1694 2544 259 2590 1946 1767 1340 2196 1392 2130 2565 2382 
630 1559 633 265 682 487 1514 1136 782 914 1158 787 766 649 364 633 691 698 497 1507 481 1716 956 1050 647 1103 693 962 726 645 796 1484 1577 484 1339 1855 0 1182 733 973 1734 733 1090 531 974 1763 1076 447 642 1051 965 685 496 893 701 
1680 683 1390 1232 612 1513 1108 777 1416 1514 2076 1190 1436 1085 1145 789 1061 1287 1187 1120 1058 951 1922 1728 1697 2105 1690 1951 749 988 1884 1078 785 1086 1004 971 1134 0 1085 1334 950 1100 738 1100 1974 974 2045 1362 1211 704 1580 840 1515 1992 1704 
1174 1540 784 778 469 885 1422 1097 1228 1312 1704 1000 1248 881 548 300 882 284 569 1407 863 1697 1233 1050 1167 1497 1165 1331 627 717 1306 1413 1558 881 1268 1837 673 1163 0 1178 1715 924 983 883 1451 1744 1677 715 1035 820 1378 659 1010 1416 1158 
1439 1626 1170 1017 697 1272 1621 1247 1258 1345 1794 453 1278 359 933 832 727 1083 967 1633 889 1783 1686 1503 1456 1909 1449 1725 815 663 1590 1591 1644 928 1446 1929 887 1249 1092 0 1805 766 1185 916 1722 1830 1781 1142 891 1064 1411 493 1274 1700 1463 
2219 522 2007 1800 1161 2086 1708 1334 2020 2151 2597 1724 1970 1640 1699 1334 1593 1778 1741 1720 1628 82 2498 2321 2236 2706 2293 2613 1281 1530 2403 1678 200 1654 1533 232 1702 977 1607 1844 0 1632 1272 1670 2534 35 2590 1907 1743 1319 2196 1368 2116 2551 2368 
1143 1559 1068 787 667 959 1514 1136 749 837 1280 642 717 463 857 765 75 1064 888 1507 430 1716 1473 1413 1163 1654 1155 1447 723 585 1296 1484 1577 392 1339 1855 809 1182 990 770 1734 0 1090 614 1335 1763 1267 1006 150 1017 891 536 978 1406 1185 
1506 1048 1205 1058 426 1339 707 509 1230 1345 1794 1000 1250 857 960 603 854 1084 1002 719 881 1181 1728 1545 1523 1966 1516 1792 563 807 1657 677 1042 899 689 1343 927 625 876 1163 1199 896 0 913 1763 1228 1781 1177 1011 374 1411 654 1341 1767 1530 
847 1540 823 475 626 704 1457 1097 733 802 1263 782 701 644 514 677 568 742 666 1469 284 1697 1182 1240 864 1363 916 1189 670 600 1049 1427 1558 376 1282 1837 377 1163 777 966 1715 594 1008 0 1200 1744 1212 637 534 990 856 629 713 1130 920 
1047 2397 1243 959 1461 1161 2366 1973 620 834 247 1558 751 1474 1335 1478 1321 1582 1298 2362 1182 2679 1589 1700 1042 1433 957 1185 1564 1341 183 2335 2511 882 2171 2675 1066 2019 1553 1748 2675 1269 1957 1206 0 2693 324 1181 1133 1810 579 1452 1115 584 1352 
2233 526 2030 1829 1185 2100 1733 1359 2052 2151 2597 1748 1997 1664 1723 1358 1617 1817 1765 1745 1652 115 2522 2345 2250 2741 2307 2630 1305 1554 2417 1703 233 1678 1558 235 1726 1019 1631 1876 33 1656 1297 1694 2544 0 2590 1946 1767 1344 2196 1392 2130 2565 2382 
1331 2408 1425 1021 1541 1422 2428 2044 667 671 198 1638 810 1554 1456 1558 1359 1662 1480 2416 1247 2690 1912 1954 1326 1745 1263 1497 1644 1421 519 2414 2522 957 2250 2686 1146 2030 1633 1835 2686 1307 2043 1260 336 2713 0 1363 1171 1850 416 1532 1337 693 1613 
723 1952 389 687 1060 444 1980 1575 1232 1345 1248 1152 1252 1068 420 1106 1061 749 389 1968 922 2209 1018 804 729 1225 752 1074 1163 846 845 1952 2038 928 1774 2230 598 1585 863 1342 2205 1100 1513 874 997 2229 1343 0 1070 1400 1411 1051 592 956 797 
992 1626 939 652 755 834 1586 1212 614 702 1177 767 582 575 898 877 200 1064 930 1581 490 1783 1318 1396 1013 1499 1026 1306 799 697 1170 1556 1644 257 1411 1929 719 1249 1096 895 1805 157 1150 570 1209 1830 1164 867 0 1124 756 648 843 1280 1030 
1491 1072 1180 1017 343 1322 744 394 1213 1312 1761 966 1233 829 933 520 826 1064 977 756 854 1250 1696 1513 1508 1966 1501 1777 566 780 1642 714 1111 872 583 1367 913 681 787 1085 1268 868 295 886 1725 1297 1748 1152 990 0 1378 592 1326 1752 1515 
1401 2009 1317 1017 1128 1234 2026 1643 704 255 399 1266 953 1182 1234 1231 909 1418 1276 2014 842 2293 1713 1774 1416 1885 1359 1687 1231 1069 758 2037 2125 648 1908 2287 1066 1653 1455 1456 2289 869 1581 916 575 2313 365 1255 712 1468 0 1119 1236 783 1425 
1169 1184 961 774 270 1002 1068 722 1031 1132 1581 630 1010 492 717 368 489 703 748 1080 642 1341 1456 1273 1189 1668 1190 1461 326 445 1331 1038 1202 660 887 1479 669 775 603 516 1359 531 683 674 1476 1388 1568 884 656 570 1198 0 1004 1441 1199 
169 1857 398 378 974 201 1822 1436 927 1067 1025 1070 879 947 554 927 938 1021 494 1822 603 2078 696 774 186 794 261 671 1024 940 592 1780 1897 597 1635 2135 596 1446 1016 1245 2075 914 1374 762 788 2099 1129 380 755 1326 1133 985 0 689 426 
1091 2771 1347 1356 1881 1344 2812 2408 1078 990 479 1971 1173 1891 1466 1876 1648 1817 1402 2800 1580 3050 1627 1809 1086 1471 1008 1223 2023 1745 409 2782 2909 1327 2616 3075 1470 2388 1922 2113 3065 1596 2407 1652 543 3078 601 1285 1460 2187 742 1849 1174 0 1462 
597 2277 616 799 1404 639 2313 1905 1325 1476 1419 1501 1345 1417 833 1400 1384 1176 670 2301 1054 2559 514 493 603 603 742 447 1507 1173 1049 2323 2391 1048 2159 2555 1026 1900 1213 1691 2555 1346 1853 1187 1206 2579 1543 801 1210 1744 1542 1395 544 1130 0 
0 1732 376 424 945 285 1713 1389 821 1099 949 1107 855 981 509 907 852 788 526 1725 634 1861 629 687 17 675 160 515 1014 860 566 1683 1729 643 1562 1943 605 1375 855 1229 1875 872 1422 770 720 1908 1049 444 791 1258 1187 923 139 708 406 
1743 0 1598 1476 883 1623 1367 1073 1604 1717 2213 1451 1580 1313 1412 1029 1300 1238 1454 1379 1218 319 2005 1985 1760 2148 1779 1947 999 1257 1902 1337 188 1315 1216 445 1347 672 1222 1416 341 1335 987 1277 2036 370 2152 1536 1448 967 1865 1056 1647 2045 1793 
375 1632 0 457 833 234 1613 1289 919 1099 1023 974 891 876 274 740 885 481 161 1625 667 1760 630 490 380 845 462 594 914 656 628 1583 1629 676 1462 1829 469 1275 540 1088 1774 909 1322 641 782 1813 1092 212 824 1186 1187 797 276 770 488 
732 1341 713 0 519 606 1297 971 457 700 1087 701 434 616 577 611 428 685 700 1309 210 1469 1066 1134 749 1197 774 953 598 499 896 1267 1338 219 1146 1535 414 990 761 804 1483 448 919 346 891 1516 1012 654 367 867 792 481 636 1067 820 
1059 956 791 680 0 886 952 564 811 1028 1360 647 788 562 605 144 541 416 647 940 435 1086 1280 1140 1076 1477 1111 1275 196 446 1195 936 955 529 704 1150 551 565 321 555 1098 577 517 509 1223 1131 1333 729 662 360 1124 220 964 1381 1121 
280 1691 232 379 898 0 1672 1348 830 1099 930 1078 813 959 345 862 807 624 370 1684 589 1821 636 706 297 778 354 539 973 787 550 1642 1688 598 1521 1885 504 1334 691 1180 1834 827 1381 687 704 1867 1049 280 746 1224 1187 860 184 692 413 
1610 1232 1485 1343 735 1490 0 410 1471 1584 2061 1287 1447 1149 1299 879 1136 1109 1341 12 1085 1360 1870 1949 1627 2038 1646 1819 860 1109 1770 30 1229 1182 366 1426 1212 855 1073 1269 1374 1171 562 1144 1907 1407 2012 1423 1284 677 1672 886 1514 1921 1660 
1485 1087 1318 1218 601 1365 551 0 1327 1440 1888 1150 1303 1013 1132 745 1022 957 1174 563 958 1223 1744 1688 1502 1925 1521 1689 726 963 1645 520 1092 1038 302 1281 1063 721 948 1134 1237 1057 393 1028 1752 1270 1849 1256 1170 358 1528 752 1389 1790 1535 
826 1691 934 588 888 906 1672 1348 0 704 664 1105 175 975 872 990 671 1058 968 1684 563 1821 1301 1356 832 1320 768 1160 973 868 471 1642 1688 306 1521 1885 709 1334 1082 1198 1834 631 1381 715 459 1867 602 875 510 1214 605 850 816 849 1092 
1278 1766 1246 1008 1005 1158 1747 1423 644 0 561 1187 806 1049 1115 1085 828 1162 1192 1759 733 1896 1537 1665 1295 1684 1314 1482 1048 976 893 1717 1763 604 1596 1961 973 1409 1245 1303 1910 788 1456 820 729 1943 529 1187 667 1307 208 959 1182 858 1328 
1024 2170 1114 975 1380 1100 2134 1834 632 569 0 1536 691 1398 1118 1359 1243 1384 1138 2146 1109 2298 1479 1533 1023 1423 944 1263 1443 1306 404 2104 2167 937 2002 2364 1048 1806 1410 1652 2312 1203 1853 1144 240 2345 173 1055 1082 1682 360 1340 1016 411 1270 
1220 1405 920 807 568 1006 1379 1073 1003 1099 1535 0 988 316 732 659 569 759 774 1391 609 1533 1433 1293 1237 1626 1246 1424 676 468 1326 1349 1402 703 1228 1599 678 1048 816 369 1547 605 1004 683 1354 1580 1508 856 701 916 1187 461 1124 1515 1270 
831 1635 939 593 837 911 1616 1292 163 817 696 1037 0 935 877 932 620 1008 968 1628 512 1763 1301 1358 837 1320 773 1160 917 817 496 1586 1632 255 1465 1829 714 1278 1082 1155 1777 580 1325 664 491 1813 634 880 459 1186 713 799 821 881 1092 
1107 1341 806 695 456 905 1258 934 873 1099 1424 359 850 0 620 547 396 647 662 1270 497 1469 1335 1195 1124 1515 1131 1313 564 356 1218 1228 1338 591 1107 1535 566 944 704 279 1483 432 885 571 1246 1516 1397 744 518 804 1187 349 1011 1416 1159 
570 1472 273 461 653 343 1429 1110 892 1099 1140 779 895 694 0 618 721 345 127 1441 554 1600 823 683 582 1059 591 808 732 474 735 1399 1469 648 1278 1666 325 1115 418 882 1614 743 1145 404 889 1647 1189 186 796 1004 1187 615 474 877 682 
1042 1117 735 626 180 856 1106 743 891 1099 1424 715 868 630 608 0 609 346 616 1118 515 1245 1206 1085 1059 1428 1045 1228 375 526 1156 1076 1114 609 883 1311 497 744 235 693 1259 645 696 589 1184 1292 1360 699 730 540 1187 327 946 1350 1086 
1039 1361 933 719 510 911 1367 1005 677 896 1294 553 654 443 737 601 0 770 785 1378 333 1489 1301 1302 1056 1448 1082 1246 618 479 1115 1337 1358 395 1216 1555 620 990 758 624 1503 54 943 468 1103 1536 1219 830 160 858 1044 403 943 1345 1092 
862 1341 523 661 486 635 1297 971 1034 1149 1439 868 1013 783 394 393 810 0 395 1309 643 1469 1005 858 874 1221 883 1030 595 563 1045 1267 1338 737 1146 1535 532 990 241 941 1483 832 919 610 1199 1516 1407 478 885 846 1237 547 766 1190 893 
526 1490 160 515 691 294 1473 1149 970 1099 1098 817 984 732 127 609 759 342 0 1485 592 1618 704 564 531 941 542 723 770 512 686 1443 1487 686 1322 1684 404 1133 409 937 1632 781 1182 509 840 1665 1167 209 834 1044 1187 653 429 828 599 
1610 1243 1485 1343 747 1490 12 422 1471 1584 2061 1326 1447 1188 1299 891 1175 1109 1341 0 1085 1371 1870 1949 1627 2038 1646 1819 872 1144 1770 42 1240 1182 378 1437 1220 867 1086 1290 1385 1210 574 1144 1907 1418 2012 1423 1323 689 1672 898 1514 1921 1660 
796 1243 726 409 423 670 1133 870 556 759 1151 605 533 520 506 515 301 589 604 1145 0 1371 1101 1134 813 1279 838 1015 502 403 972 1103 1240 278 1010 1437 389 871 668 708 1385 321 823 237 968 1418 1076 599 392 771 851 385 700 1144 884 
1994 379 1848 1724 1133 1874 1611 1287 1856 1990 2407 1669 1842 1531 1660 1277 1518 1487 1702 1623 1466 0 2270 2219 2011 2413 2048 2213 1247 1491 2159 1581 151 1563 1460 216 1595 906 1470 1663 61 1553 1320 1525 2285 91 2380 1784 1666 1216 2078 1274 1898 2303 2059 
544 2038 631 710 1238 595 2015 1676 1191 1336 1352 1384 1168 1246 795 1206 1146 960 699 2027 921 2166 0 337 549 305 666 444 1301 1146 958 1985 2035 936 1886 2232 891 1662 1021 1500 2180 1162 1709 1045 1112 2213 1421 730 1091 1540 1424 1198 509 1092 387 
416 1918 535 582 1122 467 1888 1560 1037 1227 1206 1280 1016 1142 667 1061 1015 862 603 1900 792 2057 145 0 421 355 538 316 1185 1027 810 1858 1926 801 1733 2112 763 1546 924 1396 2071 1031 1593 937 966 2104 1275 602 949 1424 1315 1082 381 961 259 
17 1732 381 429 956 301 1713 1389 830 1099 959 1113 863 995 514 912 857 793 531 1725 639 1861 634 692 0 668 153 508 1014 865 576 1683 1729 648 1562 1943 610 1375 860 1229 1875 877 1422 775 730 1908 1049 449 796 1258 1187 923 156 718 411 
646 2129 789 812 1342 697 2094 1780 1280 1451 1415 1475 1310 1337 897 1298 1261 1178 916 2106 1050 2257 269 582 651 0 602 409 1405 1245 1021 2064 2126 1049 1963 2323 995 1766 1245 1591 2271 1277 1819 1117 1175 2304 1484 832 1204 1644 1539 1302 611 1165 461 
152 1856 463 524 1052 355 1822 1490 783 1201 888 1221 817 1083 596 1007 962 875 609 1834 734 1961 735 812 147 577 0 417 1115 963 509 1784 1830 743 1663 2050 705 1476 945 1337 1975 978 1523 870 663 2008 972 531 891 1354 1130 1006 214 651 514 
458 1941 601 624 1152 509 1921 1590 1086 1287 1243 1296 1073 1158 709 1113 1073 972 711 1933 834 2064 447 661 463 397 438 0 1215 1053 848 1891 1933 843 1763 2135 805 1576 1033 1412 2078 1089 1623 980 1003 2111 1312 644 1006 1454 1375 1112 423 1004 302 
1321 736 1153 1072 449 1201 745 368 1188 1319 1755 1010 1164 910 970 593 887 807 1012 733 796 883 1580 1524 1338 1727 1357 1525 0 807 1481 726 752 890 508 929 913 369 770 1012 905 924 321 870 1613 938 1726 1094 1037 286 1407 605 1225 1626 1371 
934 1273 631 519 450 726 1214 897 806 1028 1298 606 783 448 445 524 548 472 487 1226 430 1401 1158 1049 951 1379 938 1156 529 0 1030 1184 1270 524 1063 1467 390 898 551 641 1415 584 850 504 1058 1448 1241 569 669 798 1124 412 837 1261 1023 
642 2017 855 757 1231 795 2015 1669 502 897 404 1344 536 1206 861 1150 1106 1140 879 2027 968 2145 1190 1284 637 1032 552 868 1294 1101 0 1985 2014 738 1886 2211 851 1655 1201 1460 2159 1066 1702 1023 164 2192 496 796 945 1533 688 1191 673 388 1026 
1567 1196 1429 1300 705 1447 31 380 1428 1541 2031 1265 1404 1127 1243 849 1102 1059 1285 43 1042 1324 1830 1793 1584 1998 1603 1771 830 1087 1727 0 1193 1139 336 1390 1178 825 1055 1240 1338 1137 532 1101 1857 1371 1956 1367 1250 647 1629 856 1471 1877 1617 
1853 304 1707 1585 994 1732 1458 1116 1713 1826 2286 1530 1689 1392 1521 1138 1379 1348 1563 1470 1327 157 2134 2095 1870 2277 1893 2056 1108 1352 2004 1428 0 1424 1307 348 1456 767 1331 1524 179 1414 1149 1386 2144 208 2242 1645 1527 1045 1944 1135 1756 2148 1923 
905 1405 883 577 587 776 1367 1073 282 567 930 769 259 684 683 679 370 753 768 1379 324 1533 1208 1285 922 1355 856 1120 666 567 721 1337 1402 0 1216 1599 566 1048 832 872 1547 330 987 414 716 1580 859 776 209 939 659 549 806 1120 998 
1515 1141 1375 1248 649 1395 507 302 1376 1489 1980 1221 1352 1083 1189 793 1052 1006 1231 519 1009 1269 1774 1741 1532 1944 1551 1719 774 1023 1675 476 1138 1087 0 1335 1119 769 987 1190 1283 1087 476 1068 1801 1316 1905 1313 1200 591 1577 800 1419 1825 1565 
2091 307 1918 1795 1204 1970 1664 1340 1900 2024 2460 1740 1913 1602 1731 1348 1589 1558 1773 1676 1537 216 2372 2291 2108 2515 2113 2315 1318 1562 2224 1634 342 1634 1513 0 1666 990 1541 1734 210 1624 1373 1596 2341 209 2433 1860 1737 1269 2112 1345 1995 2368 2161 
658 1405 461 256 601 455 1379 1073 687 956 1036 727 690 642 245 535 662 532 370 1391 403 1533 1005 880 675 1112 673 872 680 488 756 1349 1402 475 1228 1599 0 1048 580 830 1547 682 1089 443 784 1580 976 338 623 951 1044 563 562 1004 746 
1438 611 1318 1171 572 1318 1084 708 1323 1436 1883 1150 1299 995 1132 716 990 933 1174 1096 917 758 1697 1659 1455 1868 1474 1642 697 926 1598 1054 627 1034 848 804 1032 0 893 1108 780 1025 661 995 1744 809 1849 1256 1138 626 1524 723 1342 1743 1488 
886 1273 540 675 355 661 1214 934 1055 1201 1456 873 1031 788 420 235 767 200 421 1226 671 1401 1012 871 891 1234 916 1030 533 601 1116 1184 1270 765 1063 1467 546 906 0 868 1415 803 854 648 1216 1448 1407 504 888 715 1289 485 792 1261 906 
1278 1472 1009 890 562 1094 1420 1088 1089 1201 1637 374 1065 266 815 667 631 842 857 1432 692 1600 1514 1374 1295 1684 1314 1482 719 551 1397 1390 1469 786 1269 1666 761 1115 844 0 1614 667 1128 766 1425 1647 1572 954 763 922 1289 404 1182 1583 1328 
1994 416 1848 1724 1133 1874 1611 1287 1856 1990 2407 1669 1842 1531 1660 1277 1518 1487 1702 1623 1466 55 2270 2219 2011 2413 2048 2213 1247 1491 2159 1581 158 1563 1460 211 1595 915 1470 1663 0 1553 1320 1525 2285 33 2380 1784 1666 1216 2078 1274 1898 2303 2059 
1059 1405 984 739 564 932 1367 1073 640 859 1209 607 617 497 757 655 76 824 839 1379 331 1533 1330 1355 1076 1477 1112 1275 672 533 1084 1337 1402 358 1216 1599 640 1048 812 665 1547 0 1004 488 1080 1580 1182 850 123 916 965 457 964 1381 1121 
1294 881 1095 1008 394 1174 660 449 1122 1240 1676 944 1098 848 909 538 827 747 953 648 736 1029 1553 1466 1311 1700 1330 1498 519 747 1454 633 897 830 572 1078 852 514 715 941 1043 863 0 810 1513 1076 1642 1031 955 299 1328 545 1198 1599 1344 
800 1341 594 386 504 624 1297 971 625 824 1159 686 602 601 374 541 401 559 499 1309 232 1469 1102 1049 817 1279 803 1015 583 484 886 1267 1338 343 1146 1535 257 954 586 789 1483 421 919 0 919 1516 1103 467 491 852 965 466 704 1144 888 
775 2038 883 785 1248 852 2030 1686 497 733 240 1361 555 1223 889 1186 1157 1170 908 2042 988 2166 1256 1306 781 1183 706 1046 1311 1135 164 2000 2035 766 1886 2232 879 1672 1237 1477 2180 1127 1719 1042 0 2213 332 824 1006 1550 524 1208 765 467 1047 
2019 421 1877 1755 1164 1898 1617 1293 1885 1990 2426 1700 1888 1562 1691 1308 1549 1518 1733 1629 1497 88 2303 2248 2036 2446 2083 2246 1278 1522 2194 1587 191 1594 1466 212 1626 944 1501 1694 33 1584 1326 1556 2319 0 2399 1822 1697 1222 2078 1305 1923 2338 2092 
1047 2140 1156 903 1362 1124 2134 1800 557 544 174 1475 616 1337 1142 1298 1209 1323 1180 2146 1069 2268 1503 1575 1063 1505 1002 1345 1425 1245 473 2104 2137 834 2002 2334 975 1786 1349 1591 2282 1169 1834 1104 309 2315 0 1097 1048 1664 335 1322 1040 513 1294 
469 1587 183 468 785 247 1588 1264 919 1099 1036 917 925 826 164 710 831 443 207 1600 662 1715 742 602 481 968 495 712 864 606 639 1558 1584 687 1437 1781 341 1230 510 1034 1729 851 1297 506 793 1762 1105 0 835 1140 1187 747 373 781 586 
981 1472 960 660 641 850 1458 1110 519 738 1151 684 496 574 757 732 169 827 842 1470 401 1600 1255 1359 998 1402 1020 1199 740 610 960 1428 1469 237 1307 1666 640 1115 889 762 1614 129 1145 488 957 1647 1076 850 0 991 830 534 880 1316 1046 
1294 956 1095 1008 339 1174 769 355 1157 1249 1685 957 1133 866 913 483 845 720 955 781 739 1086 1553 1442 1311 1700 1330 1498 511 750 1454 738 955 833 520 1150 855 570 660 894 1100 881 242 813 1578 1133 1658 1035 979 0 1337 559 1198 1599 1344 
1220 1882 1289 1015 1100 1201 1866 1538 555 209 353 1280 648 1142 1198 1189 931 1286 1313 1878 830 2010 1580 1708 1229 1709 1171 1525 1163 1119 685 1836 1879 701 1711 2076 1095 1524 1361 1396 2024 885 1571 929 521 2057 321 1230 764 1402 0 1060 1207 650 1371 
1059 1055 794 675 207 889 1061 683 814 1028 1386 546 791 461 608 298 440 467 650 1052 438 1187 1309 1169 1076 1477 1101 1275 315 367 1188 1031 1056 532 823 1249 546 684 455 406 1201 476 636 512 1216 1234 1353 732 561 555 1124 0 964 1381 1121 
129 1647 276 331 850 179 1628 1304 784 1046 930 1037 765 928 416 814 759 695 428 1640 541 1775 627 651 146 769 203 530 929 767 536 1598 1644 550 1477 1855 512 1290 762 1137 1789 779 1337 677 690 1823 1049 351 698 1186 1186 812 0 678 404 
835 2369 1103 1061 1565 989 2305 2010 859 821 370 1678 896 1540 1135 1501 1493 1414 1127 2317 1277 2497 1391 1493 830 1233 745 1073 1628 1448 360 2275 2366 1127 2173 2563 1190 2025 1485 1794 2511 1460 1966 1337 444 2544 461 1044 1339 1873 612 1525 866 0 1188 
426 1918 495 599 1122 484 1888 1560 1072 1227 1223 1280 1048 1142 684 1083 1037 851 592 1900 809 2057 358 458 431 475 513 330 1185 1027 827 1858 1926 818 1733 2112 780 1546 914 1396 2071 1053 1593 950 983 2104 1292 619 967 1424 1315 1082 398 970 0 
