11
10
5400
0
2234
2224
2425
2560
1991
2333
1951
2310
1829
2005
0 184 826 1412 189 1232 330 618 1030 339 628 
201 0 933 1490 366 1310 429 717 1138 438 727 
879 920 0 1377 977 1197 601 617 1051 723 558 
1322 1358 1350 0 1403 243 1033 806 1222 1086 1014 
190 374 933 1490 0 1310 433 721 1138 442 731 
1123 1159 1135 240 1204 0 830 621 1030 892 826 
278 315 665 1225 371 1045 0 455 862 178 467 
487 524 510 952 580 768 209 0 620 271 205 
985 1021 1032 1201 1092 1021 729 520 0 791 725 
453 490 620 1166 546 986 175 398 831 0 391 
622 659 604 1128 715 948 344 371 744 445 0 
0 229 1109 1654 224 1436 404 797 1280 465 739 
212 0 1213 1712 394 1494 520 881 1354 581 855 
1547 1615 0 1892 1468 1679 1082 1105 1527 1227 825 
1655 1723 1601 0 1746 257 1293 920 1354 1362 1296 
190 404 1198 1768 0 1550 504 897 1354 565 839 
1407 1427 1405 279 1498 0 1082 688 1117 1122 1028 
424 471 907 1443 510 1225 0 584 1045 264 538 
752 799 738 1134 838 925 375 0 754 413 353 
1313 1362 1308 1352 1404 1134 1002 581 0 983 765 
627 674 833 1478 671 1260 203 596 1072 0 464 
891 983 767 1352 996 1134 514 461 883 638 0 
0 281 1041 1581 263 1374 432 726 1273 432 703 
264 0 1161 1769 470 1562 589 883 1459 589 860 
1157 1168 0 1638 1273 1431 772 778 1378 964 852 
1472 1483 1481 0 1588 275 1111 884 1388 1266 1184 
279 509 1161 1769 0 1562 590 884 1459 590 861 
1287 1298 1287 281 1403 0 918 670 1163 1078 975 
376 408 799 1371 479 1164 0 502 1018 205 489 
610 642 625 1088 713 880 241 0 770 389 307 
1217 1228 1253 1355 1333 1148 869 628 0 993 884 
619 651 764 1342 722 1135 243 477 1057 0 454 
795 827 764 1302 898 1095 426 434 943 518 0 
0 260 1015 1611 257 1382 442 734 1293 445 707 
335 0 1183 1745 494 1516 566 858 1434 569 831 
1114 1188 0 1687 1215 1458 759 821 1434 938 693 
1480 1554 1502 0 1583 296 1126 896 1438 1260 1183 
270 496 1183 1745 0 1516 569 861 1434 572 834 
1242 1316 1270 292 1345 0 882 658 1174 1020 894 
351 391 733 1365 486 1136 0 481 1023 192 460 
568 608 558 1055 703 842 224 0 756 391 236 
1229 1303 1270 1438 1332 1209 875 651 0 1014 887 
568 608 690 1365 703 1136 217 497 1058 0 417 
739 779 670 1225 874 996 395 362 895 488 0 
0 276 1033 1570 240 1365 441 721 1247 442 718 
324 0 1194 1723 432 1518 597 877 1426 598 874 
1085 1110 0 1599 1178 1394 742 754 1281 872 723 
1447 1472 1506 0 1543 291 1112 877 1398 1230 1097 
259 465 1194 1723 0 1518 571 851 1398 572 848 
1199 1224 1286 257 1295 0 861 641 1151 986 863 
325 356 757 1336 448 1131 0 489 986 192 487 
540 571 588 1041 663 830 220 0 687 325 222 
1165 1190 1286 1365 1261 1160 852 632 0 959 854 
550 581 694 1279 673 1074 225 427 935 0 424 
696 727 720 1176 819 966 376 332 820 468 0 
0 272 1058 1699 231 1505 513 833 1321 530 750 
346 0 1204 1825 499 1618 656 986 1449 673 893 
1146 1173 0 1550 1209 1356 684 709 1215 866 677 
1643 1670 1570 0 1696 289 1208 980 1391 1329 1260 
290 496 1196 1793 0 1599 636 956 1423 653 873 
1431 1458 1356 296 1484 0 1001 759 1164 1117 1069 
406 447 748 1365 526 1171 0 510 980 207 438 
627 668 588 1079 747 871 221 0 752 403 287 
1302 1329 1257 1350 1355 1156 871 650 0 973 932 
616 657 719 1365 736 1171 210 506 1039 0 409 
801 842 692 1232 934 1038 395 386 907 568 0 
0 272 1062 1765 242 1545 499 798 1299 510 807 
357 0 1196 1950 528 1687 644 965 1449 655 967 
1123 1172 0 1626 1190 1406 706 783 1254 872 747 
1645 1687 1521 0 1712 293 1186 930 1383 1336 1277 
273 534 1195 1922 0 1667 628 930 1449 639 940 
1448 1489 1340 307 1515 0 969 727 1174 1123 1073 
440 497 764 1394 515 1174 0 494 1004 206 512 
662 719 602 1130 737 926 239 0 806 389 336 
1293 1334 1256 1437 1360 1217 863 624 0 985 888 
661 718 733 1378 736 1158 221 538 1040 0 481 
842 899 755 1315 920 1095 419 437 908 569 0 
0 235 1446 2027 228 1826 622 1029 1502 625 1022 
265 0 1621 2002 463 1760 795 1029 1718 798 1160 
1296 1429 0 2002 1383 1758 802 786 1313 912 711 
1868 1822 2046 0 2013 297 1539 1237 1478 1644 1509 
274 446 1530 2096 0 1908 697 1093 1717 700 1080 
1595 1555 1824 291 1722 0 1342 1040 1242 1380 1216 
650 738 1004 1554 724 1311 0 585 1068 203 588 
918 1020 719 1397 977 1154 339 0 821 449 275 
1500 1505 1609 1566 1564 1323 1133 831 0 1181 996 
813 951 926 1605 748 1362 238 571 1111 0 534 
1103 1236 819 1621 1168 1378 579 541 928 689 0 
0 206 879 1549 192 1365 355 668 1096 366 630 
225 0 980 1633 389 1449 463 776 1225 474 738 
1111 1141 0 1558 1181 1374 687 686 1139 792 617 
1428 1458 1411 0 1498 252 1092 863 1262 1224 1077 
190 386 1017 1657 0 1473 490 803 1231 501 765 
1223 1253 1211 259 1293 0 892 648 1051 1000 864 
409 462 721 1383 492 1199 0 502 928 203 472 
648 701 536 1028 731 819 244 0 653 349 216 
1170 1200 1125 1346 1240 1162 789 545 0 886 761 
613 666 670 1329 600 1145 204 457 910 0 421 
851 908 647 1170 936 986 447 380 811 505 0 
0 183 855 1405 189 1225 349 639 1114 355 621 
215 0 954 1494 381 1314 452 742 1184 458 724 
932 965 0 1414 1009 1234 639 664 1138 765 610 
1344 1373 1353 0 1416 243 1027 802 1221 1086 1046 
190 373 954 1494 0 1314 450 740 1176 456 722 
1138 1167 1151 240 1210 0 829 617 1051 892 852 
288 315 678 1241 370 1061 0 462 932 178 444 
500 527 526 990 582 809 212 0 709 275 235 
1007 1037 1032 1225 1092 1045 734 522 0 797 740 
467 494 633 1188 549 1008 179 398 907 0 391 
626 653 663 1094 708 911 338 327 780 412 0 
