25
10
5400
0
1085
1005
908
1075
1392
1002
1266
900
1124
929
915
1161
1436
1202
1285
1219
923
1471
1102
1292
1293
1310
1363
905
0 721 942 1264 1171 1147 1052 1193 1168 1066 972 1080 85 1225 873 1602 244 1743 826 976 891 868 1609 1297 1044 
725 0 567 880 787 763 683 815 784 695 728 617 728 841 443 1171 762 1312 456 592 521 498 1178 958 674 
911 633 0 503 360 326 292 500 386 304 423 363 917 443 647 1544 955 1685 747 287 840 817 1551 535 978 
1254 970 503 0 157 177 490 290 148 425 425 692 1257 67 982 1884 1291 2025 1085 387 1175 1152 1891 302 1309 
1168 848 360 157 0 34 476 304 131 411 412 602 1171 97 862 1783 1205 1934 976 244 1080 1057 1790 292 1187 
1097 819 326 177 34 0 463 299 107 398 402 568 1100 117 833 1729 1134 1873 953 220 1026 1003 1736 312 1155 
1207 936 458 610 599 578 0 802 685 345 715 532 1210 584 939 1841 1244 1987 1061 579 1132 1109 1845 397 1285 
1116 831 501 284 306 301 651 0 223 663 297 596 1119 280 845 1744 1153 1890 953 293 1041 1018 1751 559 1179 
1168 849 387 146 131 107 562 221 0 505 329 618 1171 107 863 1783 1205 1934 976 243 1080 1057 1790 386 1187 
1073 784 317 433 422 410 159 661 516 0 574 342 1097 407 798 1697 1134 1838 898 438 993 971 1704 311 1149 
1051 1148 755 505 538 555 948 356 477 917 0 911 966 512 1151 2051 955 2192 1251 596 1346 1323 2058 791 1475 
1081 624 352 679 586 562 535 614 583 376 527 0 1100 640 579 1436 1134 1577 631 391 732 698 1443 687 849 
85 719 938 1264 1171 1147 1052 1193 1168 1066 972 1080 0 1225 871 1592 159 1733 824 976 889 866 1599 1297 1044 
1207 936 443 66 97 117 465 278 109 400 386 667 1210 0 951 1841 1244 1987 1061 327 1132 1109 1845 281 1285 
844 454 608 923 828 804 724 856 825 736 769 546 847 882 0 952 881 1087 397 633 279 261 959 999 640 
1525 1119 1414 1715 1622 1598 1527 1650 1619 1541 1563 1309 1528 1676 892 0 1562 200 983 1427 821 768 111 1772 1265 
244 753 971 1295 1202 1178 1095 1230 1199 1109 1046 1101 159 1256 906 1631 0 1772 858 1007 924 900 1638 1340 1080 
1683 1277 1572 1875 1780 1756 1685 1822 1777 1699 1721 1467 1686 1836 1050 199 1720 0 1116 1585 964 909 251 1949 1398 
681 291 546 859 766 742 662 794 763 674 707 438 684 820 279 1063 718 1204 0 571 407 384 1070 910 477 
888 610 314 387 244 220 430 335 243 442 248 375 891 327 624 1522 940 1663 724 0 817 794 1529 522 949 
931 527 805 1125 1028 1004 929 1060 1027 938 1004 716 926 1086 282 871 955 1034 338 830 0 69 878 1166 620 
895 505 783 1101 1009 985 899 1036 1005 915 1004 694 898 1062 271 829 940 973 344 808 69 0 836 1146 626 
1542 1136 1431 1732 1639 1615 1544 1667 1636 1558 1580 1357 1545 1693 899 111 1579 252 983 1444 828 775 0 1789 1265 
1202 936 453 302 292 312 378 555 386 309 663 651 1205 277 934 1832 1239 1970 1061 522 1126 1103 1845 0 1285 
1052 639 894 1228 1116 1092 1025 1163 1115 1039 1076 786 1076 1189 595 1267 1071 1408 348 923 506 514 1274 1270 0 
0 1227 1600 1619 1617 1566 1664 1476 1514 1735 1211 1744 126 1628 1471 2268 311 2478 1362 1341 1401 1396 2326 1912 1509 
931 0 772 1194 1068 1017 894 1082 1023 929 1009 764 938 1152 561 1574 970 1732 619 822 644 655 1590 1290 900 
1192 854 0 503 360 326 314 508 391 345 452 363 1244 443 843 1940 1224 2150 982 324 1060 1055 1998 638 1240 
1530 1190 539 0 162 182 492 290 156 444 470 704 1502 67 1243 2452 1475 2662 1433 392 1515 1507 2510 302 1679 
1396 1089 391 157 0 34 478 304 136 430 457 622 1448 97 1072 2256 1428 2466 1259 244 1353 1348 2314 292 1505 
1373 1035 357 177 34 0 465 310 112 417 462 588 1425 117 1034 2126 1405 2336 1159 220 1258 1253 2184 312 1405 
1530 1130 487 600 589 573 0 835 685 355 745 539 1582 574 1155 2256 1562 2466 1339 617 1330 1322 2314 498 1585 
1373 1035 517 312 325 301 664 0 235 695 301 653 1425 304 1034 2126 1405 2336 1160 293 1258 1253 2184 583 1406 
1425 1115 430 178 136 112 577 233 0 529 386 696 1443 139 1094 2256 1416 2466 1282 270 1375 1370 2314 414 1528 
1373 1035 370 433 422 410 159 685 522 0 628 351 1425 407 935 2018 1405 2228 1091 500 1122 1114 2076 415 1316 
1123 1116 605 562 597 573 727 388 521 758 0 716 1003 569 1114 2268 976 2478 1305 356 1395 1390 2326 848 1551 
1373 732 353 736 630 606 539 672 632 402 565 0 1425 710 582 1687 1405 1874 735 437 738 749 1703 805 991 
95 1227 1522 1514 1498 1447 1586 1371 1395 1657 1122 1625 0 1509 1471 2268 185 2478 1362 1222 1401 1396 2326 1777 1551 
1530 1130 474 66 97 117 467 278 117 419 431 679 1502 0 1155 2319 1475 2529 1345 327 1436 1431 2377 281 1591 
1112 561 784 1194 1078 1027 925 1082 1051 938 1009 587 1165 1162 0 1236 1181 1394 435 834 307 318 1252 1310 780 
1927 1425 1900 2246 2186 2151 1959 2177 2140 2033 2032 1663 1972 2234 1096 0 1958 230 1155 1924 1000 950 157 2341 1508 
268 1243 1522 1514 1498 1447 1586 1371 1395 1657 1122 1625 173 1509 1485 2282 0 2492 1376 1222 1415 1410 2340 1777 1589 
2120 1659 2186 2527 2467 2436 2258 2458 2421 2292 2313 1893 2129 2515 1317 264 2173 0 1382 2159 1226 1176 380 2640 1735 
911 394 748 1170 1034 983 870 1058 995 907 943 545 920 1118 382 1443 965 1601 0 798 499 510 1459 1258 613 
1147 813 321 425 282 258 443 362 278 474 285 432 1199 365 802 1884 1181 2112 982 0 1024 1018 1960 560 1189 
1192 641 1073 1402 1327 1273 1125 1290 1280 1175 1178 763 1244 1394 318 1086 1224 1244 354 1058 0 69 1102 1568 735 
1162 613 995 1365 1267 1213 1085 1253 1241 1105 1141 710 1214 1351 286 1018 1203 1176 359 1018 69 0 1034 1528 753 
2014 1501 1966 2318 2258 2227 2040 2249 2212 2114 2104 1726 2034 2306 1159 168 2015 326 1224 1996 1068 1018 0 2422 1577 
1530 1149 504 302 292 312 410 555 394 341 708 686 1582 277 1172 2344 1562 2554 1362 522 1453 1448 2402 0 1608 
1296 751 1163 1540 1450 1396 1260 1428 1418 1306 1316 918 1348 1532 635 1564 1328 1722 357 1194 542 553 1580 1703 0 
0 957 1192 1600 1528 1486 1335 1467 1481 1345 1357 1369 130 1613 1150 1915 347 2130 1107 1237 1143 1132 1946 1670 1437 
865 0 763 1166 1079 1037 890 1033 1037 929 945 863 874 1179 622 1475 940 1665 622 789 673 622 1483 1270 905 
1130 807 0 695 506 462 390 638 528 422 528 483 1121 635 808 1769 1169 1990 967 392 1009 974 1777 775 1290 
1427 1173 713 0 190 242 732 342 185 660 541 976 1418 86 1182 2162 1478 2372 1284 470 1379 1368 2188 418 1614 
1369 1110 548 203 0 66 617 352 195 609 551 829 1360 143 1122 2089 1420 2299 1217 371 1314 1303 2115 376 1547 
1309 1067 482 261 72 0 551 396 200 543 534 763 1300 201 1072 2029 1360 2239 1162 309 1241 1230 2055 434 1492 
1478 1218 647 788 770 747 0 1033 871 418 912 613 1469 742 1223 2229 1529 2439 1325 775 1430 1419 2255 577 1655 
1309 1021 648 348 378 407 775 0 281 807 379 813 1300 343 1026 2008 1360 2218 1122 364 1206 1195 2034 721 1452 
1309 1050 538 180 177 169 690 239 0 691 438 835 1300 142 1034 2008 1360 2218 1162 295 1227 1216 2034 520 1492 
1309 1067 488 587 569 546 271 850 670 0 752 444 1300 541 1072 2029 1360 2239 1162 616 1241 1230 2055 439 1492 
1343 1089 714 679 725 695 841 494 640 873 0 879 1244 692 1090 2048 1201 2258 1193 430 1279 1268 2074 1092 1523 
1309 859 523 896 812 768 606 780 767 465 670 0 1300 850 795 1673 1360 1869 830 534 924 882 1681 891 1151 
110 972 1192 1600 1528 1486 1335 1467 1481 1345 1300 1369 0 1613 1173 1936 217 2146 1107 1237 1169 1158 1962 1670 1437 
1399 1133 660 91 126 178 694 309 152 622 508 921 1390 0 1154 2128 1450 2338 1256 437 1343 1332 2154 380 1586 
966 550 724 1134 1044 1002 851 1005 1011 883 886 633 957 1147 0 1154 991 1344 456 750 355 313 1162 1213 775 
1702 1304 1579 1967 1920 1870 1722 1862 1860 1732 1744 1582 1693 1963 1045 0 1753 248 1114 1624 926 879 164 2118 1542 
285 936 1163 1571 1499 1457 1306 1438 1452 1316 1267 1340 175 1584 1122 1886 0 2096 1073 1208 1115 1104 1912 1641 1404 
1909 1482 1757 2156 2095 2045 1883 2051 2025 1922 1924 1760 1954 2152 1237 244 1950 0 1287 1804 1109 1051 330 2282 1715 
786 384 653 1039 981 930 780 926 919 812 815 508 795 1058 333 1333 857 1523 0 679 477 426 1341 1137 609 
1110 726 375 492 371 341 502 402 312 534 292 540 1085 454 727 1698 1042 1917 853 0 930 889 1706 733 1187 
1130 679 997 1385 1316 1274 1126 1252 1266 1136 1142 853 1121 1398 359 1067 1169 1257 370 1022 0 70 1075 1461 751 
1130 625 931 1333 1272 1230 1073 1200 1221 1083 1090 799 1121 1346 348 1053 1100 1243 377 976 89 0 1061 1408 758 
1759 1361 1636 2031 1980 1930 1779 1920 1910 1789 1808 1639 1750 2027 1116 178 1840 350 1211 1681 983 925 0 2181 1639 
1511 1250 705 477 459 511 621 740 583 463 945 870 1502 431 1273 2239 1562 2449 1375 816 1473 1462 2265 0 1705 
1217 798 1069 1464 1396 1354 1212 1331 1345 1222 1221 926 1208 1477 714 1475 1268 1665 414 1101 606 595 1483 1547 0 
0 1013 1195 1578 1477 1435 1320 1439 1407 1366 1336 1346 124 1548 1176 2002 413 2182 1211 1202 1183 1192 2009 1681 1412 
836 0 706 1118 1023 981 797 970 948 839 842 810 841 1088 575 1415 940 1587 557 739 615 618 1427 1165 862 
1142 775 0 728 513 465 373 609 539 415 486 519 1129 663 818 1804 1103 1967 860 383 1004 1013 1829 770 1162 
1561 1172 692 0 227 266 656 350 177 583 519 932 1535 101 1167 2138 1509 2318 1322 528 1363 1372 2145 338 1523 
1429 1104 505 236 0 53 647 345 172 603 514 796 1403 164 1084 2043 1377 2223 1237 391 1278 1287 2050 369 1438 
1397 1013 459 287 65 0 594 358 167 591 490 743 1371 215 1022 2016 1345 2196 1184 345 1232 1241 2023 420 1385 
1429 1104 522 812 754 689 0 896 847 408 773 590 1403 775 1084 2043 1377 2223 1237 670 1278 1287 2050 539 1438 
1337 957 624 362 379 365 715 0 239 757 328 745 1311 354 993 2002 1285 2171 1135 331 1172 1181 2009 695 1332 
1429 1099 515 213 187 150 692 234 0 710 403 826 1403 174 1063 2028 1377 2208 1220 358 1261 1270 2035 515 1421 
1345 987 432 649 622 599 212 806 757 0 683 455 1319 626 1014 2002 1293 2182 1160 580 1192 1201 2009 449 1361 
1396 1023 682 695 691 654 773 487 578 815 0 803 1217 693 1022 2016 1191 2196 1184 389 1232 1241 2023 1030 1385 
1337 771 492 905 810 773 636 769 756 485 646 0 1311 871 781 1663 1285 1836 711 543 821 824 1675 917 994 
120 999 1178 1561 1460 1418 1303 1422 1390 1349 1288 1329 0 1531 1145 1977 289 2157 1160 1185 1152 1161 1984 1664 1361 
1497 1149 622 123 131 170 634 323 150 582 492 912 1471 0 1145 2104 1445 2284 1300 501 1341 1350 2111 348 1501 
927 542 693 1087 1023 981 784 957 939 826 829 686 920 1057 0 1107 966 1279 442 726 311 319 1119 1154 747 
1798 1319 1615 2018 1917 1884 1740 1880 1844 1786 1756 1539 1772 1977 1042 0 1746 307 1102 1622 946 873 143 2188 1461 
318 999 1178 1561 1460 1418 1303 1422 1390 1349 1280 1329 198 1531 1145 1977 0 2157 1160 1185 1152 1161 1984 1664 1361 
1963 1497 1793 2191 2064 2031 1941 2060 2042 1978 1964 1717 1949 2150 1236 258 2022 0 1283 1800 1171 1124 331 2341 1642 
737 376 643 1033 950 908 734 906 889 776 779 562 742 1010 389 1208 892 1380 0 676 421 424 1220 1105 581 
1075 713 385 520 360 323 476 404 331 518 281 506 1072 481 756 1746 1046 1916 798 0 909 919 1758 715 1104 
1094 659 957 1327 1216 1174 1026 1188 1146 1072 1085 898 1104 1297 362 1029 1103 1201 388 962 0 79 1041 1387 759 
1075 626 900 1299 1192 1150 1001 1160 1122 1043 1057 865 1053 1269 334 991 1027 1163 398 935 69 0 1003 1358 769 
1828 1366 1662 2050 1946 1913 1787 1919 1888 1838 1809 1586 1817 2009 1093 166 1793 380 1146 1669 992 925 0 2226 1505 
1449 1118 539 385 385 424 476 688 515 388 790 820 1423 384 1104 2072 1397 2252 1260 687 1301 1310 2079 0 1461 
1310 809 1070 1461 1360 1318 1195 1322 1290 1241 1219 1001 1284 1431 716 1513 1258 1685 433 1085 598 606 1525 1556 0 
0 865 1137 1487 1411 1366 1221 1377 1350 1262 1281 1326 103 1461 1018 1787 350 2010 988 1163 1056 1064 1821 1548 1239 
843 0 662 1016 955 900 756 900 906 773 801 724 861 990 498 1253 894 1453 519 686 596 575 1284 1083 742 
1140 780 0 667 477 412 384 597 510 401 498 428 1129 594 773 1705 1112 1906 923 383 999 990 1736 703 1137 
1448 1161 684 0 227 260 652 341 168 598 503 915 1443 96 1144 2183 1472 2384 1267 480 1350 1358 2266 384 1510 
1335 1055 507 206 0 47 614 356 183 560 518 802 1330 131 1047 2006 1359 2207 1163 361 1234 1242 2089 346 1406 
1335 1029 487 257 65 0 612 369 168 558 516 771 1330 182 998 2006 1359 2207 1148 341 1217 1225 2089 397 1391 
1419 1134 594 781 764 701 0 941 837 430 842 589 1414 734 1122 2120 1443 2321 1245 727 1319 1327 2203 514 1488 
1278 1006 636 293 387 385 754 0 244 771 347 762 1273 311 977 1920 1302 2121 1098 345 1164 1172 2003 634 1341 
1335 1029 516 157 193 167 668 225 0 683 387 798 1330 141 993 1975 1359 2176 1148 312 1203 1211 2058 486 1391 
1335 1015 477 536 519 472 206 776 616 0 725 393 1330 489 993 1964 1359 2165 1148 610 1196 1204 2047 426 1391 
1245 1006 686 614 714 676 780 426 582 797 0 788 1134 632 993 1964 1117 2165 1148 371 1196 1204 2047 962 1391 
1278 818 429 847 807 742 554 777 782 441 678 0 1273 800 739 1622 1302 1838 784 563 909 880 1653 802 1035 
120 873 1138 1488 1412 1367 1222 1378 1351 1263 1282 1326 0 1462 1027 1823 247 2010 1007 1164 1056 1064 1893 1549 1239 
1419 1134 653 78 160 193 623 317 144 569 479 880 1414 0 1122 2120 1443 2321 1245 456 1319 1327 2203 355 1488 
992 515 703 1059 993 953 797 941 954 814 842 608 996 1033 0 1052 979 1252 474 727 338 343 1083 1100 728 
1652 1220 1518 1869 1792 1747 1602 1758 1731 1643 1662 1454 1647 1842 982 0 1676 234 1047 1544 914 852 193 1949 1387 
382 936 1169 1519 1443 1398 1253 1409 1382 1294 1313 1358 262 1493 1089 1865 0 2050 1053 1195 1114 1122 1932 1580 1282 
1825 1383 1681 2055 1959 1913 1765 1924 1898 1807 1840 1617 1818 2048 1134 223 1840 0 1195 1707 1076 1031 322 2152 1535 
800 332 607 957 893 845 701 845 850 718 746 467 818 945 297 1130 851 1330 0 631 450 453 1161 1053 545 
1048 704 384 500 387 341 478 391 343 495 292 486 1039 484 697 1622 1022 1838 831 0 909 887 1653 719 1082 
1140 608 926 1269 1201 1156 1027 1159 1149 1050 1063 788 1129 1243 356 990 1112 1201 402 949 0 77 1045 1354 728 
1048 562 873 1231 1159 1114 980 1121 1116 984 1025 742 1069 1205 312 980 1052 1191 405 897 69 0 1028 1305 731 
1681 1249 1547 1913 1841 1776 1631 1787 1760 1672 1691 1483 1676 1909 1002 174 1705 349 1077 1573 932 875 0 1971 1417 
1434 1161 612 332 341 374 503 622 449 438 784 831 1429 311 1139 2183 1458 2384 1262 688 1350 1358 2266 0 1505 
1191 738 1020 1370 1294 1249 1100 1260 1233 1141 1164 873 1186 1344 673 1327 1215 1527 406 1046 559 564 1358 1427 0 
0 851 1142 1580 1460 1404 1329 1403 1407 1379 1303 1297 123 1534 1030 1753 309 2007 961 1186 1051 1028 1765 1726 1344 
827 0 772 1178 1070 1014 852 999 1005 897 880 816 818 1132 550 1286 849 1487 537 793 625 621 1298 1311 840 
1137 840 0 691 477 436 373 631 498 418 520 537 1202 617 848 1762 1209 2007 961 433 1075 1052 1774 780 1313 
1508 1202 729 0 219 261 668 373 195 620 505 911 1539 88 1188 2137 1549 2371 1296 527 1395 1372 2149 372 1644 
1429 1133 524 228 0 56 635 376 163 587 508 879 1460 154 1136 2049 1470 2283 1244 375 1343 1320 2061 353 1592 
1377 1066 468 269 55 0 579 364 134 531 487 823 1408 195 1075 1990 1418 2224 1181 336 1280 1257 2002 394 1529 
1527 1261 615 762 769 749 0 1015 859 447 907 615 1558 761 1239 2137 1568 2371 1313 821 1412 1389 2149 554 1661 
1291 1014 674 386 379 392 754 0 255 799 320 753 1322 367 1012 1925 1332 2159 1111 350 1212 1189 1937 691 1459 
1377 1066 540 204 193 174 710 254 0 681 386 819 1408 181 1075 1990 1418 2224 1181 332 1280 1257 2002 505 1529 
1377 1072 457 548 555 537 219 871 659 0 750 452 1408 547 1095 1990 1418 2224 1181 663 1280 1257 2002 420 1529 
1377 1097 761 691 762 739 841 461 639 886 0 840 1290 730 1095 2010 1206 2244 1204 437 1303 1280 2022 1086 1552 
1283 755 476 877 789 757 574 744 735 464 623 0 1314 876 716 1577 1324 1778 779 536 914 893 1589 847 1150 
123 842 1142 1580 1460 1404 1329 1403 1407 1379 1267 1297 0 1534 1020 1729 186 1981 961 1186 1051 1028 1741 1726 1321 
1457 1180 665 84 155 197 620 350 167 572 482 911 1488 0 1187 2088 1498 2322 1295 499 1373 1350 2100 324 1643 
1023 557 753 1156 1051 995 833 971 984 878 861 661 1107 1110 0 1020 1058 1221 458 774 320 325 1032 1291 853 
1732 1302 1646 2053 1972 1928 1845 1907 1911 1863 1807 1547 1763 2039 1010 0 1773 222 1079 1690 940 872 131 2256 1527 
320 874 1186 1624 1504 1448 1373 1447 1451 1423 1243 1341 197 1578 1047 1762 0 2007 984 1230 1075 1052 1774 1770 1352 
1894 1445 1789 2208 2123 2079 1981 2077 2040 2008 1959 1690 1914 2194 1167 252 1937 0 1220 1836 1092 1045 291 2377 1668 
812 374 693 1106 997 936 773 922 914 818 801 539 803 1060 321 1169 834 1370 0 714 493 489 1181 1217 708 
1048 748 429 512 362 333 509 411 308 554 305 508 1132 489 756 1677 1083 1918 863 0 1009 984 1689 701 1219 
1137 692 1011 1449 1329 1273 1197 1272 1276 1247 1172 899 1202 1403 371 954 1209 1148 380 1055 0 69 959 1594 775 
1098 659 996 1413 1297 1241 1148 1236 1240 1198 1136 866 1182 1367 329 954 1140 1148 384 1019 69 0 959 1545 779 
1732 1302 1646 2053 1972 1928 1845 1907 1911 1863 1807 1547 1763 2039 1030 157 1773 310 1083 1690 958 892 0 2256 1531 
1527 1261 613 348 378 420 528 712 527 429 844 837 1558 370 1239 2137 1568 2371 1347 739 1421 1398 2149 0 1695 
1283 827 1142 1580 1460 1404 1329 1403 1407 1370 1303 961 1314 1534 734 1415 1324 1616 453 1186 616 623 1427 1726 0 
0 871 1169 1501 1443 1403 1320 1403 1386 1331 1311 1326 136 1475 1068 1888 304 2064 1027 1176 1074 1073 1936 1650 1239 
863 0 788 1117 1077 1037 926 1024 1002 957 920 803 880 1091 554 1468 873 1650 614 820 666 671 1500 1277 853 
1101 833 0 654 469 414 347 602 537 386 493 474 1137 577 794 1862 1173 2038 967 394 1040 1043 1910 698 1156 
1498 1259 763 0 199 250 690 333 194 612 519 938 1500 100 1259 2348 1536 2524 1371 526 1475 1474 2396 383 1607 
1428 1199 578 199 0 65 658 372 198 580 523 857 1430 122 1167 2230 1466 2406 1279 402 1383 1382 2278 351 1515 
1365 1124 513 240 55 0 622 385 173 606 514 792 1367 163 1111 2167 1403 2343 1224 367 1328 1327 2215 392 1460 
1479 1233 608 787 780 752 0 980 875 414 872 614 1481 740 1203 2240 1517 2416 1314 773 1418 1417 2288 556 1550 
1365 1124 717 363 392 440 845 0 298 884 376 786 1367 358 1111 2167 1403 2343 1224 393 1328 1327 2215 711 1460 
1399 1145 625 166 170 197 782 252 0 722 403 803 1401 140 1120 2167 1437 2343 1232 368 1336 1335 2215 493 1468 
1348 1103 470 602 590 614 203 843 730 0 734 478 1350 550 1060 2086 1386 2262 1144 635 1257 1256 2134 410 1380 
1372 1551 1186 678 729 780 1341 513 688 1280 0 1288 1258 673 1531 2561 1200 2738 1643 846 1747 1746 2609 1029 1916 
1254 834 444 840 788 733 612 741 750 444 632 0 1256 814 701 1621 1292 1809 749 533 852 857 1653 831 1035 
123 875 1169 1501 1443 1403 1320 1403 1386 1331 1258 1326 0 1475 1068 1888 168 2064 1027 1176 1074 1073 1936 1650 1247 
1498 1241 697 83 133 184 662 344 180 584 505 929 1500 0 1227 2263 1536 2439 1339 512 1443 1442 2311 355 1575 
999 564 756 1088 1045 1005 884 1005 973 928 887 623 1043 1062 0 1220 1014 1402 483 788 377 382 1252 1247 756 
1738 1344 1749 2163 2052 2017 1879 2016 1979 1891 1911 1494 1740 2147 1053 0 1776 234 1091 1745 949 889 141 2284 1434 
427 1027 1396 1728 1670 1630 1547 1630 1613 1558 1419 1455 304 1702 1206 2024 0 2200 1180 1374 1204 1203 2072 1946 1416 
1987 1539 1950 2369 2222 2187 2129 2222 2195 2108 2106 1689 2040 2317 1246 241 2035 0 1278 1982 1150 1094 334 2524 1621 
818 386 693 1037 989 931 821 953 921 860 824 484 835 1014 330 1322 828 1504 0 725 506 511 1354 1198 578 
1101 813 416 486 379 324 544 388 320 583 279 485 1137 460 774 1809 1108 1992 925 0 1026 1032 1865 716 1145 
1101 677 1030 1365 1307 1267 1189 1267 1250 1200 1175 824 1137 1339 395 1056 1173 1238 384 1040 0 70 1088 1519 727 
1063 623 992 1325 1267 1227 1145 1227 1210 1156 1135 770 1107 1299 352 1023 1108 1205 385 1000 69 0 1055 1475 728 
1796 1402 1809 2225 2079 2044 1953 2078 2025 1951 1962 1552 1798 2174 1094 185 1840 322 1130 1806 1007 951 0 2351 1473 
1479 1233 613 332 347 398 458 651 487 380 812 847 1481 307 1211 2245 1517 2421 1323 735 1427 1426 2293 0 1559 
1267 860 1170 1502 1444 1404 1321 1404 1387 1332 1312 977 1269 1476 790 1554 1305 1736 474 1177 701 713 1586 1651 0 
0 872 1306 1545 1581 1546 1548 1430 1449 1560 1169 1416 107 1509 1154 2102 276 2265 1035 1305 1128 1136 2113 1838 1245 
1001 0 882 1288 1213 1176 1186 1208 1192 1103 1199 706 952 1252 508 1581 940 1760 671 960 797 773 1604 1465 914 
1482 951 0 638 495 477 436 614 493 393 664 442 1492 578 941 2138 1485 2293 1126 450 1218 1226 2149 785 1396 
1753 1293 712 0 182 222 677 303 166 591 533 825 1741 89 1202 2376 1734 2552 1480 499 1455 1463 2387 348 1814 
1720 1288 545 157 0 54 666 318 151 581 539 785 1730 97 1180 2374 1723 2535 1449 415 1433 1441 2385 388 1777 
1703 1252 505 184 41 0 612 324 125 556 545 736 1713 124 1179 2374 1706 2535 1432 375 1432 1440 2385 415 1760 
1933 1353 705 780 825 784 0 1022 848 427 1131 628 1957 721 1263 2337 2012 2498 1422 926 1516 1522 2348 611 1849 
1581 1058 655 287 366 362 878 0 244 823 376 645 1591 311 1018 2205 1584 2366 1296 319 1283 1291 2216 606 1641 
1665 1174 546 171 167 149 737 223 0 679 444 715 1660 149 1095 2337 1653 2498 1363 344 1348 1356 2348 475 1691 
1753 1149 427 562 609 581 304 794 627 0 920 425 1763 500 1103 2138 1756 2293 1224 721 1350 1342 2149 473 1665 
1267 1513 1030 599 678 718 1238 446 627 1162 0 1064 1164 623 1424 2605 1157 2761 1685 719 1677 1685 2616 938 2041 
1586 828 447 936 823 782 651 922 847 431 907 0 1596 871 782 1620 1589 1799 888 738 986 933 1643 910 1129 
140 890 1306 1539 1578 1546 1548 1391 1446 1560 1166 1461 0 1506 1154 2144 169 2320 1058 1308 1164 1172 2155 1838 1294 
1703 1252 673 66 143 183 616 294 127 530 515 786 1713 0 1179 2374 1706 2535 1432 460 1432 1440 2385 337 1760 
1332 672 1010 1356 1298 1261 1265 1276 1260 1138 1267 716 1342 1320 0 1208 1335 1336 563 1017 368 337 1231 1496 928 
2251 1809 2140 2535 2428 2399 2334 2458 2397 2210 2525 1796 2244 2496 1251 0 2308 223 1457 2214 1117 1064 111 2596 1790 
353 936 1338 1524 1560 1538 1580 1391 1428 1592 1148 1493 213 1488 1197 2181 0 2357 1083 1290 1193 1201 2192 1838 1298 
2426 1988 2318 2723 2614 2585 2508 2644 2583 2384 2711 1983 2419 2682 1435 243 2483 0 1641 2400 1301 1248 325 2809 2011 
1125 563 878 1288 1218 1181 1168 1208 1192 1007 1199 584 1040 1252 408 1521 1033 1700 0 960 686 691 1544 1369 796 
1332 825 421 454 311 293 715 376 284 672 377 411 1342 394 810 2014 1335 2162 1009 0 1084 1092 2025 685 1237 
1568 1007 1333 1667 1609 1572 1494 1587 1571 1311 1578 929 1578 1631 375 1083 1571 1264 473 1374 0 69 1106 1673 773 
1568 1007 1274 1667 1601 1564 1434 1587 1571 1251 1578 876 1578 1631 370 1020 1571 1207 487 1374 69 0 1049 1613 815 
2251 1809 2140 2535 2428 2399 2334 2458 2397 2210 2525 1796 2244 2496 1251 111 2308 277 1457 2214 1117 1064 0 2596 1790 
1933 1509 713 327 428 468 606 613 446 434 834 842 1957 319 1399 2509 2012 2670 1625 779 1652 1660 2520 0 2011 
1399 999 1320 1654 1596 1559 1563 1574 1558 1380 1565 1036 1501 1618 747 1521 1565 1700 426 1374 597 602 1544 1742 0 
0 804 1144 1420 1350 1326 1256 1288 1349 1274 1046 1233 105 1410 942 1639 264 1785 983 1134 953 954 1646 1505 1152 
765 0 738 1050 907 879 900 1007 906 883 1017 651 758 990 443 1258 940 1404 514 659 541 538 1265 1112 728 
963 719 0 503 360 326 339 500 386 322 481 363 987 443 681 1564 1143 1710 815 299 868 865 1571 551 1041 
1309 1048 525 0 157 198 490 292 148 425 454 700 1302 67 1024 1884 1363 2062 1163 415 1189 1189 1915 302 1346 
1217 970 382 157 0 55 476 304 135 411 441 624 1210 97 928 1800 1271 1978 1099 325 1120 1120 1807 292 1282 
1191 909 327 177 34 0 463 302 107 398 434 569 1184 117 871 1755 1245 1942 1022 280 1075 1075 1762 312 1223 
1309 1048 488 629 618 606 0 857 712 346 807 531 1302 603 1024 1885 1363 2062 1163 625 1192 1192 1915 435 1346 
1191 909 511 284 317 306 716 0 246 689 324 608 1184 291 867 1755 1245 1942 1022 293 1075 1075 1762 570 1223 
1217 951 397 168 131 107 570 221 0 505 358 648 1210 129 912 1778 1271 1942 1065 270 1098 1098 1785 408 1282 
1139 890 333 433 422 410 156 685 516 0 652 343 1132 407 852 1721 1193 1869 1007 470 1041 1041 1728 311 1223 
1068 1216 790 530 563 585 982 381 525 937 0 945 983 537 1218 2164 970 2266 1353 627 1372 1372 2194 816 1536 
1191 653 352 733 609 585 532 664 608 376 599 0 1184 692 585 1442 1245 1588 683 417 763 745 1449 687 897 
85 777 1122 1363 1328 1304 1234 1231 1327 1252 989 1188 0 1370 922 1610 159 1756 899 1099 930 925 1617 1483 1152 
1277 1006 465 66 97 138 465 278 109 400 415 675 1270 0 966 1832 1331 2000 1127 376 1150 1150 1845 281 1310 
879 498 780 1090 947 923 942 1046 948 929 1017 563 872 1030 0 1068 1037 1209 407 701 279 287 1075 1154 684 
1626 1216 1551 1862 1757 1733 1663 1791 1756 1681 1723 1432 1619 1823 963 0 1680 200 1058 1567 883 830 111 1949 1335 
244 889 1183 1458 1389 1365 1295 1326 1388 1313 1084 1295 159 1449 1026 1721 0 1869 1022 1198 1041 1041 1728 1544 1227 
1749 1339 1674 1981 1886 1862 1786 1924 1885 1807 1843 1555 1742 1942 1107 199 1840 0 1188 1690 1027 974 251 2046 1465 
713 332 710 1044 896 872 893 996 895 807 946 457 706 990 286 1142 852 1288 0 652 409 406 1149 1107 518 
931 696 345 387 244 220 507 342 243 490 303 399 926 327 658 1544 1080 1690 792 0 845 842 1551 522 1023 
946 563 970 1281 1182 1158 1092 1216 1181 1089 1148 735 939 1242 282 1012 1098 1136 353 966 0 69 1019 1341 630 
959 566 971 1301 1202 1178 1092 1236 1201 1063 1168 717 983 1262 286 963 1142 1108 359 966 69 0 970 1341 636 
1675 1265 1600 1912 1807 1782 1712 1841 1806 1730 1772 1464 1668 1873 1012 149 1729 314 1104 1616 932 875 0 1961 1381 
1309 1048 484 302 292 333 388 555 386 322 692 665 1302 277 1024 1884 1363 2062 1163 603 1189 1189 1915 0 1346 
1089 691 1072 1397 1268 1244 1221 1332 1267 1166 1264 816 1100 1351 599 1283 1143 1429 359 1015 507 515 1290 1470 0 
0 749 964 1275 1182 1158 1081 1198 1179 1097 977 1101 85 1236 899 1579 244 1720 874 987 919 893 1586 1328 1103 
731 0 567 880 787 763 676 815 784 696 728 617 724 841 443 1233 758 1374 485 596 527 504 1240 958 748 
931 645 0 522 379 345 283 500 386 303 426 363 926 462 667 1510 965 1651 785 294 851 828 1517 534 1044 
1308 1006 503 0 157 177 487 290 148 425 425 692 1311 67 1018 1841 1364 1987 1109 391 1188 1165 1845 302 1328 
1189 858 360 157 0 34 473 304 131 411 412 602 1192 97 880 1722 1245 1865 1014 248 1075 1052 1729 292 1223 
1137 834 326 177 34 0 460 299 107 398 402 568 1140 117 856 1688 1193 1831 979 224 1041 1018 1695 312 1219 
1275 951 463 606 595 583 0 814 689 338 727 527 1278 580 982 1804 1331 1970 1076 595 1156 1133 1814 395 1295 
1189 860 501 284 306 301 667 0 223 678 310 622 1192 280 882 1722 1245 1865 1014 313 1075 1052 1729 559 1247 
1189 859 387 146 131 107 553 221 0 505 329 638 1192 107 881 1722 1245 1865 1014 247 1075 1052 1729 386 1223 
1089 808 325 433 422 410 156 676 516 0 589 342 1100 407 830 1664 1153 1809 956 457 1015 1003 1671 311 1177 
1073 870 571 507 536 526 680 359 453 700 0 632 989 510 892 1745 982 1890 1014 323 1098 1075 1752 789 1247 
1081 624 352 679 586 562 530 614 583 376 527 0 1100 640 579 1401 1153 1542 649 395 732 698 1408 687 914 
85 742 959 1273 1180 1156 1076 1193 1177 1092 972 1083 0 1234 892 1579 159 1720 867 985 912 886 1586 1323 1100 
1275 951 443 66 97 117 462 278 109 400 386 667 1278 0 966 1797 1331 1939 1076 331 1150 1127 1807 281 1295 
854 461 608 923 828 804 717 856 825 737 769 546 847 882 0 958 881 1099 397 637 279 261 965 999 703 
1528 1119 1425 1728 1635 1611 1540 1663 1632 1556 1576 1317 1531 1689 886 0 1584 200 989 1440 813 760 111 1787 1263 
244 790 1008 1330 1237 1213 1126 1265 1234 1142 1046 1138 159 1291 942 1614 0 1755 924 1042 957 935 1621 1373 1148 
1663 1254 1560 1869 1770 1746 1675 1798 1767 1691 1711 1452 1666 1836 1027 199 1719 0 1122 1575 953 900 251 1949 1396 
690 297 546 859 766 742 655 794 763 675 707 438 683 820 279 1063 717 1204 0 575 401 378 1070 910 539 
931 629 330 387 244 220 439 335 243 459 248 391 913 327 651 1491 955 1632 769 0 835 812 1498 522 1041 
931 536 812 1125 1041 1017 924 1060 1029 956 1004 718 926 1086 282 870 956 1034 338 841 0 69 877 1178 657 
911 514 790 1107 1017 993 899 1042 1011 923 1004 696 900 1068 271 817 940 961 344 819 69 0 824 1154 663 
1545 1136 1442 1745 1652 1628 1557 1680 1649 1573 1593 1354 1548 1706 893 111 1601 252 989 1457 820 767 0 1810 1263 
1275 951 462 302 292 312 375 555 386 309 663 651 1278 277 982 1804 1331 1970 1076 526 1156 1133 1814 0 1295 
1052 645 894 1228 1116 1092 1023 1163 1115 1039 1076 786 1076 1189 588 1233 1090 1374 348 923 506 514 1240 1270 0 
