55
5
10800
0
545
410
592
493
453
520
473
393
474
569
471
503
497
481
547
398
564
375
459
408
418
411
566
367
451
595
366
447
510
569
505
398
423
400
453
479
437
519
563
434
575
391
546
473
567
551
397
545
524
559
379
412
475
505
0 1074 760 1031 484 1386 606 356 395 626 455 736 588 688 489 948 228 1371 566 591 639 847 350 452 182 981 770 606 680 391 465 344 626 477 510 558 1133 410 855 1071 1023 922 667 935 687 1105 458 251 730 614 1252 896 470 457 575 
1055 0 613 1109 1296 1464 1429 1178 1230 989 1221 1401 1178 1353 1301 126 1050 1449 1378 997 731 571 867 575 1089 1075 1582 1418 751 741 1231 1166 1438 1300 1021 1369 1227 1208 250 496 1842 342 1490 1742 1437 527 1281 1288 1543 1279 519 1725 818 988 1386 
689 624 0 689 940 1053 1067 827 886 692 849 1011 837 963 945 498 699 1026 1001 677 330 87 522 387 738 646 1234 1050 350 403 859 815 1090 953 693 998 798 817 408 594 1484 400 1142 1381 1047 551 944 932 1190 888 788 1395 527 640 1018 
1166 1314 954 0 1436 472 1569 1318 1363 1164 1341 1502 1307 1454 1441 1198 1190 337 1487 1149 789 1041 1014 789 1229 498 1722 1536 921 875 1351 1306 1578 1440 1173 1489 478 1309 1087 1295 1953 1141 1630 1879 1538 1326 1414 1406 1683 1380 1463 1897 1001 1132 1506 
461 1329 1000 1382 0 1737 609 275 741 653 304 418 466 379 5 1203 302 1722 222 517 874 1087 471 701 420 1270 426 262 921 626 297 274 282 142 488 243 1444 297 1140 1348 659 1194 670 551 343 1379 792 479 504 397 1516 1241 607 435 184 
1337 1458 1105 487 1595 0 1728 1477 1534 1336 1500 1661 1481 1613 1600 1346 1349 476 1646 1326 943 1192 1173 947 1388 485 1881 1695 1072 1047 1510 1465 1737 1599 1344 1648 423 1468 1208 1416 2112 1262 1789 2033 1697 1447 1585 1577 1842 1539 1584 2049 1171 1291 1665 
650 1488 1202 1509 765 1866 0 712 963 1080 811 1046 942 1007 770 1362 584 1860 847 959 1065 1289 724 890 609 1426 989 887 1067 815 821 700 914 713 863 661 1600 766 1305 1513 1313 1359 405 492 971 1544 1039 491 279 968 1681 1388 917 810 759 
357 1216 909 1231 343 1586 656 0 638 550 201 611 518 563 348 1090 130 1571 401 414 788 996 368 615 291 1171 629 450 829 540 211 30 485 267 385 381 1323 334 1017 1225 862 1071 717 760 546 1256 689 526 553 499 1393 1149 504 332 398 
398 1196 897 1231 751 1586 896 661 0 763 641 802 654 754 756 1070 533 1571 787 666 776 987 477 589 549 1126 1055 836 817 528 651 649 893 734 576 789 1300 609 1017 1225 1290 1071 959 1176 838 1256 409 638 1031 680 1393 997 607 523 806 
618 1011 783 1044 694 1399 1011 607 815 0 584 650 407 584 699 885 629 1384 665 349 636 870 396 414 668 983 980 714 703 397 594 606 836 677 373 732 1145 514 878 1086 1236 942 1054 1116 690 1127 866 858 1012 542 1258 1311 225 365 749 
535 1279 978 1287 284 1642 734 196 691 603 0 562 489 521 289 1153 308 1627 359 467 847 1065 421 674 469 1227 570 406 888 599 10 195 426 267 438 322 1379 292 1087 1295 803 1141 795 705 487 1326 742 604 583 457 1463 1241 557 385 339 
692 1421 1148 1455 410 1811 1011 566 840 651 565 0 257 93 411 1295 616 1795 292 622 1012 1235 640 823 686 1367 555 246 1041 748 575 565 411 521 518 622 1541 365 1251 1459 711 1305 1052 715 137 1490 891 858 883 133 1627 1362 687 497 543 
548 1196 896 1231 488 1586 866 453 696 407 455 254 0 188 493 1070 503 1571 274 409 775 987 443 591 542 1126 661 323 816 527 465 452 517 548 305 603 1300 252 1017 1225 885 1071 932 821 294 1256 747 736 864 151 1393 1241 443 284 613 
657 1388 1090 1419 375 1774 955 531 805 620 530 66 222 0 376 1262 581 1759 257 587 968 1177 605 788 651 1324 520 211 1039 713 540 530 376 486 483 587 1498 330 1193 1401 706 1247 1021 680 139 1432 856 823 848 98 1569 1296 656 462 508 
504 1358 1038 1382 48 1737 652 318 784 696 299 413 461 374 0 1232 345 1722 217 560 922 1125 514 744 463 1302 421 257 982 669 292 317 277 185 531 286 1474 292 1149 1357 654 1203 713 546 338 1388 835 522 547 392 1525 1281 650 478 179 
912 126 498 1031 1170 1386 1309 1049 1116 857 1083 1239 1031 1191 1175 0 921 1371 1224 870 654 515 741 449 963 981 1456 1273 674 615 1093 1037 1312 1171 894 1231 1133 1046 194 440 1706 286 1370 1614 1275 471 1165 1154 1423 1117 523 1609 692 859 1248 
227 1087 779 1040 323 1395 526 128 553 605 301 601 501 562 328 961 0 1380 405 469 658 866 319 485 186 993 609 445 699 410 311 116 465 249 440 396 1145 256 874 1082 842 942 587 742 526 1127 604 396 535 508 1252 1074 511 387 414 
1309 1429 1078 507 1567 475 1700 1449 1506 1308 1472 1633 1453 1585 1572 1319 1321 0 1618 1298 922 1165 1145 923 1360 628 1855 1667 1047 1019 1482 1437 1709 1571 1316 1620 607 1440 1179 1387 2092 1233 1761 2014 1669 1418 1557 1549 1814 1511 1555 2005 1143 1263 1637 
599 1412 1109 1455 250 1811 828 396 826 665 356 274 267 235 251 1286 446 1795 0 608 1012 1196 563 809 558 1344 395 57 1041 734 366 395 251 361 504 462 1518 195 1212 1420 683 1266 889 555 199 1451 877 698 723 235 1588 1362 699 483 383 
527 1074 774 1037 483 1392 835 396 675 369 373 580 416 532 488 948 446 1377 564 0 653 861 230 471 511 993 769 605 694 405 383 395 625 466 113 521 1145 370 869 1082 1023 942 896 906 616 1127 726 705 782 458 1252 1172 323 154 538 
651 813 475 587 902 951 1030 789 848 654 811 985 799 930 907 687 661 940 957 639 0 562 484 259 700 544 1191 1006 271 365 821 777 1047 908 655 960 696 779 570 778 1438 624 1116 1351 1009 753 899 891 1174 850 970 1362 489 602 976 
798 571 109 798 1053 1161 1173 945 999 801 960 1135 948 1087 1058 515 808 1156 1113 786 439 0 631 496 847 755 1339 1162 459 512 970 933 1195 1059 802 1107 912 941 321 507 1589 313 1234 1490 1171 498 1057 1041 1310 1013 701 1492 636 749 1124 
326 921 611 863 503 1232 639 404 513 398 393 587 439 539 508 788 276 1223 572 284 490 698 0 317 315 820 789 621 531 242 403 392 645 486 238 541 985 390 706 928 1043 760 700 927 623 945 564 509 763 465 1090 1074 242 185 558 
458 597 414 637 710 998 832 597 655 408 619 780 581 732 715 471 469 984 765 421 222 501 292 0 508 547 999 814 439 166 629 585 852 712 445 767 721 587 580 788 1243 634 893 1159 816 819 706 698 957 658 997 1149 243 410 784 
182 1120 806 1085 443 1440 565 315 550 694 414 711 563 663 448 994 187 1425 525 575 685 893 346 512 0 1018 729 565 726 437 424 303 585 436 485 517 1170 369 907 1116 983 955 626 848 646 1140 613 410 641 589 1283 1074 538 432 534 
929 1073 703 361 1198 485 1335 1065 1123 929 1088 1257 1077 1209 1203 948 937 689 1242 921 554 790 759 554 986 0 1484 1291 673 640 1098 1053 1340 1187 937 1236 174 1064 798 1039 1734 852 1396 1619 1293 1040 1173 1169 1449 1135 1215 1617 764 877 1253 
604 1441 1148 1478 174 1840 752 418 884 796 456 379 434 340 175 1315 445 1822 183 660 1034 1235 614 844 563 1404 0 223 1041 769 449 417 173 285 631 386 1570 362 1251 1459 687 1305 813 497 304 1490 944 622 632 358 1627 1388 750 578 243 
623 1460 1167 1487 193 1844 771 437 907 815 475 391 474 387 194 1334 464 1840 229 679 1043 1254 633 863 582 1404 338 0 1041 788 468 436 194 304 650 405 1578 402 1270 1478 626 1324 832 498 263 1509 959 641 666 405 1646 1388 769 597 326 
1001 1073 824 1085 1264 1440 1397 1146 1209 1003 1166 1327 1152 1279 1269 1017 1018 1425 1312 997 568 914 833 756 1057 1014 1550 1361 0 714 1176 1134 1406 1266 1005 1314 1166 1134 791 1039 1800 783 1458 1697 1363 514 1260 1241 1511 1205 1196 1704 838 952 1331 
416 740 480 732 668 1104 790 555 613 344 577 738 539 690 673 614 427 1090 723 379 359 567 250 143 466 689 955 772 400 0 587 543 810 670 403 725 841 545 575 783 1217 629 851 1116 774 814 664 656 914 616 997 1105 179 368 742 
545 1291 978 1292 294 1647 744 206 701 613 10 572 499 531 299 1165 318 1632 369 477 857 1065 431 684 479 1232 580 416 898 609 0 205 436 277 448 332 1384 302 1087 1295 813 1141 805 715 497 1326 752 614 593 467 1463 1241 567 395 349 
345 1206 897 1231 318 1586 644 26 636 548 199 596 516 557 323 1080 118 1571 399 412 776 987 366 603 279 1171 604 440 817 528 209 0 460 255 383 379 1323 332 1017 1225 837 1071 705 748 521 1256 687 514 541 497 1393 1149 502 330 396 
669 1508 1211 1528 239 1886 817 483 956 861 517 444 499 405 240 1382 510 1884 248 725 1084 1298 679 911 628 1446 295 257 1076 834 510 482 0 350 696 404 1620 427 1314 1522 632 1368 878 455 337 1553 1039 687 625 423 1690 1461 815 643 250 
319 1158 853 1129 371 1484 467 297 627 741 441 649 610 610 376 1032 195 1469 453 622 732 947 393 559 278 1075 657 493 773 484 451 285 513 0 532 445 1227 425 976 1184 890 1030 528 777 574 1215 678 337 570 628 1352 1072 585 479 462 
515 1087 782 1044 471 1399 831 384 663 383 361 515 303 467 476 961 434 1384 500 104 661 869 226 488 507 993 757 549 702 413 371 383 613 454 0 509 1145 322 877 1086 1015 942 892 892 551 1127 714 701 770 393 1258 1157 345 67 526 
574 1368 1078 1393 285 1748 663 317 783 695 361 612 663 573 290 1242 392 1733 416 559 943 1165 513 766 533 1302 494 456 982 691 371 316 434 255 530 0 1476 494 1179 1387 853 1233 783 411 537 1418 834 592 405 591 1555 1281 649 477 228 
1094 1226 857 344 1336 423 1469 1218 1291 1086 1240 1401 1225 1353 1341 1106 1090 605 1386 1069 708 947 916 708 1129 174 1622 1435 827 794 1250 1206 1478 1340 1092 1388 0 1208 976 1184 1862 1030 1530 1771 1437 1215 1342 1328 1583 1279 1352 1786 918 1039 1405 
404 1219 918 1231 317 1586 703 201 638 516 216 371 253 323 322 1093 251 1571 201 414 794 1005 368 621 363 1171 588 250 835 546 226 200 444 309 324 364 1323 0 1087 1295 845 1141 764 747 317 1326 689 573 625 259 1463 1149 504 303 381 
840 250 363 840 1095 1202 1235 979 1039 843 1001 1178 992 1130 1100 194 850 1197 1163 828 481 321 673 586 889 797 1381 1212 501 554 1011 967 1237 1101 844 1149 954 971 0 246 1631 92 1296 1532 1214 277 1091 1084 1349 1056 380 1535 678 791 1166 
594 577 117 594 845 957 977 732 791 597 754 918 742 867 850 451 604 940 900 582 235 204 427 340 643 551 1145 951 255 308 764 720 988 847 598 912 703 722 382 0 1369 436 1029 1295 952 621 842 834 1108 793 762 1281 432 545 932 
1050 1891 1632 1940 617 2301 1195 861 1349 1254 899 750 929 763 618 1763 888 2277 675 1118 1505 1719 1072 1292 1009 1845 793 712 1497 1223 892 860 631 728 1089 829 2019 854 1735 1971 0 1789 1256 1024 739 1982 1400 1094 1100 831 2136 1829 1208 1036 769 
872 342 395 872 1134 1239 1259 1015 1078 875 1050 1196 1023 1148 1139 286 882 1223 1181 860 513 313 705 618 926 829 1420 1230 533 586 1060 1003 1276 1137 876 1198 985 1001 92 278 1670 0 1320 1580 1232 269 1127 1118 1373 1074 467 1565 710 823 1215 
641 1479 1202 1509 756 1866 429 703 956 1063 802 1046 935 1007 761 1353 575 1860 838 948 1065 1289 715 881 600 1417 1055 878 1047 806 812 691 898 775 854 830 1591 757 1305 1513 1290 1359 0 751 971 1529 1039 464 538 959 1681 1082 911 801 847 
972 1773 1516 1836 554 2193 492 709 1186 1094 753 842 897 803 559 1647 737 2173 646 959 1389 1603 911 1176 898 1711 635 686 1381 1107 763 708 636 647 937 412 1885 804 1619 1828 1058 1673 760 0 767 1875 1237 776 267 821 2054 1570 1042 869 467 
723 1460 1154 1478 336 1840 915 552 871 690 545 135 292 147 337 1334 602 1822 218 653 1034 1241 671 854 714 1404 481 172 1041 779 555 551 337 447 549 548 1570 351 1257 1465 713 1311 982 641 0 1496 922 784 809 165 1633 1362 726 528 469 
1058 527 551 1085 1315 1440 1448 1197 1255 1063 1240 1401 1202 1353 1320 471 1069 1425 1386 1045 698 498 890 803 1108 1014 1601 1435 661 771 1250 1185 1457 1319 1062 1388 1166 1208 277 463 1862 269 1509 1761 1437 0 1306 1298 1562 1279 657 1750 895 1009 1405 
462 1222 944 1239 787 1594 934 697 409 799 677 838 690 790 792 1096 569 1579 823 702 812 1031 513 625 608 1176 1078 872 853 564 687 685 935 770 612 825 1331 645 1087 1295 1313 1141 998 1222 874 1326 0 702 1069 716 1463 869 643 559 842 
257 1279 964 1287 545 1642 475 492 639 852 591 823 721 784 550 1153 364 1627 627 733 843 1051 504 670 389 1227 831 667 884 595 601 480 687 564 643 610 1379 546 1087 1295 1085 1141 464 780 748 1326 702 0 573 747 1463 728 696 590 636 
758 1601 1349 1666 554 2024 279 547 1045 959 618 869 923 830 559 1475 531 2016 673 816 1222 1436 770 1004 692 1539 719 713 1214 936 628 535 663 509 787 405 1713 751 1452 1660 1134 1506 547 267 794 1691 1091 570 0 848 1829 1388 906 734 494 
566 1294 991 1306 404 1661 884 450 714 539 449 136 141 88 405 1168 500 1646 226 496 870 1078 514 697 560 1246 549 240 921 622 459 449 405 515 392 613 1398 249 1099 1307 792 1153 948 709 172 1338 765 754 874 0 1475 1241 575 371 537 
1231 519 743 1287 1489 1642 1622 1371 1428 1226 1394 1555 1375 1507 1494 523 1243 1627 1540 1220 861 701 1067 973 1282 1227 1775 1589 881 939 1404 1359 1631 1493 1238 1542 1379 1362 380 626 2013 467 1683 1929 1591 657 1479 1471 1736 1433 0 1974 1061 1185 1559 
967 1739 1490 1829 1282 2154 1230 1207 932 1316 1184 1345 1197 1297 1287 1613 1096 2166 1330 1209 1363 1577 1017 1142 1118 1677 1568 1379 1355 1081 1194 1206 1424 1284 1119 1332 1854 1152 1593 1801 1829 1647 1137 1517 1381 1833 819 728 1310 1223 1990 0 1160 1066 1349 
462 846 626 878 640 1239 836 553 659 225 530 688 445 622 645 720 473 1223 703 295 471 713 240 249 512 796 937 752 546 232 540 552 782 623 319 678 985 527 721 934 1180 775 897 1061 728 985 710 702 942 580 1154 1149 0 311 695 
448 1026 715 989 404 1344 764 317 596 339 294 486 290 438 409 892 367 1329 471 178 594 802 159 421 440 925 690 520 635 346 304 316 546 387 74 442 1077 291 810 1039 929 864 825 825 522 1082 647 634 703 364 1215 1105 293 0 459 
589 1388 1090 1400 179 1755 737 332 798 710 376 529 584 490 184 1262 407 1740 333 574 968 1177 528 781 548 1324 439 373 1008 706 386 331 275 270 545 231 1492 429 1193 1401 791 1247 798 463 454 1432 849 607 497 508 1569 1287 664 492 0 
0 1316 856 1207 754 1696 886 662 518 822 718 902 783 807 759 1136 466 1576 823 691 750 996 489 515 347 1226 1066 863 717 456 728 626 982 753 674 852 1424 660 999 1226 1482 1089 860 1256 973 1257 565 337 1005 720 1381 1067 583 604 865 
1330 0 717 1276 1530 1765 1676 1478 1631 1274 1431 1696 1504 1620 1535 153 1266 1645 1589 1263 870 846 1057 744 1363 1295 1831 1621 858 903 1441 1433 1698 1502 1290 1619 1493 1449 304 595 2204 446 1774 2042 1737 709 1581 1469 1867 1484 573 2046 997 1251 1657 
788 801 0 871 1077 1357 1217 1019 1066 844 983 1166 1011 1090 1082 679 819 1252 1136 799 388 129 547 482 889 803 1361 1168 376 420 993 987 1245 1031 823 1148 1015 898 513 679 1767 461 1315 1551 1211 714 1050 1027 1420 954 884 1429 575 797 1186 
1343 1484 1044 0 1579 664 1725 1527 1644 1352 1480 1745 1553 1669 1584 1417 1315 412 1638 1315 922 1178 1106 918 1412 585 1882 1670 992 970 1490 1482 1747 1551 1342 1668 625 1498 1164 1391 2260 1254 1826 2138 1786 1493 1594 1518 1929 1533 1546 2086 1084 1300 1706 
592 1525 1105 1367 0 1858 715 365 854 853 377 505 647 505 5 1391 384 1736 240 546 1015 1239 558 753 498 1386 470 280 964 690 374 350 342 159 559 305 1584 434 1205 1432 812 1295 794 671 394 1465 893 552 675 524 1587 1298 714 489 263 
1606 1730 1310 656 1838 0 1960 1790 1888 1615 1743 2028 1820 1947 1843 1663 1578 589 1912 1578 1214 1444 1369 1169 1675 569 2144 1960 1253 1217 1753 1745 1981 1819 1605 1937 537 1761 1410 1637 2484 1500 2092 2351 2057 1754 1974 1781 2204 1796 1792 2310 1346 1563 1992 
933 1867 1444 1698 1013 2218 0 1010 1358 1351 1087 1332 1267 1277 1018 1735 803 2143 1072 1163 1354 1578 1005 1097 834 1717 1297 1104 1290 1022 1097 966 1181 966 1153 891 1920 1171 1544 1771 1703 1634 532 806 1224 1791 1314 767 433 1247 1990 1464 1143 1089 1100 
626 1475 1041 1349 460 1841 897 0 775 774 293 794 699 723 465 1295 240 1718 529 467 914 1175 479 677 452 1368 759 569 875 614 303 42 633 369 480 515 1566 486 1164 1391 1166 1254 1028 967 683 1379 814 734 797 636 1546 1251 635 410 528 
533 1455 1026 1349 931 1841 1119 889 0 968 803 974 868 892 936 1275 716 1718 991 776 906 1160 632 668 786 1368 1225 1042 870 609 813 874 1109 881 759 985 1566 745 1164 1391 1644 1254 1223 1415 1088 1379 526 819 1325 805 1546 1105 736 689 1022 
793 1316 896 1229 816 1718 1217 780 1066 0 694 841 537 742 821 1136 812 1598 839 409 790 1034 477 511 882 1237 1136 888 757 496 704 765 1011 772 433 871 1446 690 1038 1265 1536 1128 1315 1326 926 1257 1050 1009 1255 672 1420 1449 267 480 884 
701 1523 1105 1364 383 1858 895 306 840 839 0 717 694 717 388 1391 489 1733 452 532 1015 1239 544 742 678 1383 682 492 964 679 10 291 556 339 545 438 1581 437 1203 1430 1076 1293 1028 883 606 1465 879 732 808 631 1585 1291 700 475 451 
939 1761 1341 1595 571 2076 1251 845 1195 968 801 0 394 154 557 1623 886 1993 403 853 1251 1475 877 985 944 1614 702 357 1187 924 811 830 576 676 749 835 1822 500 1441 1668 862 1531 1349 906 177 1688 1143 1039 1220 267 1829 1580 923 734 755 
720 1538 1118 1386 635 1875 1076 664 859 576 578 349 0 250 621 1404 663 1755 347 506 1015 1252 654 761 733 1405 766 396 964 698 588 649 640 656 402 755 1603 331 1218 1445 1166 1308 1145 981 439 1465 898 885 1118 180 1600 1307 596 387 768 
876 1692 1272 1526 515 2018 1217 778 1123 880 734 99 327 0 501 1560 819 1925 347 786 1182 1406 810 922 889 1545 646 301 1118 854 744 763 520 620 682 779 1743 433 1372 1599 855 1462 1315 847 236 1619 1093 996 1181 200 1754 1498 865 667 699 
636 1597 1177 1422 49 1920 759 409 898 897 372 500 642 500 0 1443 428 1791 235 590 1077 1311 602 797 542 1441 465 275 1051 734 369 394 339 203 603 349 1639 429 1277 1504 807 1367 838 666 389 1552 944 596 719 519 1659 1380 758 533 263 
1173 153 650 1229 1400 1718 1546 1348 1474 1124 1300 1565 1373 1489 1405 0 1136 1598 1459 1106 807 779 894 591 1233 1248 1684 1491 795 762 1310 1303 1568 1371 1141 1488 1446 1318 241 532 2097 383 1644 1884 1606 646 1424 1339 1726 1353 565 1897 870 1117 1526 
386 1349 914 1229 439 1718 657 196 717 865 451 773 745 769 444 1169 0 1598 508 615 798 1048 474 567 262 1248 738 548 765 504 461 160 612 316 628 534 1446 424 1038 1265 1130 1128 736 945 662 1317 756 494 744 682 1420 1164 650 558 550 
1502 1605 1185 595 1738 567 1838 1686 1807 1511 1639 1924 1712 1824 1743 1538 1474 0 1797 1474 1094 1319 1265 1054 1571 728 2053 1845 1129 1113 1649 1641 1875 1710 1501 1848 768 1657 1285 1512 2398 1375 1973 2260 1934 1630 1753 1677 2064 1692 1667 2222 1242 1459 1888 
834 1661 1241 1495 296 1994 977 542 1084 968 451 342 419 342 282 1529 626 1872 0 751 1151 1375 763 886 740 1514 427 57 1087 823 461 527 301 401 651 560 1712 270 1341 1568 812 1431 1103 628 231 1588 1050 794 931 346 1723 1449 923 636 480 
631 1319 873 1207 550 1696 977 514 770 480 428 689 565 590 555 1162 574 1576 619 0 767 1014 341 546 644 1226 849 659 734 473 438 499 723 506 113 605 1424 443 999 1226 1263 1089 1103 1055 749 1257 809 796 981 503 1381 1251 392 186 618 
790 1006 566 821 1077 1323 1217 1019 1066 846 983 1166 1011 1090 1082 919 821 1193 1136 801 0 695 549 422 891 753 1361 1168 343 422 993 987 1245 1033 825 1150 955 900 688 928 1767 763 1315 1551 1214 940 1050 1027 1420 954 1090 1429 577 799 1188 
915 672 116 990 1185 1456 1321 1136 1211 968 1093 1307 1115 1231 1190 609 937 1359 1244 921 504 0 663 598 970 919 1469 1276 492 536 1103 1091 1353 1164 951 1281 1117 1048 384 550 1858 332 1419 1659 1348 585 1143 1114 1501 1095 755 1580 691 919 1319 
477 1097 665 1044 606 1533 769 570 616 528 484 709 586 610 611 917 384 1413 652 376 559 794 0 328 454 1023 929 701 526 265 494 544 779 562 388 661 1221 463 787 1039 1320 862 848 1100 769 1052 655 606 992 523 1246 1105 355 318 674 
557 740 486 820 820 1323 977 771 738 548 712 900 777 801 825 587 575 1193 843 527 309 615 303 0 645 750 1136 892 452 171 722 735 1011 790 551 889 955 654 672 896 1536 747 1103 1326 973 993 777 797 1194 714 1090 1182 279 553 905 
294 1429 1004 1349 638 1841 778 495 798 968 713 945 826 850 643 1260 349 1718 707 734 879 1138 555 648 0 1368 941 747 846 585 723 459 811 615 717 736 1566 671 1109 1336 1368 1199 857 1139 861 1379 837 596 905 763 1491 1251 731 647 749 
1096 1269 803 488 1355 637 1501 1303 1401 1134 1296 1565 1361 1489 1360 1202 1091 870 1414 1086 703 962 851 701 1188 0 1639 1446 762 724 1306 1258 1523 1341 1121 1458 264 1318 949 1147 2032 1010 1599 1828 1566 1262 1337 1294 1681 1353 1331 1770 879 1088 1496 
745 1679 1259 1513 207 2018 868 531 1131 1013 532 473 625 473 193 1549 537 1896 208 712 1169 1393 724 911 651 1532 0 248 1105 843 529 516 232 312 725 471 1730 478 1359 1586 837 1449 955 581 362 1606 1093 705 841 492 1741 1498 880 655 338 
777 1713 1293 1547 239 2035 900 563 1164 1034 564 534 735 578 225 1577 569 1925 319 744 1203 1427 756 939 683 1566 370 0 1139 875 561 548 244 344 757 503 1764 589 1393 1620 755 1483 1028 571 368 1640 1101 737 873 617 1775 1532 912 687 423 
1058 1269 833 1132 1319 1621 1465 1263 1373 1091 1214 1490 1298 1414 1324 1202 1055 1501 1378 1073 623 969 816 772 1152 1157 1603 1410 0 689 1224 1222 1487 1285 1107 1402 1355 1243 949 1164 2002 942 1563 1793 1530 588 1314 1258 1645 1278 1331 1747 844 1043 1440 
528 883 511 903 791 1375 963 742 687 484 683 871 718 772 796 730 546 1272 814 498 405 640 274 143 616 833 1094 863 372 0 693 706 997 761 522 860 1037 625 633 857 1505 708 1066 1284 926 924 748 768 1156 685 1090 1155 215 524 873 
713 1525 1105 1367 395 1858 938 318 852 851 12 729 706 729 400 1391 501 1736 464 544 1015 1239 556 754 690 1386 694 504 964 691 0 303 568 351 557 450 1584 449 1205 1432 1076 1295 1028 895 618 1465 891 744 820 643 1587 1298 712 487 463 
590 1455 1028 1349 428 1841 861 65 773 772 291 762 697 721 433 1275 204 1718 497 465 906 1162 477 675 416 1368 727 537 873 612 301 0 601 333 478 513 1566 484 1164 1391 1129 1254 946 934 651 1379 812 698 761 634 1546 1251 633 408 526 
889 1833 1410 1664 351 2166 1042 675 1293 1135 676 617 769 617 337 1712 681 2102 352 856 1320 1544 868 1074 795 1683 413 392 1256 988 673 660 0 456 869 615 1920 622 1510 1737 810 1600 1124 614 506 1757 1232 849 961 636 1990 1625 1027 799 421 
433 1395 933 1256 429 1745 556 371 744 892 504 763 772 763 434 1215 225 1625 498 656 825 1067 501 594 339 1275 728 538 792 531 514 335 602 0 663 527 1473 603 1109 1336 1129 1199 635 934 652 1317 783 393 720 709 1491 1251 677 593 540 
655 1358 914 1229 574 1718 999 538 794 474 452 693 452 594 579 1187 598 1598 636 104 797 1048 353 576 668 1248 873 683 764 503 462 523 747 530 0 629 1446 447 1038 1265 1263 1128 1103 1070 753 1317 833 820 981 507 1420 1251 386 73 642 
791 1651 1231 1476 429 1973 930 477 1066 968 506 818 890 818 434 1509 583 1872 553 658 1132 1365 670 868 697 1495 668 593 1077 805 516 462 642 358 671 0 1693 690 1331 1558 1172 1421 1066 586 707 1578 1050 751 587 827 1713 1429 826 601 342 
1330 1484 1026 434 1564 567 1710 1512 1631 1337 1465 1730 1538 1654 1569 1414 1300 783 1623 1300 914 1160 1091 910 1397 238 1861 1655 992 925 1475 1467 1732 1536 1327 1653 0 1483 1164 1391 2240 1254 1826 2073 1771 1493 1581 1503 1896 1518 1546 2046 1067 1285 1691 
665 1484 1065 1349 413 1841 977 347 804 777 312 495 372 396 418 1340 404 1718 242 496 932 1199 508 706 616 1368 661 291 929 643 322 332 535 390 473 489 1566 0 1164 1391 1076 1254 1103 862 419 1418 843 783 859 309 1546 1251 664 439 502 
998 288 413 1044 1250 1533 1377 1183 1293 1013 1141 1397 1205 1321 1255 225 971 1413 1309 987 566 542 725 681 1065 999 1534 1341 554 598 1151 1138 1418 1212 1013 1329 1197 1150 0 291 1950 142 1475 1724 1438 405 1232 1170 1557 1185 403 1665 753 974 1367 
675 778 122 758 963 1274 1119 932 856 731 843 1046 919 970 968 625 706 1148 1043 686 275 251 434 390 776 690 1268 1075 263 307 853 866 1152 920 710 1040 917 785 502 0 1674 577 1223 1458 1101 812 895 930 1308 845 929 1307 462 684 1068 
1421 2334 1884 2152 790 2628 1455 1091 1720 1524 1131 867 1113 921 776 2165 1097 2579 826 1303 1806 2010 1296 1546 1246 2182 1000 866 1739 1471 1129 1080 748 895 1332 1071 2373 1059 2016 2240 0 2111 1553 1205 863 2325 1671 1248 1440 970 2395 2003 1449 1268 1035 
998 424 424 1047 1250 1536 1399 1202 1293 1021 1158 1397 1205 1321 1255 361 990 1416 1309 987 577 553 736 692 1095 1023 1534 1341 565 609 1168 1157 1418 1229 1022 1346 1221 1150 136 302 1950 0 1497 1724 1438 347 1232 1192 1579 1185 467 1665 764 974 1384 
855 1821 1389 1643 943 2131 539 958 1293 1281 1008 1279 1205 1224 948 1665 742 2076 1019 1102 1299 1523 941 1027 773 1662 1228 1051 1235 967 1018 890 1112 935 1103 1040 1886 1082 1489 1716 1644 1579 0 1091 1171 1736 1232 608 767 1185 1990 1407 1082 1039 1068 
1255 2141 1706 1963 629 2439 776 932 1537 1340 963 895 1028 895 615 2001 939 2390 630 1119 1616 1866 1112 1359 1096 2025 422 670 1552 1284 961 923 654 734 1148 490 2216 900 1823 2054 1320 1925 1103 0 784 2150 1488 984 380 908 2202 1754 1265 1084 587 
949 1781 1361 1615 463 2101 1140 787 1211 968 721 166 414 210 449 1633 793 2031 295 861 1271 1495 884 995 916 1634 594 249 1207 936 731 772 438 568 757 727 1869 505 1461 1688 854 1551 1251 795 0 1708 1143 961 1090 281 1897 1580 953 742 647 
1277 685 633 1256 1489 1745 1635 1437 1578 1274 1390 1655 1463 1579 1494 622 1225 1625 1548 1237 838 664 1016 957 1322 1275 1773 1580 725 870 1400 1392 1657 1461 1264 1578 1473 1408 397 563 2174 345 1733 1992 1696 0 1528 1428 1818 1443 768 2005 1003 1210 1616 
622 1523 1105 1364 1013 1858 1177 959 504 1034 872 1074 940 998 1018 1391 785 1733 1072 845 984 1239 701 737 855 1383 1297 1104 964 678 882 948 1181 958 828 1071 1581 814 1203 1430 1703 1293 1275 1487 1126 1440 0 824 1390 874 1585 1074 805 758 1100 
346 1523 1105 1364 663 1858 610 672 823 1034 738 1013 929 970 668 1391 476 1733 732 836 1015 1239 657 750 507 1383 982 772 964 687 748 624 836 662 819 761 1581 797 1203 1430 1391 1293 564 1056 886 1465 815 0 796 865 1585 768 833 749 774 
1020 2023 1559 1831 766 2291 402 750 1428 1228 830 1159 1188 1104 771 1865 798 2258 877 1011 1469 1693 980 1212 849 1842 802 922 1405 1137 840 714 982 648 991 545 2033 1004 1659 1940 1536 1749 736 426 1051 1922 1379 735 0 1098 2054 1564 1153 927 690 
740 1554 1134 1422 565 1920 1086 642 879 793 598 262 261 163 551 1411 683 1791 289 650 1040 1268 674 781 753 1441 696 338 992 718 608 627 570 670 546 775 1639 297 1234 1461 1076 1324 1220 897 307 1493 920 914 1181 0 1616 1380 813 531 749 
1406 606 828 1364 1642 1858 1788 1590 1707 1415 1543 1825 1616 1732 1647 554 1378 1733 1701 1378 1015 969 1169 1086 1475 1383 1945 1733 992 1017 1553 1545 1814 1614 1405 1731 1581 1561 415 706 2297 479 1892 2153 1878 782 1657 1581 1946 1596 0 2182 1146 1363 1769 
1035 2193 1753 2014 1413 2490 1370 1425 1290 1640 1477 1732 1550 1666 1418 2019 1231 2441 1472 1451 1663 1891 1297 1380 1268 2047 1697 1504 1599 1331 1487 1393 1581 1399 1441 1516 2259 1495 1875 2098 2097 1969 1220 1808 1624 2204 1005 756 1512 1530 2254 0 1431 1377 1554 
584 1053 682 1057 754 1546 1010 718 765 292 632 893 619 794 759 861 605 1426 823 347 576 811 333 274 675 1023 1066 863 543 262 642 703 982 710 371 809 1221 647 804 1039 1482 879 1103 1256 973 1143 804 827 1181 707 1246 1251 0 418 822 
597 1285 842 1207 516 1696 963 480 736 530 394 655 480 556 521 1113 540 1576 585 214 736 978 280 505 610 1226 815 625 703 442 404 465 689 472 110 571 1424 409 965 1191 1234 1054 1066 1043 715 1257 775 762 959 469 1347 1182 391 0 584 
795 1651 1231 1489 252 1987 963 481 1066 968 510 712 854 712 257 1511 587 1872 447 662 1145 1365 674 872 701 1508 578 487 1077 809 520 466 430 362 675 306 1706 641 1331 1558 1076 1421 1066 656 601 1578 1050 755 723 731 1713 1429 830 605 0 
0 1175 862 1093 610 1524 692 585 421 764 671 836 706 770 615 1005 325 1495 675 656 738 963 463 516 217 1045 893 711 707 438 681 521 723 604 617 718 1255 586 992 1232 1226 1075 737 1093 830 1218 530 251 905 682 1368 997 562 570 731 
1234 0 777 1361 1519 1792 1598 1434 1437 1326 1384 1569 1415 1519 1524 192 1236 1763 1545 1164 933 748 1032 714 1241 1313 1762 1589 921 891 1394 1385 1639 1462 1188 1556 1523 1338 324 659 2089 502 1674 1985 1647 781 1514 1457 1787 1415 620 2200 962 1192 1546 
725 784 0 714 1064 1167 1124 965 986 811 944 1083 972 1033 1069 626 747 1150 1090 737 358 106 551 476 762 724 1307 1134 364 426 954 933 1184 974 766 1082 965 893 497 661 1644 443 1200 1497 1171 615 1066 975 1359 929 888 1466 548 785 1072 
1300 1499 1068 0 1590 609 1669 1505 1503 1417 1455 1640 1506 1590 1595 1376 1307 380 1616 1255 953 1166 1103 910 1312 580 1840 1660 1016 967 1465 1456 1710 1533 1279 1627 526 1409 1201 1441 2170 1284 1745 2070 1718 1530 1580 1528 1864 1486 1577 2270 1145 1263 1617 
537 1476 1082 1361 0 1792 647 392 816 773 396 481 650 502 5 1306 375 1763 270 549 953 1180 507 754 447 1313 488 306 921 660 399 373 318 170 548 294 1523 421 1244 1484 801 1327 763 717 425 1447 898 546 605 517 1620 1332 670 501 273 
1507 1722 1280 589 1797 0 1875 1712 1710 1624 1662 1854 1713 1797 1805 1588 1514 601 1832 1462 1107 1378 1310 1146 1519 529 2074 1889 1210 1174 1672 1663 1973 1740 1486 1857 457 1616 1424 1664 2405 1507 1966 2287 1917 1724 1787 1735 2067 1693 1800 2456 1352 1470 1833 
750 1694 1321 1626 867 2087 0 927 1084 1299 985 1146 1071 1156 872 1524 657 2023 930 1011 1191 1419 813 978 660 1578 1033 974 1168 873 988 848 1009 861 1002 771 1788 926 1465 1705 1476 1548 514 656 1110 1682 1147 589 378 1080 1842 1388 1027 937 932 
443 1386 1030 1240 426 1671 704 0 745 702 371 702 658 722 431 1216 167 1642 491 478 883 1128 436 677 353 1192 709 527 852 583 374 52 539 290 477 505 1402 475 1145 1385 1046 1228 820 906 646 1393 827 603 598 634 1521 1292 599 430 527 
486 1399 1051 1361 899 1792 1042 842 0 934 804 946 812 876 905 1229 663 1763 948 762 914 1149 601 691 678 1313 1170 992 882 613 814 823 1048 851 723 977 1523 764 1201 1441 1509 1284 1128 1381 1052 1393 536 726 1249 788 1577 1074 737 676 943 
736 1175 924 1189 809 1620 1087 752 986 0 714 868 566 802 814 1005 715 1591 874 402 788 1022 438 499 730 1141 1084 914 757 469 724 733 941 761 431 875 1351 679 1033 1273 1418 1116 1178 1279 991 1272 1066 983 1234 720 1409 1516 250 456 888 
614 1476 1082 1361 368 1792 797 314 785 742 0 644 654 665 373 1306 451 1763 433 518 953 1180 476 753 597 1313 651 469 921 659 10 295 481 320 517 434 1523 392 1243 1483 1008 1326 924 880 588 1439 867 696 755 612 1619 1332 639 470 447 
887 1721 1321 1626 540 2087 1175 851 1097 959 859 0 417 167 541 1551 855 2023 413 814 1191 1419 849 1005 870 1578 705 367 1168 862 865 832 559 661 710 834 1788 549 1465 1705 858 1548 1251 906 192 1682 1157 1040 1142 313 1842 1586 811 730 784 
678 1509 1102 1361 659 1792 1035 676 849 597 660 311 0 245 660 1339 646 1763 410 516 991 1200 640 793 661 1313 824 455 963 650 670 657 681 707 412 821 1523 374 1244 1484 1088 1327 1107 1039 418 1453 933 899 1175 202 1620 1411 590 442 834 
761 1616 1228 1536 511 2017 1118 730 952 904 738 66 325 0 512 1446 729 1955 384 688 1101 1326 723 900 744 1488 676 338 1075 806 747 711 533 632 584 805 1698 428 1372 1612 834 1455 1186 906 187 1589 1018 983 1112 187 1748 1451 847 604 755 
612 1544 1174 1470 83 1937 722 470 894 851 391 476 645 497 0 1374 450 1890 265 627 1035 1272 585 829 522 1422 483 301 1049 735 394 437 313 245 626 372 1632 416 1318 1558 796 1401 838 712 420 1563 987 621 683 512 1694 1388 748 579 305 
1067 202 601 1189 1335 1620 1414 1245 1280 1149 1191 1377 1251 1327 1340 0 1052 1591 1361 1002 777 707 841 522 1057 1141 1578 1405 783 699 1201 1201 1455 1269 1026 1363 1351 1146 296 631 1951 474 1490 1778 1455 753 1357 1273 1603 1223 660 1782 780 1042 1353 
276 1175 840 1079 406 1515 537 260 582 745 420 682 602 666 411 1005 0 1481 471 521 716 932 356 510 186 1036 689 507 685 416 430 196 519 280 513 495 1246 335 992 1232 1008 1075 653 906 626 1218 664 436 588 578 1368 1074 572 466 517 
1529 1724 1282 647 1829 574 1897 1734 1732 1646 1684 1869 1735 1821 1830 1590 1536 0 1850 1484 1129 1380 1332 1168 1541 801 2078 1907 1232 1196 1694 1685 1979 1762 1508 1870 747 1638 1426 1666 2413 1509 1997 2291 1931 1746 1810 1757 2077 1715 1829 2475 1374 1492 1870 
761 1673 1281 1586 273 2065 871 592 1028 959 522 306 413 327 274 1503 599 1968 0 735 1151 1379 693 957 671 1538 438 57 1128 856 512 573 295 394 634 567 1748 277 1425 1665 800 1508 1010 667 242 1642 1066 770 848 338 1829 1516 856 654 517 
552 1251 915 1189 543 1620 874 486 723 462 448 631 501 565 548 1081 520 1591 608 0 779 1013 328 573 535 1141 826 644 748 479 458 467 656 495 153 609 1351 413 1024 1264 1159 1107 1017 1039 709 1272 805 773 931 477 1400 1292 359 190 622 
671 896 513 641 984 1103 1074 927 890 757 879 1024 887 974 989 750 693 1001 1034 683 0 619 497 320 708 651 1251 1078 289 372 889 889 1128 934 712 1065 880 839 609 860 1588 703 1159 1443 1115 809 975 920 1279 863 1090 1411 494 731 1018 
875 694 150 864 1203 1354 1274 1098 1125 959 1053 1255 1162 1205 1208 656 897 1285 1229 887 508 0 701 626 926 874 1446 1273 514 576 1063 1049 1323 1131 926 1225 1112 1022 407 555 1783 337 1350 1640 1333 591 1188 1133 1463 1101 782 1613 698 945 1215 
395 1070 683 930 611 1382 693 563 584 481 525 663 533 597 616 831 339 1332 676 379 559 789 0 353 354 927 894 712 528 259 535 535 724 572 366 686 1137 485 779 1045 1226 873 809 1093 741 1027 666 592 905 509 1166 1074 346 319 699 
500 680 513 753 787 1227 869 739 719 555 701 839 709 773 792 478 515 1178 852 481 359 619 319 0 530 721 1057 888 467 177 711 711 900 748 510 862 1013 661 681 934 1394 775 1010 1268 930 966 801 740 1102 685 1090 1292 258 535 875 
182 1211 872 1103 498 1558 580 473 603 805 559 764 634 698 503 1041 213 1505 563 584 748 981 388 542 0 1079 781 599 717 448 569 409 611 492 545 606 1289 474 992 1232 1122 1075 696 981 718 1272 696 416 791 610 1368 1105 604 498 619 
1037 1193 781 437 1316 595 1395 1231 1259 1156 1191 1377 1281 1327 1321 1098 1033 817 1342 1024 675 887 828 632 1038 0 1559 1386 724 703 1201 1182 1436 1269 1048 1363 270 1146 877 1127 1914 970 1471 1770 1455 1252 1336 1254 1584 1223 1258 1761 825 1044 1353 
687 1627 1228 1536 199 2017 797 561 1021 934 591 433 603 454 200 1457 525 1955 222 718 1101 1326 676 911 597 1488 0 258 1075 810 594 542 210 320 717 456 1698 494 1372 1612 831 1455 924 608 377 1589 1066 696 758 469 1748 1516 839 670 367 
704 1638 1253 1558 216 2017 814 578 1038 959 608 500 733 573 217 1468 542 1968 320 735 1123 1351 693 922 614 1510 381 0 1100 827 611 559 238 337 734 510 1720 597 1397 1637 743 1480 942 610 348 1614 1113 713 791 608 1773 1544 856 687 460 
1037 1280 848 1079 1323 1515 1402 1238 1259 1162 1191 1377 1281 1327 1328 1185 1040 1481 1349 1024 570 947 832 778 1045 1036 1566 1393 0 707 1201 1189 1443 1269 1048 1363 1246 1146 982 1152 1914 942 1478 1777 1455 562 1336 1261 1591 1223 1358 1761 829 1044 1353 
466 823 542 772 753 1227 835 705 685 519 667 805 675 739 758 621 481 1178 818 447 418 648 285 143 496 782 1020 854 387 0 677 677 866 714 476 828 1030 627 638 889 1371 732 969 1230 883 924 767 706 1050 651 1090 1183 194 501 841 
624 1476 1102 1361 378 1792 807 324 795 752 10 654 664 675 383 1306 461 1763 443 528 991 1200 486 763 607 1313 661 479 963 669 0 305 491 330 527 444 1523 402 1244 1484 1008 1327 936 890 598 1453 877 706 765 622 1620 1332 649 480 457 
437 1386 1021 1240 392 1671 698 64 740 697 366 668 653 689 397 1216 161 1642 457 473 877 1119 431 671 347 1192 675 493 846 577 369 0 505 284 472 495 1402 470 1145 1385 1008 1228 814 906 612 1393 822 597 592 629 1521 1292 594 425 508 
761 1694 1321 1626 273 2087 871 635 1090 1090 639 507 677 528 274 1524 599 2023 296 792 1191 1419 750 978 671 1578 357 332 1168 884 642 616 0 394 791 482 1788 568 1465 1705 788 1548 1010 586 449 1682 1155 770 784 543 1842 1570 917 744 393 
367 1271 924 1189 409 1620 477 439 656 847 535 685 676 706 414 1101 205 1591 474 626 790 1022 430 584 277 1141 692 510 759 490 538 375 522 0 587 517 1351 521 1033 1273 1008 1116 593 906 629 1272 738 376 686 652 1409 1183 646 540 530 
574 1271 935 1189 565 1620 896 508 745 466 470 653 421 587 570 1101 542 1591 630 104 801 1033 350 590 557 1141 848 666 770 501 480 489 678 517 0 631 1351 435 1067 1307 1170 1150 1033 1039 731 1332 827 795 971 499 1443 1292 363 118 644 
676 1571 1180 1492 344 1962 778 465 889 846 547 721 802 742 349 1401 514 1914 510 622 1057 1278 580 857 586 1444 662 546 1049 763 557 446 558 309 621 0 1654 648 1324 1564 1052 1407 906 585 665 1563 975 685 499 757 1700 1411 743 574 314 
1211 1442 974 388 1490 521 1569 1405 1414 1326 1355 1540 1415 1490 1495 1306 1207 768 1516 1164 853 1072 1003 810 1212 208 1733 1560 921 881 1365 1356 1610 1433 1188 1527 0 1309 1145 1385 2056 1228 1645 1963 1618 1414 1491 1428 1758 1386 1521 2200 999 1163 1517 
534 1386 1021 1240 418 1671 835 315 705 682 323 436 311 370 423 1216 372 1642 295 458 879 1119 416 673 484 1192 701 340 848 579 333 296 531 370 357 484 1402 0 1145 1385 1008 1228 969 906 448 1393 787 734 805 282 1521 1223 579 377 497 
967 287 453 962 1295 1419 1374 1197 1207 1128 1145 1335 1242 1285 1300 249 999 1364 1321 976 596 424 789 714 1004 940 1538 1365 602 664 1155 1148 1415 1223 1000 1317 1150 1104 0 335 1914 178 1450 1732 1413 457 1284 1233 1563 1181 439 1709 786 997 1307 
628 725 118 617 925 1075 1035 874 847 714 836 982 844 908 930 567 650 1001 973 640 261 224 454 379 665 627 1194 1017 267 329 846 846 1074 883 669 1010 856 796 438 0 1534 532 1107 1405 1072 733 933 868 1236 820 877 1411 451 688 998 
1237 2207 1855 2154 767 2620 1401 1091 1589 1604 1120 849 1135 918 768 2040 1126 2525 839 1306 1707 1982 1270 1515 1182 2128 981 875 1684 1409 1130 1091 727 888 1338 1065 2338 1115 2022 2274 0 2101 1477 1214 878 2215 1666 1260 1410 1001 2399 2003 1437 1273 1017 
936 441 420 930 1265 1406 1326 1168 1172 1090 1114 1298 1205 1248 1270 403 987 1332 1291 943 563 330 756 681 967 927 1508 1335 569 631 1124 1136 1385 1192 967 1286 1137 1067 154 302 1863 0 1402 1701 1376 363 1270 1185 1515 1144 489 1695 753 979 1276 
728 1673 1281 1586 845 2065 514 890 1060 1275 961 1125 1065 1135 850 1503 635 1968 913 1011 1151 1379 791 957 638 1538 1123 957 1128 851 971 826 980 839 950 970 1748 896 1425 1665 1471 1508 0 1014 1089 1642 1113 527 687 1040 1829 1388 1005 911 933 
1030 2023 1622 1927 573 2393 661 941 1376 1396 985 807 1006 828 574 1856 899 2298 596 1098 1492 1720 1050 1300 973 1910 374 632 1469 1194 988 923 584 694 1122 492 2111 868 1766 2048 1226 1865 1033 0 751 2046 1453 1040 404 843 2152 1768 1229 1057 641 
823 1680 1290 1595 392 2065 1035 754 1038 959 762 159 417 232 393 1510 718 1968 265 750 1160 1388 785 964 790 1547 557 219 1137 868 752 735 414 513 646 686 1757 483 1434 1674 849 1517 1107 786 0 1651 1113 889 989 283 1829 1544 933 666 636 
1264 729 672 1210 1526 1641 1605 1441 1467 1352 1391 1576 1441 1526 1531 691 1243 1612 1552 1190 781 598 1039 1005 1248 1162 1769 1596 709 924 1401 1392 1646 1469 1214 1563 1372 1345 442 590 2115 372 1681 1997 1654 0 1544 1464 1794 1422 817 2270 1040 1199 1553 
519 1402 1068 1361 902 1792 1059 845 476 934 807 948 815 879 907 1232 666 1763 973 765 922 1166 604 694 681 1313 1170 1017 885 616 817 826 1048 854 726 983 1523 767 1201 1441 1509 1284 1139 1381 1053 1410 0 759 1253 791 1577 997 740 679 971 
257 1405 1045 1263 598 1694 513 643 672 959 724 874 790 854 603 1235 388 1665 663 740 906 1143 544 698 391 1215 881 699 873 604 727 579 711 592 701 706 1425 649 1158 1398 1226 1241 502 1022 818 1393 757 0 723 766 1534 751 760 654 719 
921 1920 1514 1829 643 2259 293 764 1236 1219 846 1014 1162 1024 648 1738 678 2200 809 921 1384 1612 879 1192 802 1771 753 845 1361 1086 856 717 857 594 937 500 1970 958 1658 1944 1371 1741 658 379 1003 1897 1313 719 0 1008 2054 1531 1040 873 672 
624 1476 1102 1361 509 1792 979 593 795 763 601 191 183 125 510 1306 592 1763 288 551 991 1200 586 763 607 1313 674 333 963 669 611 574 531 630 447 762 1523 291 1244 1484 963 1327 1045 906 268 1453 877 845 1112 0 1620 1332 733 467 753 
1396 547 864 1453 1686 1896 1765 1601 1599 1513 1551 1736 1602 1686 1691 571 1403 1884 1712 1351 1013 795 1199 1090 1408 1405 1970 1756 1016 1063 1561 1552 1869 1629 1375 1723 1615 1505 411 746 2255 509 1854 2183 1821 828 1676 1624 1947 1582 0 2345 1241 1359 1713 
979 1907 1529 1836 1351 2271 1265 1321 1021 1475 1271 1456 1363 1406 1356 1720 1128 2207 1377 1265 1399 1627 1103 1174 1121 1786 1594 1421 1376 1101 1281 1272 1471 1315 1214 1409 1977 1225 1673 1944 1951 1756 1156 1668 1534 1912 874 728 1416 1302 2054 0 1220 1149 1399 
540 943 709 941 748 1406 945 691 759 334 653 836 609 770 753 748 566 1343 813 341 585 815 343 270 581 927 1015 849 554 264 663 672 861 700 370 814 1137 618 805 1079 1371 899 1033 1230 924 1042 841 780 1155 682 1248 1292 0 395 827 
512 1149 814 1048 503 1497 834 446 683 434 408 576 421 510 508 979 480 1450 568 189 690 914 239 484 495 1018 786 604 659 390 418 427 616 455 85 569 1228 373 910 1175 1122 1018 969 981 654 1218 765 733 890 422 1286 1183 331 0 582 
824 1727 1344 1649 373 2100 958 613 1076 1069 695 745 924 766 378 1557 662 2049 534 770 1214 1442 728 1011 734 1601 601 570 1191 913 705 594 522 457 769 267 1812 751 1488 1728 1146 1571 1033 740 689 1705 1147 833 676 781 1990 1586 891 722 0 
0 1347 927 1252 785 1673 792 655 538 825 692 870 758 804 790 1155 470 1636 828 699 832 1032 505 583 279 1267 1071 874 774 503 702 625 923 720 668 918 1494 705 1051 1301 1467 1166 782 1292 948 1347 611 319 1049 731 1507 1115 624 600 878 
1282 0 772 1351 1677 1772 1667 1537 1495 1311 1478 1628 1506 1562 1682 194 1353 1735 1676 1288 900 709 1102 768 1416 1366 1999 1725 882 941 1488 1521 1877 1560 1312 1675 1593 1465 309 615 2343 462 1830 2123 1682 751 1566 1566 1952 1495 561 2013 1047 1327 1683 
786 788 0 817 1184 1256 1179 1026 983 831 944 1127 972 1061 1189 725 847 1202 1181 826 407 105 593 523 893 841 1502 1230 389 454 954 1010 1373 1067 850 1182 1077 963 494 624 1887 418 1344 1657 1187 622 1075 1072 1417 994 841 1588 592 791 1190 
1318 1503 1059 0 1715 595 1705 1575 1531 1378 1516 1666 1544 1600 1720 1412 1391 417 1714 1337 979 1164 1140 923 1454 587 2043 1763 983 963 1526 1559 1895 1598 1361 1713 608 1503 1185 1435 2404 1300 1870 2145 1720 1521 1602 1602 1979 1533 1641 2044 1114 1365 1721 
624 1585 1156 1437 0 1858 674 360 942 767 351 492 656 461 5 1413 411 1823 246 558 1071 1261 534 825 493 1452 488 292 983 715 344 358 327 178 567 381 1679 400 1267 1517 819 1382 820 681 429 1521 953 548 662 459 1723 1426 709 499 247 
1636 1821 1390 683 2072 0 2105 1891 1876 1698 1844 2023 1866 1957 2081 1762 1709 511 2007 1655 1309 1495 1458 1298 1772 582 2422 2066 1311 1287 1854 1879 2280 1927 1679 2029 526 1811 1501 1751 2826 1616 2196 2474 2101 1848 1900 1930 2363 1844 1990 2350 1438 1683 2116 
864 1827 1434 1688 975 2175 0 907 1170 1325 998 1288 1182 1238 980 1648 761 2068 1051 1138 1321 1539 915 1074 759 1703 1036 1085 1258 989 1008 876 1146 912 1115 942 1895 1141 1545 1795 1674 1660 551 684 1182 1796 1241 611 379 1171 1990 1431 1094 1055 1073 
552 1503 1059 1351 509 1772 778 0 842 676 274 778 666 712 514 1343 192 1735 552 467 968 1164 443 734 374 1366 794 598 895 624 284 31 633 357 476 589 1593 485 1185 1435 1162 1300 928 1000 735 1426 859 652 708 639 1641 1372 618 408 565 
545 1498 1069 1370 960 1791 1035 837 0 974 759 944 825 871 965 1306 714 1754 962 766 979 1174 598 719 739 1385 1249 1011 921 639 769 835 1110 852 735 1010 1612 772 1195 1445 1638 1310 1211 1470 1020 1447 614 830 1305 798 1651 1170 760 667 1029 
780 1298 927 1252 877 1673 1179 757 983 0 679 809 559 743 882 1106 853 1636 917 421 832 1032 502 532 899 1267 1176 966 774 486 689 755 1036 772 445 948 1494 719 1051 1301 1570 1166 1344 1397 914 1347 1075 1072 1304 722 1507 1550 263 458 953 
654 1546 1119 1374 402 1795 793 255 885 719 0 691 671 645 407 1365 421 1758 445 510 1015 1224 486 777 603 1389 687 491 956 667 10 253 526 297 519 485 1616 370 1228 1478 1045 1343 948 900 628 1469 907 667 760 566 1684 1412 661 451 455 
816 1701 1272 1526 507 1952 1098 736 983 865 720 0 349 96 511 1513 790 1885 340 709 1159 1377 746 939 836 1541 649 284 1096 829 730 734 523 632 605 850 1768 424 1383 1633 820 1498 1263 862 216 1634 1075 1015 1159 152 1829 1547 880 592 668 
716 1610 1191 1437 684 1858 1011 693 943 563 620 296 0 230 688 1418 690 1823 467 531 1071 1296 646 839 736 1452 826 461 1043 720 630 691 700 713 427 918 1679 381 1302 1552 1067 1417 1174 1053 427 1581 953 894 1219 194 1758 1441 615 438 845 
774 1665 1245 1479 494 1904 1063 694 973 823 678 66 305 0 498 1473 748 1841 327 667 1112 1350 704 897 794 1494 636 271 1049 787 688 692 510 619 563 837 1721 382 1356 1606 815 1471 1223 849 237 1587 1029 963 1119 108 1829 1498 846 550 655 
675 1639 1210 1469 64 1896 725 414 956 821 346 487 651 456 0 1454 465 1841 241 612 1102 1315 588 879 544 1484 483 287 1043 769 339 412 322 229 621 435 1711 395 1321 1571 814 1436 871 681 424 1581 996 599 716 454 1777 1445 763 553 247 
1110 187 625 1252 1517 1673 1477 1377 1323 1108 1318 1468 1326 1402 1522 0 1163 1636 1516 1106 816 639 927 574 1226 1267 1841 1565 798 798 1328 1361 1706 1400 1130 1515 1494 1305 239 545 2220 392 1642 1958 1522 681 1394 1388 1734 1335 586 1906 850 1145 1523 
387 1384 934 1257 500 1678 586 185 781 789 445 789 732 758 505 1192 0 1641 543 580 841 1039 452 622 253 1272 785 589 783 512 448 155 624 354 589 586 1499 449 1124 1374 1162 1239 732 1000 726 1347 798 460 705 703 1580 1269 671 521 570 
1465 1645 1216 610 1875 550 1878 1722 1678 1527 1663 1815 1691 1747 1884 1588 1538 0 1856 1484 1103 1321 1287 1092 1601 727 2217 1915 1140 1116 1673 1706 2075 1745 1508 1861 748 1650 1327 1577 2528 1442 2002 2306 1935 1678 1749 1749 2141 1680 1783 2191 1267 1512 1880 
866 1761 1335 1589 313 2042 934 598 999 929 501 361 424 330 317 1569 680 1948 0 759 1222 1440 756 995 753 1604 455 61 1159 879 511 596 329 438 655 656 1842 291 1446 1696 833 1561 1084 668 296 1697 1108 808 930 318 1990 1615 934 642 474 
631 1369 927 1252 595 1673 934 475 862 442 397 651 539 585 600 1181 600 1636 638 0 833 1032 311 607 651 1267 880 684 775 504 407 473 719 490 113 678 1494 473 1051 1301 1265 1166 1084 1115 763 1347 879 809 960 512 1507 1372 384 176 648 
743 941 544 812 1117 1256 1146 968 976 788 898 1082 931 1016 1122 882 804 1202 1129 783 0 649 550 366 850 795 1435 1178 321 411 910 956 1306 1026 807 1141 1077 928 651 871 1830 718 1311 1616 1147 839 1075 1025 1402 945 1116 1523 549 748 1149 
938 683 141 973 1307 1394 1295 1167 1132 974 1108 1304 1182 1238 1312 620 986 1357 1352 976 548 0 734 664 1055 999 1625 1401 530 595 1118 1151 1496 1190 999 1305 1226 1141 389 519 1996 313 1460 1780 1358 602 1196 1204 1552 1171 736 1698 733 971 1313 
459 1186 742 1065 675 1486 735 555 700 511 477 677 565 611 680 994 405 1449 718 368 647 847 0 428 451 1100 958 764 589 318 487 553 799 570 357 758 1327 512 849 1071 1353 922 881 1168 789 1169 717 609 1004 538 1316 1177 404 289 728 
525 751 491 858 879 1241 915 759 801 509 681 859 747 793 884 564 587 1243 917 541 340 596 333 0 633 679 1176 966 503 224 691 742 1036 774 565 948 912 694 681 901 1570 748 1075 1397 948 1029 818 791 1184 720 1116 1303 276 531 953 
244 1424 979 1351 633 1772 663 477 756 911 647 879 767 813 638 1232 318 1735 676 708 876 1084 487 657 0 1366 928 722 818 547 656 447 757 568 677 756 1593 671 1124 1374 1295 1239 809 1124 859 1347 786 537 874 740 1580 1269 706 609 726 
1079 1270 822 464 1514 620 1477 1374 1301 1160 1315 1468 1326 1402 1519 1213 1163 832 1516 1106 734 944 886 677 1226 0 1841 1565 765 747 1325 1358 1703 1397 1130 1512 226 1305 952 1160 2220 1025 1642 1958 1522 1292 1372 1363 1734 1335 1408 1906 885 1115 1520 
833 1821 1380 1634 262 2113 883 578 1051 1012 560 472 636 441 266 1615 629 2000 226 776 1267 1485 752 1041 702 1649 0 272 1204 936 553 576 228 387 785 524 1858 517 1491 1741 865 1606 1035 593 409 1742 1146 757 813 439 1990 1615 928 717 314 
823 1821 1380 1634 252 2113 873 568 1045 1012 596 508 740 545 256 1615 619 2000 329 766 1267 1485 742 1041 692 1649 394 0 1204 925 589 566 268 377 775 595 1858 619 1491 1741 772 1606 1022 607 359 1742 1140 747 870 543 1990 1615 917 707 413 
1055 1289 855 1233 1442 1654 1440 1302 1280 1130 1243 1393 1271 1327 1447 1232 1126 1617 1441 1081 603 971 861 791 1189 1248 1760 1490 0 722 1253 1286 1631 1325 1105 1440 1475 1230 971 1117 2104 922 1605 1890 1447 560 1351 1339 1697 1260 1367 1906 860 1080 1448 
496 894 574 881 850 1325 888 730 772 451 652 830 718 764 855 707 558 1267 893 512 479 679 304 143 604 822 1141 939 421 0 662 713 1002 745 536 948 1111 665 681 901 1541 748 1046 1362 920 947 789 762 1176 691 1116 1269 212 502 905 
664 1546 1119 1374 412 1795 803 265 895 729 10 701 681 655 417 1378 431 1758 455 520 1015 1224 496 787 613 1389 697 501 956 677 0 263 536 307 529 495 1616 380 1228 1478 1045 1343 954 906 638 1494 913 677 770 576 1684 1412 671 461 465 
540 1513 1096 1370 489 1791 766 30 858 692 290 778 682 728 494 1345 180 1754 532 483 979 1201 459 750 362 1385 774 578 921 640 300 0 613 345 492 577 1612 501 1195 1445 1139 1310 921 984 715 1447 875 640 696 655 1651 1372 634 424 561 
964 1902 1558 1830 374 2294 1011 690 1208 1124 687 619 804 609 378 1728 741 2181 394 888 1445 1663 864 1154 814 1842 432 404 1382 1113 680 688 0 499 897 617 2018 685 1669 1942 795 1784 1149 645 470 1946 1279 869 907 607 2178 1671 1060 829 407 
446 1424 979 1351 466 1772 496 351 817 848 480 755 768 724 471 1232 245 1735 509 639 877 1084 488 658 315 1366 751 555 819 548 489 321 590 0 648 589 1593 654 1124 1374 1127 1239 642 961 692 1409 834 370 721 722 1580 1372 707 580 559 
653 1424 999 1351 617 1772 955 497 884 432 419 601 443 535 622 1232 622 1735 660 104 884 1104 333 642 673 1366 902 706 826 555 429 495 741 512 0 700 1593 436 1124 1374 1287 1239 1102 1115 713 1409 907 831 987 462 1580 1412 374 99 670 
798 1685 1256 1504 421 1930 828 456 983 863 495 840 853 809 426 1496 550 1861 594 654 1137 1361 630 922 669 1519 712 640 1080 811 505 454 665 354 663 0 1746 706 1367 1617 1232 1482 999 507 777 1618 1075 724 537 807 1829 1523 805 595 311 
1282 1442 999 425 1645 511 1635 1505 1495 1307 1446 1596 1474 1530 1650 1342 1321 723 1644 1264 914 1104 1070 864 1384 203 1969 1693 922 917 1456 1489 1842 1528 1288 1643 0 1433 1124 1374 2316 1239 1800 2087 1650 1463 1566 1546 1908 1463 1580 2013 1052 1295 1651 
633 1513 1096 1370 470 1791 909 324 864 698 316 448 373 382 475 1345 449 1754 310 489 979 1201 465 756 627 1385 739 354 921 646 326 322 590 409 445 597 1612 0 1195 1445 1139 1310 1046 949 401 1447 881 779 872 303 1651 1372 640 430 567 
966 294 463 1039 1358 1460 1348 1218 1187 1048 1159 1323 1201 1257 1363 231 1032 1423 1371 1013 591 400 777 707 1095 1038 1676 1420 573 638 1169 1202 1547 1241 1035 1356 1265 1160 0 306 2026 153 1513 1823 1377 442 1248 1250 1605 1190 396 1750 776 975 1364 
664 788 157 695 1010 1140 1035 897 943 709 819 996 885 930 1015 671 725 1084 1044 704 285 262 471 401 771 719 1317 1093 267 332 829 880 1188 912 728 1070 898 832 494 0 1716 561 1211 1538 1074 779 953 930 1305 858 890 1433 470 669 1077 
1414 2307 1982 2228 780 2669 1379 1095 1619 1601 1134 865 1133 892 784 2133 1130 2579 800 1309 1843 2102 1321 1559 1248 2203 976 846 1787 1518 1144 1079 718 909 1319 1104 2427 1069 2067 2307 0 2181 1544 1236 887 2342 1690 1290 1432 955 2482 2122 1522 1259 1048 
948 454 447 1000 1339 1421 1321 1199 1170 1012 1140 1304 1182 1238 1344 391 1020 1384 1352 995 575 331 761 691 1083 1021 1657 1401 557 622 1150 1183 1528 1222 1019 1337 1248 1141 160 290 2026 0 1486 1815 1358 373 1241 1232 1578 1171 467 1743 760 971 1345 
805 1777 1348 1602 919 2060 523 847 1074 1285 944 1225 1141 1196 924 1601 702 1952 988 1077 1235 1453 847 1027 700 1617 1213 1022 1172 913 948 817 1066 851 1053 1010 1852 1063 1459 1709 1594 1574 0 1036 1119 1710 1173 552 716 1130 1990 1431 1054 993 1029 
1305 2159 1815 2087 761 2544 679 972 1469 1451 998 1225 1361 1196 766 1985 1029 2438 988 1159 1700 1935 1171 1409 1140 2078 819 1022 1637 1368 1008 956 960 852 1169 532 2302 1120 1944 2184 1306 2058 1134 0 1119 2203 1540 1098 404 1183 2359 1906 1372 1109 669 
884 1777 1348 1602 440 2060 1050 756 1015 934 759 149 417 186 444 1585 807 1952 273 777 1235 1453 814 1011 880 1617 582 217 1172 897 769 754 431 565 673 783 1852 492 1459 1709 837 1574 1223 795 0 1710 1108 949 1086 220 1990 1617 959 660 601 
1229 712 661 1257 1608 1678 1598 1468 1442 1274 1409 1559 1437 1493 1613 649 1284 1641 1607 1227 824 579 1033 954 1347 1272 1925 1656 742 880 1419 1452 1797 1491 1251 1606 1499 1396 418 548 2294 342 1763 2042 1613 0 1513 1509 1872 1426 765 2013 1038 1258 1614 
560 1535 1096 1370 963 1791 1050 852 564 1012 774 954 840 886 968 1343 729 1754 982 781 1003 1201 613 734 754 1385 1275 1031 921 654 784 850 1146 867 750 1047 1612 787 1228 1478 1674 1343 1223 1496 1032 1454 0 831 1305 813 1684 1039 775 682 1030 
338 1581 1152 1437 723 1858 559 654 865 1095 737 1028 914 989 728 1413 509 1823 766 875 1071 1257 654 824 507 1452 1014 812 983 714 746 624 847 658 844 846 1679 862 1263 1513 1399 1378 514 1135 926 1521 875 0 808 908 1719 818 873 776 816 
996 1989 1641 1882 744 2367 364 694 1320 1252 818 1182 1182 1153 749 1815 698 2233 925 1011 1528 1746 964 1237 802 1923 1036 959 1465 1196 828 664 1017 635 978 596 2103 1047 1752 2021 1570 1869 787 347 1076 2082 1391 749 0 1140 2178 1615 1174 918 726 
672 1561 1132 1374 523 1795 977 598 907 721 576 163 197 97 527 1378 646 1758 353 565 1015 1237 602 795 692 1389 665 300 956 685 586 596 539 648 461 857 1616 286 1243 1493 906 1358 1134 878 266 1494 924 850 1168 0 1699 1412 744 448 684 
1375 599 868 1374 1772 1795 1762 1632 1588 1437 1573 1723 1601 1657 1777 556 1448 1758 1771 1394 994 772 1197 1093 1511 1389 2113 1830 983 1026 1583 1616 1971 1655 1418 1770 1616 1560 405 711 2448 485 1931 2223 1777 814 1659 1659 2033 1590 0 2091 1177 1422 1778 
1129 2022 1661 1926 1577 2411 1378 1437 1058 1551 1378 1528 1406 1462 1582 1848 1299 2277 1576 1347 1548 1766 1208 1288 1354 1947 1902 1625 1485 1216 1388 1421 1766 1460 1329 1575 2123 1365 1772 2041 2254 1915 1313 1906 1582 2082 953 826 1609 1395 2207 0 1320 1269 1583 
586 1068 745 1065 810 1486 977 690 862 257 612 810 637 784 815 842 652 1449 853 354 618 850 384 278 698 962 1099 899 592 321 622 688 946 705 378 893 1248 688 852 1071 1504 922 1134 1320 948 1169 879 856 1207 727 1316 1372 0 391 863 
599 1347 915 1226 563 1647 909 443 830 423 365 608 450 542 568 1155 568 1610 606 197 809 1020 256 587 619 1241 848 652 751 480 375 441 687 458 93 646 1468 441 1051 1301 1232 1166 1046 1071 720 1287 847 777 922 469 1507 1372 365 0 616 
851 1739 1310 1564 296 2023 909 509 993 929 548 735 899 704 301 1552 603 1935 489 707 1197 1415 683 978 722 1579 665 535 1134 864 558 507 513 407 716 343 1812 643 1421 1671 1095 1536 1046 627 672 1672 1108 777 692 702 1897 1588 858 648 0 
0 1150 864 1117 636 1478 676 501 447 663 542 800 669 752 647 1024 302 1454 725 627 780 971 405 549 223 1075 999 778 715 447 552 489 836 624 579 666 1237 531 953 1190 1305 1050 725 1080 836 1241 492 282 846 678 1329 997 507 520 719 
1114 0 630 1121 1416 1482 1460 1291 1298 1024 1262 1439 1223 1391 1417 126 1096 1458 1424 1034 759 666 915 575 1135 1075 1686 1473 753 776 1272 1290 1526 1373 1058 1527 1237 1259 250 500 1978 437 1539 1861 1475 670 1351 1354 1651 1317 519 1780 853 1041 1496 
769 669 0 747 1092 1130 1141 945 963 725 912 1070 865 1022 1093 571 772 1090 1054 709 389 98 561 460 792 750 1362 1103 383 436 922 944 1202 1016 733 1170 919 875 419 609 1640 411 1220 1502 1106 566 994 1011 1315 948 799 1418 560 690 1139 
1416 1517 1229 0 1741 472 1785 1615 1600 1405 1586 1763 1567 1715 1742 1395 1421 337 1748 1390 1068 1316 1244 1004 1460 617 2033 1797 1110 1116 1596 1614 1858 1698 1414 1853 536 1583 1272 1509 2296 1369 1879 2189 1799 1560 1653 1679 1983 1641 1648 2141 1240 1364 1823 
488 1401 1156 1325 0 1686 646 299 826 680 349 442 490 403 11 1275 375 1662 253 544 1001 1243 505 795 446 1279 456 304 956 664 342 298 303 165 522 257 1441 333 1197 1434 771 1294 700 552 367 1437 849 514 599 421 1573 1295 640 463 185 
1481 1622 1334 492 1821 0 1855 1680 1665 1470 1651 1836 1632 1780 1822 1500 1486 478 1817 1455 1169 1421 1309 1081 1525 505 2104 1866 1204 1181 1661 1679 1928 1763 1479 1872 432 1648 1377 1614 2365 1474 1940 2260 1864 1665 1718 1744 2061 1706 1753 2181 1305 1429 1875 
709 1592 1368 1533 853 1895 0 826 1078 1136 912 1165 1066 1126 864 1466 661 1884 969 1025 1215 1455 792 995 668 1487 1021 1009 1151 885 922 814 958 823 955 682 1649 890 1411 1648 1441 1508 411 509 1090 1656 1108 561 286 1056 1787 1388 980 893 766 
405 1294 978 1228 440 1589 714 0 701 555 227 626 546 578 451 1168 151 1565 416 419 897 1065 380 695 322 1182 793 469 832 564 237 30 640 292 397 416 1344 357 1106 1343 1123 1203 768 795 568 1377 724 582 588 514 1482 1172 515 338 469 
401 1279 978 1228 901 1589 955 715 0 777 679 845 714 797 906 1153 596 1565 830 697 894 1065 500 663 592 1182 1250 883 829 561 689 714 1090 791 624 833 1344 652 1106 1343 1528 1203 1026 1246 881 1377 412 683 1125 723 1482 997 621 565 886 
669 1074 844 1098 791 1459 1035 605 857 0 569 650 407 584 802 948 667 1435 665 334 760 947 406 471 687 1075 1094 718 695 427 579 604 938 681 358 723 1237 548 919 1132 1326 992 1134 1137 690 1183 880 888 1108 542 1295 1360 225 361 776 
590 1358 1094 1314 391 1675 770 203 751 605 0 569 489 521 402 1232 336 1651 359 469 955 1181 430 745 507 1268 744 412 882 614 10 202 589 289 447 331 1430 300 1159 1396 1064 1256 824 730 511 1394 774 638 696 457 1535 1241 565 388 384 
773 1519 1284 1441 438 1802 1040 589 932 651 604 0 259 93 441 1393 699 1778 301 643 1146 1371 687 922 732 1395 591 255 1067 788 614 588 438 557 539 654 1557 388 1327 1564 749 1424 1134 786 137 1572 950 924 955 142 1703 1392 693 535 562 
654 1279 964 1228 540 1589 955 487 806 407 502 254 0 188 546 1153 593 1565 274 399 888 1051 504 668 613 1182 696 327 823 555 512 486 543 614 346 656 1344 286 1106 1343 937 1203 1000 891 294 1377 829 814 1040 151 1482 1281 449 359 665 
729 1472 1229 1410 403 1771 1011 545 881 620 560 66 222 0 406 1346 655 1747 266 599 1078 1316 643 875 688 1364 556 220 1041 744 570 544 403 522 495 619 1526 344 1272 1509 744 1369 1082 751 139 1546 907 871 911 98 1648 1360 662 491 527 
531 1436 1194 1387 48 1748 689 342 869 723 338 431 479 392 0 1310 418 1724 242 587 1053 1281 548 838 489 1341 445 293 982 707 331 341 292 208 565 300 1503 322 1237 1474 760 1334 743 546 356 1487 892 557 614 410 1613 1360 683 506 179 
991 126 511 1049 1297 1410 1341 1155 1186 892 1126 1318 1082 1252 1298 0 977 1386 1311 921 684 609 786 449 1016 1032 1567 1360 678 650 1136 1154 1407 1254 953 1408 1194 1146 194 444 1863 381 1420 1739 1358 614 1239 1235 1532 1204 523 1668 727 909 1377 
254 1182 859 1115 469 1476 563 199 635 618 314 667 570 619 480 1056 0 1452 497 482 775 957 349 573 213 1075 822 550 710 442 324 187 669 334 460 468 1237 303 953 1190 1151 1050 617 837 613 1241 658 431 630 555 1329 1105 531 401 521 
1503 1626 1338 560 1837 475 1877 1702 1687 1492 1673 1854 1654 1805 1838 1504 1508 0 1846 1477 1191 1425 1331 1106 1547 701 2115 1895 1226 1203 1683 1701 1947 1785 1501 1898 616 1670 1381 1618 2423 1478 1977 2271 1896 1669 1740 1766 2076 1728 1757 2181 1327 1451 1894 
719 1496 1284 1419 277 1780 877 403 907 665 356 274 267 235 280 1370 536 1756 0 620 1124 1371 603 896 677 1373 430 61 1041 765 366 402 277 396 516 493 1535 228 1327 1564 790 1424 932 625 199 1546 926 745 784 235 1703 1367 707 512 401 
575 1137 839 1098 595 1459 867 409 727 369 373 596 439 548 606 1011 514 1435 581 0 755 938 243 538 534 1075 958 634 690 422 383 408 785 485 113 527 1237 403 919 1121 1273 981 922 927 632 1172 750 735 892 474 1295 1241 329 165 580 
675 806 484 620 1047 1004 1035 844 863 631 808 985 771 930 1052 708 678 960 971 615 0 582 467 285 698 623 1332 1020 267 342 818 843 1172 935 639 963 792 781 556 768 1610 705 1134 1364 1013 761 886 899 1205 852 942 1360 466 596 1040 
886 571 117 864 1204 1246 1229 1054 1078 842 1022 1196 1002 1148 1205 515 889 1220 1181 826 506 0 678 577 916 867 1474 1230 500 553 1032 1053 1314 1161 850 1315 1043 1010 321 511 1752 313 1308 1646 1232 546 1108 1123 1420 1074 701 1552 677 807 1284 
364 991 676 929 616 1293 671 430 552 398 394 614 483 566 627 861 318 1266 599 284 592 774 0 390 338 936 974 652 527 259 404 429 806 506 245 548 1098 421 748 967 1305 897 725 949 650 1021 575 539 841 492 1154 1074 242 186 601 
560 597 427 681 861 1057 909 714 730 443 678 844 611 788 872 471 548 1025 829 455 341 525 337 0 568 626 1212 882 451 201 688 713 1052 790 479 832 819 651 589 801 1497 738 959 1246 880 946 771 769 1073 722 997 1241 278 466 885 
203 1182 859 1115 539 1476 579 361 626 687 445 730 599 682 550 1056 205 1452 628 582 775 957 349 573 0 1075 892 681 710 442 455 349 739 496 509 569 1237 434 953 1190 1254 1050 633 979 744 1241 658 444 741 608 1329 1105 531 450 622 
1009 1120 767 367 1326 508 1370 1201 1186 989 1172 1353 1145 1305 1327 994 1006 704 1338 966 721 865 815 595 1045 0 1596 1387 719 690 1182 1200 1436 1283 990 1437 193 1173 839 1071 1893 969 1449 1768 1389 1160 1239 1264 1561 1231 1252 1668 814 954 1406 
621 1519 1284 1454 179 1815 779 437 969 818 496 391 446 352 182 1393 513 1791 202 682 1156 1371 643 922 579 1408 0 253 1067 797 490 436 177 298 660 395 1570 414 1327 1564 796 1424 833 557 316 1572 994 647 667 370 1703 1388 778 601 244 
658 1554 1324 1489 216 1851 816 474 1007 855 533 398 481 394 219 1428 550 1840 236 719 1171 1411 680 957 616 1443 369 0 1107 834 527 473 216 335 697 432 1605 449 1367 1604 729 1464 870 564 270 1612 1039 684 723 412 1743 1483 815 638 340 
1009 1073 838 1085 1339 1446 1383 1201 1190 989 1172 1353 1173 1305 1340 1017 1019 1422 1338 976 577 938 821 781 1058 1041 1609 1387 0 696 1182 1200 1449 1296 1000 1450 1203 1173 803 1039 1903 795 1462 1781 1389 526 1243 1276 1574 1231 1215 1672 820 954 1419 
485 766 520 771 797 1150 837 650 631 344 614 780 547 724 808 640 484 1116 765 391 436 618 273 169 504 774 1161 818 371 0 624 649 1001 726 415 768 954 587 592 804 1423 741 891 1179 816 865 696 705 1012 658 997 1149 179 402 821 
600 1368 1107 1314 392 1675 780 213 761 615 10 579 499 531 403 1242 346 1651 369 479 963 1194 440 755 517 1268 745 422 892 624 0 212 592 299 457 341 1430 310 1159 1396 1064 1256 834 740 521 1398 784 648 706 467 1535 1241 575 398 394 
393 1291 978 1228 414 1589 702 26 699 553 225 624 544 576 425 1165 139 1565 414 417 895 1065 378 693 310 1182 767 467 830 562 235 0 614 280 395 414 1344 355 1106 1343 1092 1203 756 783 566 1377 722 570 576 512 1482 1172 513 336 467 
684 1575 1344 1509 242 1872 842 500 1027 881 556 454 509 415 245 1449 576 1860 265 745 1191 1431 706 978 642 1463 315 285 1127 860 549 499 0 361 723 422 1625 477 1387 1624 724 1484 896 510 348 1632 1057 710 669 433 1763 1485 841 664 250 
323 1232 909 1183 428 1544 481 307 692 744 431 767 656 728 439 1106 222 1520 578 617 832 996 406 630 281 1137 781 629 767 499 441 295 628 0 566 458 1299 504 1036 1273 1105 1133 535 837 692 1316 715 349 607 665 1412 1082 588 507 511 
588 1168 861 1115 608 1476 880 422 740 383 386 519 359 471 619 1042 527 1452 504 104 777 961 265 570 547 1075 940 557 712 444 396 421 773 498 0 540 1237 326 953 1190 1229 1050 938 940 555 1241 763 748 907 397 1329 1241 351 105 593 
666 1500 1284 1429 314 1790 715 381 932 762 440 677 732 638 325 1374 508 1766 488 626 1134 1371 587 903 624 1383 522 539 1041 771 450 380 463 343 604 0 1545 570 1327 1564 959 1424 878 418 602 1546 933 692 449 656 1703 1392 722 545 237 
1161 1295 923 344 1495 427 1539 1369 1345 1146 1340 1517 1328 1469 1496 1169 1175 605 1502 1137 887 1010 998 781 1214 186 1765 1551 885 856 1350 1368 1605 1452 1161 1606 0 1337 1106 1343 2053 1203 1618 1939 1553 1394 1398 1428 1730 1395 1482 1829 987 1118 1575 
491 1291 964 1228 348 1589 800 201 696 537 216 371 274 323 359 1165 311 1565 201 414 892 1051 375 690 450 1182 623 254 827 559 226 200 470 328 334 370 1344 0 1106 1343 985 1203 854 769 317 1377 719 668 735 259 1482 1172 510 330 423 
889 250 380 867 1204 1246 1239 1054 1078 845 1022 1196 1002 1148 1205 194 892 1220 1181 829 509 416 681 616 926 870 1474 1230 503 556 1032 1053 1314 1161 853 1315 1043 1010 0 250 1752 187 1318 1646 1232 420 1108 1133 1430 1074 380 1552 680 810 1284 
639 621 130 617 995 998 1011 808 827 595 772 943 735 890 996 495 642 960 929 579 259 228 431 366 662 620 1292 978 253 306 782 807 1132 884 603 935 789 745 436 0 1570 541 1057 1329 976 696 850 863 1192 816 816 1295 430 560 1016 
1078 1941 1721 1885 621 2246 1224 879 1357 1266 942 752 940 765 624 1815 925 2222 684 1127 1568 1814 1081 1336 1030 1854 795 696 1504 1258 932 878 614 740 1094 837 2045 896 1764 2018 0 1857 1303 1033 722 2024 1410 1118 1189 836 2156 1897 1220 1043 770 
922 342 412 899 1222 1271 1290 1086 1098 877 1057 1225 1039 1177 1223 286 928 1237 1210 861 541 313 713 648 948 910 1492 1259 535 588 1067 1085 1332 1179 885 1333 1073 1045 92 282 1770 0 1369 1664 1261 317 1168 1184 1481 1103 467 1597 712 842 1302 
682 1575 1344 1509 889 1872 431 799 1052 1104 874 1146 1042 1098 900 1449 634 1860 1030 999 1191 1431 765 978 641 1463 1250 1070 1127 858 884 787 1090 877 937 921 1625 863 1387 1624 1528 1484 0 768 1151 1632 1082 483 545 1024 1763 1082 948 866 997 
1038 1854 1637 1803 554 2171 541 766 1261 1161 825 866 923 827 565 1723 827 2140 677 1011 1484 1724 971 1252 948 1756 635 728 1420 1174 835 765 652 714 975 421 1950 834 1680 1940 1058 1777 809 0 791 1933 1314 881 316 845 2070 1613 1115 924 467 
795 1536 1309 1474 359 1840 976 581 956 690 545 135 292 147 362 1410 691 1822 222 665 1156 1396 709 939 754 1428 512 176 1092 810 555 580 350 478 561 575 1590 380 1352 1589 751 1449 1026 707 0 1597 973 827 866 165 1728 1415 732 557 483 
1107 527 566 1086 1415 1447 1459 1282 1291 1063 1253 1436 1223 1388 1416 471 1095 1423 1421 1046 726 498 898 833 1134 1041 1685 1470 680 773 1263 1281 1525 1372 1070 1526 1203 1256 277 467 1978 269 1538 1861 1472 0 1344 1353 1650 1314 657 1773 897 1019 1495 
503 1291 991 1247 944 1608 977 738 409 800 702 868 737 820 949 1165 619 1584 853 720 933 1078 523 686 639 1201 1264 907 852 584 712 737 1104 814 647 856 1363 675 1118 1355 1552 1215 1034 1275 907 1377 0 769 1161 746 1494 872 644 588 909 
257 1368 1115 1314 665 1675 512 575 704 879 650 924 791 874 676 1242 410 1651 815 774 972 1202 541 765 417 1268 1028 866 921 634 660 563 865 653 701 695 1430 639 1159 1396 1328 1256 466 892 935 1415 727 0 662 800 1535 728 723 642 748 
860 1713 1501 1666 581 2030 298 615 1152 1012 689 893 960 854 592 1587 632 2016 704 875 1348 1588 836 1116 740 1620 738 755 1284 1038 699 603 679 578 853 410 1782 819 1544 1781 1171 1641 567 276 818 1789 1197 660 0 872 1990 1388 975 794 494 
638 1388 1132 1314 429 1675 934 459 790 539 474 136 141 88 432 1262 569 1651 226 508 992 1219 552 784 597 1268 582 246 921 653 484 458 429 548 404 628 1430 258 1197 1434 830 1294 998 777 172 1431 813 798 950 0 1573 1281 581 400 553 
1232 519 756 1247 1557 1608 1601 1431 1416 1226 1402 1579 1383 1531 1558 523 1237 1584 1564 1206 885 736 1060 974 1276 1201 1827 1613 879 939 1412 1430 1667 1514 1230 1668 1363 1399 376 626 2094 467 1680 2002 1615 740 1469 1495 1792 1457 0 1974 1061 1180 1637 
980 1751 1558 1723 1403 2085 1254 1263 943 1316 1234 1411 1281 1363 1404 1625 1116 2061 1396 1253 1405 1645 1048 1154 1141 1677 1673 1445 1341 1095 1244 1262 1513 1360 1177 1514 1854 1231 1601 1856 1957 1698 1137 1649 1447 1846 825 747 1419 1289 1990 0 1160 1126 1483 
513 921 688 939 749 1320 864 563 701 225 527 687 444 621 760 779 511 1276 702 292 604 786 257 308 531 942 1130 755 539 265 537 562 948 639 316 681 1104 557 760 1039 1359 922 922 1105 727 1033 724 732 1035 579 1154 1172 0 319 734 
500 1094 780 1034 520 1395 792 334 652 339 298 489 358 441 531 968 439 1371 474 195 696 878 184 494 459 1018 873 527 631 363 308 333 710 410 91 452 1180 296 852 1071 1193 969 846 851 525 1160 675 660 817 367 1252 1149 299 0 505 
681 1536 1309 1474 198 1840 815 422 956 803 481 575 630 536 209 1410 549 1822 386 667 1156 1396 628 939 639 1428 476 437 1092 812 487 421 321 358 645 239 1590 478 1352 1589 908 1449 893 463 500 1597 973 707 531 554 1728 1415 763 586 0 
