51
5
10800
0
542
507
553
521
493
449
493
428
583
451
378
459
522
563
527
411
489
507
548
501
562
588
493
582
541
381
498
592
390
420
396
469
470
460
557
598
550
567
563
557
441
561
579
558
521
565
592
576
568
402
0 1719 511 241 957 567 1108 781 2069 257 639 560 396 822 816 637 1431 1157 782 636 853 592 672 1822 564 710 669 418 862 1261 584 1154 575 190 659 196 2038 949 400 284 841 1041 799 236 646 1723 722 263 1922 434 648 
1630 0 1841 1480 2076 1225 798 1328 1450 1428 1260 1798 1693 2160 1054 1934 678 1380 905 1752 1976 1434 1217 1239 1501 1775 1299 1481 917 729 1276 1392 1827 1540 1775 1516 1421 1499 1403 1523 1680 1014 1891 1466 1006 1156 1840 1495 1352 1478 1338 
511 2010 0 646 671 802 1389 924 2299 571 930 680 192 949 1112 757 1712 1438 1073 234 576 802 977 2089 700 418 967 713 1144 1544 819 1450 978 457 367 652 2268 1084 635 669 613 1317 510 514 937 2006 445 437 2199 789 883 
241 1602 638 0 904 439 1036 702 1906 157 560 441 463 801 737 577 1359 1060 703 591 808 513 593 1689 558 665 590 263 783 1144 378 1089 449 203 614 109 1877 864 321 43 773 980 754 197 567 1606 677 312 1805 198 412 
1104 2130 700 1153 0 1210 1495 862 2439 1084 1074 1310 754 1578 1237 1393 1822 1563 1226 486 137 745 885 2229 728 392 894 1121 1250 1650 1227 1575 1500 976 470 1189 2408 817 1043 1189 556 1423 272 1020 1090 2146 331 911 2339 1197 1291 
614 1354 780 436 1012 0 727 679 1582 392 430 788 634 1149 412 924 1055 735 468 693 912 571 570 1371 638 767 618 270 481 842 78 748 758 504 716 500 1553 841 192 393 831 659 856 430 338 1288 779 436 1484 282 152 
1063 792 1289 915 1495 672 0 769 1024 859 708 1233 1143 1593 493 1387 365 818 352 1202 1419 881 660 852 955 1217 769 939 365 345 723 831 1262 972 1225 947 995 936 850 958 1122 427 1317 897 450 769 1288 941 965 930 741 
869 1416 924 724 862 762 843 0 1733 672 513 1054 843 1414 579 1202 1181 927 584 875 885 253 195 1522 305 548 186 759 597 958 813 917 1060 710 580 760 1704 494 681 767 453 775 648 710 625 1439 979 608 1635 835 875 
1836 1446 2053 1679 2283 1424 960 1527 0 1627 1459 2011 1897 2371 1243 2132 1193 1569 1104 1966 2183 1633 1416 543 1700 1987 1498 1680 1115 963 1475 1581 2011 1739 1989 1715 70 1698 1602 1722 1892 1204 2087 1665 1202 460 2052 1694 209 1677 1512 
257 1518 568 159 794 379 921 593 1812 0 451 494 388 854 628 630 1244 952 594 482 699 404 484 1595 449 556 481 170 674 1059 396 965 502 118 505 206 1777 755 212 182 664 852 645 64 458 1512 568 220 1708 283 460 
527 1354 748 377 994 483 746 511 1613 325 0 701 602 1070 468 837 1075 791 434 661 878 364 443 1402 431 719 363 412 500 861 518 804 709 437 684 413 1584 714 334 420 624 678 819 363 298 1319 747 404 1515 488 582 
538 1927 678 504 1184 763 1303 1018 2218 456 835 0 581 423 1025 177 1626 1351 982 839 1084 788 868 2034 833 945 865 614 1058 1458 768 1363 372 542 889 410 2187 1165 596 527 1070 1231 1033 518 842 1951 953 578 2118 650 802 
398 1850 192 469 725 620 1227 844 2156 391 741 583 0 845 936 660 1550 1246 884 288 630 660 774 1938 538 466 771 531 965 1382 637 1258 862 277 415 526 2125 1052 453 492 661 1142 558 334 748 1852 499 257 2044 607 701 
828 2297 944 864 1495 1137 1667 1335 2575 816 1204 423 843 0 1384 249 2002 1710 1346 1101 1395 1156 1240 2365 1123 1252 1187 978 1422 1823 1139 1722 518 845 1201 770 2544 1522 970 887 1400 1595 1341 878 1210 2282 1264 840 2475 1015 1173 
833 1013 1059 683 1278 425 421 564 1248 631 503 1013 916 1373 0 1176 744 559 287 981 1198 634 455 1038 701 1000 564 681 125 550 476 572 1019 743 990 719 1219 726 603 726 894 276 1100 669 288 952 1067 710 1144 678 538 
643 2075 755 653 1298 912 1462 1169 2371 605 986 177 658 249 1167 0 1785 1493 1129 922 1198 937 1066 2161 940 1062 1021 763 1217 1617 915 1505 272 660 1011 559 2340 1348 745 676 1224 1390 1154 667 993 2078 1067 655 2271 799 945 
1420 678 1629 1270 1815 995 363 1093 1340 1218 1037 1588 1483 1958 814 1742 0 1157 673 1542 1759 1209 982 1134 1276 1540 1081 1251 686 604 1046 1154 1617 1330 1564 1306 1311 1264 1173 1313 1445 748 1640 1256 771 1051 1628 1285 1242 1248 1070 
1135 1407 1356 985 1567 714 781 853 1657 934 792 1303 1210 1663 481 1457 1114 0 576 1269 1486 924 744 1446 991 1286 853 978 485 910 765 104 1332 1036 1279 1021 1628 1023 892 1028 1191 606 1386 972 577 1363 1355 1012 1559 969 827 
709 1110 935 559 1168 460 541 417 1354 507 356 883 784 1246 194 1053 864 517 0 843 1068 546 308 1143 609 865 417 594 295 656 511 530 891 619 866 595 1325 579 516 602 770 470 991 545 323 1060 935 586 1256 670 573 
636 2068 234 698 457 846 1444 873 2354 620 973 841 288 1111 1152 918 1767 1478 1114 0 362 751 965 2144 649 367 900 757 1199 1599 863 1490 1129 506 316 755 2323 1033 679 721 562 1372 355 563 978 2061 231 486 2254 833 930 
990 2130 587 1055 119 1210 1501 867 2439 975 1074 1200 641 1468 1243 1283 1835 1569 1243 373 0 750 890 2229 733 397 899 1121 1256 1656 1227 1581 1463 859 475 1112 2408 822 1043 1078 561 1429 277 926 1114 2146 218 839 2339 1197 1291 
646 1475 790 496 747 614 899 253 1770 444 385 820 655 1181 584 966 1224 927 550 720 770 0 331 1559 148 430 269 531 646 1033 637 923 828 522 436 532 1741 630 453 539 335 831 530 482 414 1476 806 420 1672 607 701 
775 1354 1000 625 931 640 721 187 1582 573 434 952 850 1315 457 1111 1045 780 462 910 949 327 0 1371 379 635 216 660 475 836 691 793 967 685 667 661 1553 375 582 668 540 653 735 611 503 1288 996 652 1484 736 753 
1735 1354 1949 1585 2163 1330 870 1433 543 1533 1365 1913 1798 2273 1179 2036 1127 1505 1010 1863 2082 1539 1322 0 1606 1887 1404 1586 1051 873 1381 1517 1944 1645 1909 1621 514 1604 1508 1628 1785 1111 1987 1571 1108 150 1951 1600 479 1583 1417 
564 1572 686 544 714 601 968 306 1841 475 481 859 538 1125 651 937 1291 977 617 603 737 151 384 1627 0 342 322 512 713 1100 618 994 876 405 332 580 1812 683 434 587 328 898 442 411 481 1544 689 303 1740 588 682 
798 1913 418 778 392 835 1273 550 2195 709 744 1024 466 1292 965 1107 1596 1275 907 371 415 428 639 1982 356 0 577 746 1008 1428 852 1287 1129 639 95 814 2164 706 668 821 239 1196 120 645 770 1899 467 537 2091 822 918 
791 1518 1024 641 957 734 921 240 1812 589 450 968 866 1328 631 1136 1244 985 662 933 974 323 276 1595 375 631 0 676 675 1059 782 994 978 701 663 677 1777 575 598 684 536 853 731 627 601 1512 1028 668 1708 752 846 
361 1518 527 211 752 354 941 611 1830 159 469 535 381 895 646 671 1264 977 612 440 657 422 502 1618 407 514 499 0 692 1059 378 984 543 253 463 247 1800 773 210 235 682 870 603 179 476 1535 526 183 1731 264 442 
876 973 1111 726 1327 470 396 598 1208 674 537 1054 957 1414 189 1204 719 514 181 1011 1227 677 489 1038 744 1045 598 726 0 525 521 527 1060 786 1038 762 1179 760 648 769 961 242 1145 712 237 952 1096 753 1130 723 583 
1165 784 1391 1015 1621 770 370 867 961 959 806 1333 1245 1693 592 1487 600 927 450 1304 1521 986 758 793 1053 1319 867 1034 464 0 821 932 1362 1071 1327 1051 933 1041 956 1058 1224 554 1419 997 548 710 1390 1047 905 1030 865 
605 1354 771 392 1001 75 776 728 1638 403 493 765 625 1114 461 870 1102 784 517 684 912 634 619 1427 651 758 681 261 530 891 0 797 683 497 707 491 1609 890 218 356 894 708 847 423 387 1344 770 427 1540 217 94 
1113 1366 1334 963 1558 705 772 844 1657 913 783 1284 1188 1644 472 1438 1102 103 567 1247 1464 916 735 1446 981 1279 844 978 476 905 756 0 1313 1025 1269 999 1628 1007 883 1006 1191 502 1379 951 568 1363 1333 990 1559 960 818 
535 1927 899 501 1184 747 1303 1018 2218 453 832 332 799 498 1013 272 1626 1339 982 863 1084 785 865 2034 830 937 862 611 1058 1458 672 1351 0 539 886 407 2187 1165 593 524 1070 1231 1032 515 839 1951 953 606 2118 560 706 
190 1595 457 206 781 470 1019 684 1906 118 542 583 277 845 719 660 1342 1060 685 469 686 495 575 1682 405 543 572 282 765 1137 487 1089 596 0 492 263 1877 846 303 229 682 949 632 74 549 1599 555 111 1795 362 551 
763 1913 367 768 470 825 1273 581 2195 699 775 969 415 1238 965 1053 1596 1275 926 320 493 451 670 1982 346 95 608 736 1014 1428 842 1287 1129 629 0 804 2164 757 658 811 290 1201 198 635 781 1899 416 527 2091 812 906 
196 1581 644 109 880 465 1008 679 1881 158 537 378 504 738 714 514 1331 1040 680 568 785 490 570 1668 535 642 567 316 760 1137 458 1089 386 244 591 0 1852 841 298 151 750 949 731 220 544 1585 654 311 1781 301 492 
1788 1407 2011 1638 2227 1383 936 1486 68 1586 1418 1967 1857 2327 1202 2110 1166 1528 1063 1911 2127 1592 1375 511 1659 1945 1457 1639 1074 931 1434 1540 1989 1698 1950 1674 0 1657 1561 1681 1861 1163 2045 1624 1161 428 1996 1653 250 1636 1471 
942 1460 1111 791 817 806 887 461 1770 739 600 1137 1016 1497 623 1291 1211 946 628 1051 840 601 274 1559 653 698 490 826 641 1008 857 959 1166 851 749 827 1741 0 748 834 643 819 798 777 669 1476 1035 818 1672 904 928 
422 1537 588 272 813 233 960 672 1830 220 506 596 442 963 640 732 1283 977 613 501 718 483 563 1618 468 575 560 78 709 1070 262 980 604 314 524 308 1800 834 0 258 743 887 664 240 477 1535 587 244 1731 260 336 
276 1628 661 43 931 397 1054 725 1973 180 583 484 486 844 760 620 1377 1087 726 614 831 536 616 1715 581 688 613 235 806 1170 342 1107 492 226 637 151 1944 887 289 0 796 995 777 220 590 1632 700 335 1841 162 376 
844 1771 613 757 556 875 1173 455 2119 705 649 1088 661 1447 845 1233 1496 1203 811 566 579 333 544 1897 338 239 482 792 907 1313 898 1215 1108 685 290 793 2088 643 714 800 0 1109 339 691 675 1775 662 583 1983 868 962 
1039 1040 1266 888 1486 649 442 746 1283 836 685 1210 1120 1570 390 1364 765 609 329 1179 1396 858 637 1082 930 1203 746 919 235 591 700 506 1239 948 1202 924 1254 912 827 932 1108 0 1303 874 427 999 1265 917 1191 904 761 
898 2010 510 878 272 940 1367 650 2281 809 844 1120 558 1388 1058 1203 1690 1384 1012 355 295 528 739 2071 456 120 677 846 1107 1522 955 1396 1239 739 198 918 2250 806 768 922 339 1295 0 745 870 1988 484 637 2181 924 1019 
236 1572 514 198 764 434 988 655 1863 64 513 532 334 892 690 668 1311 1017 656 452 669 466 546 1649 413 526 543 208 736 1122 458 1044 540 74 475 244 1833 817 274 221 690 916 615 0 520 1566 538 156 1762 336 522 
657 1110 878 507 1116 280 513 553 1340 455 355 831 732 1195 330 974 836 653 136 791 1016 458 444 1134 525 813 543 536 237 628 331 666 839 567 813 543 1311 715 458 550 718 445 915 493 0 1051 877 534 1242 533 393 
1655 1284 1869 1505 2093 1250 790 1353 463 1453 1285 1825 1718 2199 1083 1959 1030 1409 930 1777 1994 1459 1242 144 1526 1800 1324 1506 940 793 1301 1421 1852 1565 1800 1541 434 1524 1428 1548 1705 1037 1910 1491 1028 0 1863 1520 399 1503 1341 
771 2138 369 833 458 981 1532 838 2439 755 1033 979 423 1238 1223 1053 1861 1549 1185 155 363 716 938 2229 614 332 865 892 1281 1687 1004 1561 1262 641 281 890 2408 1007 814 856 527 1460 354 698 1049 2146 0 621 2339 969 1068 
263 1619 437 315 695 448 1054 609 1924 220 569 578 257 840 746 655 1377 1087 712 383 600 425 602 1706 303 457 599 359 792 1161 465 1089 696 111 406 372 1895 873 281 338 580 980 546 156 576 1623 469 0 1841 435 529 
1777 1407 2011 1627 2222 1372 907 1475 202 1575 1407 1954 1842 2314 1191 2085 1166 1517 1052 1906 2122 1581 1364 494 1648 1922 1446 1628 1063 909 1423 1529 1985 1687 1940 1663 249 1646 1550 1670 1831 1152 2022 1613 1150 411 1991 1642 0 1625 1460 
424 1572 726 192 957 273 988 810 1863 277 646 631 580 1006 670 767 1311 1004 726 639 856 621 701 1649 606 713 698 216 739 1122 209 1009 581 358 662 295 1833 1007 270 156 881 927 802 332 596 1566 725 382 1762 0 273 
662 1366 828 440 1074 152 773 805 1657 460 570 793 682 1134 538 898 1102 861 571 741 974 711 696 1446 708 815 758 318 607 899 105 874 711 554 764 526 1628 968 295 404 972 744 915 480 464 1363 827 484 1559 274 0 
0 2048 800 253 1103 773 1349 1021 2336 316 812 684 555 1039 1072 787 1816 1437 970 745 988 813 835 2101 732 882 798 519 1073 1513 763 1465 739 226 780 209 2298 1189 528 296 1139 1336 1003 291 824 1991 842 360 2227 502 833 
1836 0 2059 1647 2325 1397 980 1482 1679 1576 1435 2158 1920 2544 1185 2276 860 1594 1020 1959 2228 1693 1337 1509 1732 2098 1508 1672 1048 851 1466 1622 2090 1725 2009 1712 1683 1694 1572 1690 1958 1172 2175 1645 1120 1367 2055 1691 1640 1783 1540 
691 2395 0 892 898 1031 1653 1262 2622 757 1118 870 263 1213 1364 1003 2119 1729 1270 350 790 1079 1125 2358 880 596 1138 863 1377 1818 1000 1757 1250 627 494 862 2584 1482 782 926 924 1630 729 729 1134 2248 618 578 2513 1003 1121 
269 1870 836 0 1091 573 1204 872 2155 197 693 636 651 987 887 727 1658 1323 846 723 976 694 716 1975 735 860 679 299 978 1368 511 1351 611 264 758 129 2117 1101 380 43 1045 1203 1003 226 705 1824 820 407 2103 249 581 
1258 2567 869 1136 0 1205 1821 1170 2823 1065 1320 1588 955 1971 1549 1707 2246 1934 1455 562 148 1069 1136 2534 935 488 1256 1074 1536 1979 1172 1930 1589 1049 613 1201 2767 1102 974 1179 778 1799 326 996 1319 2424 401 927 2689 1189 1293 
698 1429 897 529 1161 0 760 781 1767 453 584 997 754 1386 455 1133 1183 821 505 784 1046 707 625 1597 789 924 711 303 578 949 78 862 948 597 819 570 1771 1030 222 551 1057 766 1027 519 364 1455 881 514 1728 373 236 
1212 1053 1521 1051 1663 720 0 874 1315 980 788 1503 1338 1933 523 1672 461 881 372 1347 1652 1111 718 1132 1090 1468 804 1074 390 456 774 929 1504 1129 1381 1116 1319 1101 974 1094 1402 451 1564 1049 475 993 1458 1093 1285 1111 929 
1047 1602 1344 871 1162 850 921 0 1869 795 610 1324 1148 1746 656 1493 1366 1028 703 1170 1195 423 206 1670 470 806 281 868 727 1102 907 1091 1325 944 844 912 1833 621 787 919 632 916 947 873 711 1528 1281 899 1805 1003 994 
2060 1689 2307 1895 2572 1634 1142 1719 0 1822 1672 2376 2168 2773 1422 2492 1488 1834 1257 2191 2460 1951 1574 759 1981 2345 1745 1915 1285 1189 1703 1864 2306 1981 2256 1949 88 1943 1816 1938 2214 1414 2407 1899 1357 660 2287 1918 271 2017 1777 
347 1715 718 234 987 536 1064 754 2026 0 575 707 575 1071 769 798 1518 1205 728 605 874 576 598 1830 617 742 561 262 876 1242 555 1215 682 170 640 275 1988 988 291 277 899 1087 875 111 587 1678 702 304 1948 409 625 
664 1515 950 495 1170 594 848 620 1782 419 0 971 763 1341 543 1088 1314 936 502 793 1055 471 546 1612 572 941 474 492 666 1044 672 955 940 564 828 536 1786 952 411 538 783 854 1037 497 361 1470 890 523 1743 610 745 
748 2395 1037 717 1575 1072 1653 1279 2622 632 1141 0 828 540 1364 232 2119 1729 1270 1140 1460 1217 1134 2358 1176 1276 1147 835 1377 1818 987 1757 473 741 1189 602 2584 1491 839 749 1508 1630 1372 703 1134 2248 1266 871 2513 866 1093 
496 2141 264 681 933 785 1376 1047 2360 515 859 737 0 1070 1103 840 1845 1468 1012 400 817 860 882 2101 686 646 845 621 1100 1540 804 1496 1095 385 544 667 2322 1244 540 706 972 1363 779 487 871 1991 645 336 2251 739 874 
1097 2760 1370 1068 1920 1430 2088 1657 3063 993 1518 491 1183 0 1747 277 2522 2088 1653 1485 1790 1593 1512 2830 1538 1606 1525 1158 1760 2211 1346 2114 627 1108 1519 941 2976 1871 1199 1109 1879 2028 1702 1044 1517 2646 1596 1223 2963 1222 1444 
984 1102 1329 806 1513 463 432 667 1465 730 581 1256 1104 1678 0 1425 851 615 351 1155 1460 765 511 1295 847 1245 597 752 156 624 517 656 1257 875 1189 847 1469 892 671 849 1142 325 1372 808 324 1153 1266 834 1426 824 657 
816 2436 1115 785 1654 1160 1733 1345 2729 700 1227 226 936 329 1456 0 2202 1834 1362 1234 1539 1302 1200 2451 1261 1355 1213 910 1457 1898 1075 1844 390 809 1268 670 2677 1557 914 817 1593 1720 1451 771 1226 2341 1345 948 2606 936 1136 
1687 1034 1961 1526 2211 1275 563 1361 1625 1455 1314 2017 1818 2437 1073 2169 0 1482 893 1853 2126 1572 1216 1455 1610 1960 1387 1551 916 805 1344 1510 1968 1604 1871 1591 1629 1573 1451 1569 1861 995 2043 1524 999 1313 1953 1570 1586 1661 1418 
1404 1608 1715 1243 1976 924 964 1122 1897 1172 1066 1695 1532 2146 664 1878 1418 0 811 1541 1850 1314 977 1724 1306 1662 1113 1268 684 1180 984 144 1696 1321 1575 1308 1877 1334 1168 1286 1605 793 1758 1241 784 1582 1652 1287 1859 1306 1051 
846 1248 1131 677 1338 502 561 502 1550 601 416 1126 961 1544 212 1291 987 578 0 971 1278 679 346 1380 761 1114 432 674 368 749 556 619 1128 746 1027 718 1554 727 593 720 972 537 1210 679 363 1238 1084 705 1511 792 696 
884 2220 330 774 581 878 1489 1122 2460 698 964 1142 436 1429 1200 1205 1973 1565 1127 0 473 974 977 2196 786 510 964 714 1213 1653 897 1593 1209 700 408 815 2422 1334 633 817 824 1476 479 670 991 2086 301 601 2351 832 986 
1094 2412 745 970 132 1092 1694 1168 2729 902 1177 1424 851 1781 1406 1557 2154 1771 1312 438 0 1035 1136 2451 935 482 1174 930 1418 1859 1049 1799 1425 904 607 1037 2677 1102 836 1013 772 1672 320 873 1176 2341 277 804 2606 1065 1170 
884 1715 1216 715 998 796 1064 372 2026 639 454 1170 1014 1573 745 1320 1518 1159 704 1019 1031 0 474 1830 254 677 412 712 868 1242 874 1179 1155 784 685 756 1988 889 631 758 491 1074 810 717 563 1678 1130 699 1948 830 971 
949 1429 1216 744 1114 723 782 239 1767 668 483 1224 1041 1605 529 1352 1218 895 576 1044 1147 486 0 1597 533 881 250 741 600 971 777 940 1184 813 907 785 1771 512 660 787 695 788 1021 746 584 1455 1155 772 1728 859 929 
1933 1566 2191 1768 2442 1518 1057 1603 771 1697 1556 2253 2051 2637 1306 2369 1367 1715 1141 2075 2344 1825 1458 0 1857 2229 1629 1793 1169 1077 1587 1743 2183 1854 2140 1841 722 1812 1693 1812 2057 1298 2291 1766 1241 187 2171 1815 699 1949 1661 
777 1758 896 723 916 827 1102 420 2155 647 622 1170 753 1556 791 1320 1556 1205 750 783 961 259 522 1875 0 473 460 663 927 1285 846 1229 1155 565 457 764 2117 952 582 766 454 1123 606 617 609 1721 880 466 1986 781 929 
971 2274 586 858 460 974 1532 764 2501 782 1002 1319 692 1650 1243 1426 2007 1608 1149 515 482 647 866 2237 467 0 804 798 1256 1696 957 1636 1320 784 143 899 2463 1030 717 906 358 1509 151 754 1013 2127 625 685 2392 936 1078 
949 1613 1216 739 1280 873 978 351 1897 663 478 1224 1032 1605 714 1352 1432 1129 761 1044 1313 528 359 1724 575 924 0 736 785 1180 924 1179 1184 808 952 780 1877 774 655 782 737 986 1071 741 640 1582 1155 767 1859 854 1024 
429 1680 628 260 892 527 1046 731 1965 184 552 733 485 1106 746 824 1500 1159 705 515 784 553 575 1785 539 652 538 0 853 1207 560 1179 708 328 550 301 1927 966 299 303 876 1074 785 250 564 1643 612 245 1920 390 630 
1041 1184 1329 862 1516 519 444 723 1475 786 637 1319 1148 1741 213 1488 863 571 251 1155 1460 821 567 1305 904 1276 653 808 0 636 573 612 1320 933 1189 906 1479 952 727 906 1170 299 1372 864 290 1163 1266 890 1436 880 713 
1301 940 1612 1140 1790 827 529 1038 1278 1069 895 1592 1429 2028 617 1761 740 994 479 1438 1743 1198 825 1091 1210 1559 914 1165 484 0 881 1036 1593 1218 1472 1205 1282 1189 1065 1183 1479 583 1655 1138 582 971 1549 1184 1249 1208 971 
737 1485 976 524 1204 81 841 862 1782 492 663 1041 793 1341 536 1088 1314 936 586 823 1089 788 706 1612 847 983 792 342 659 1044 0 955 879 636 858 609 1786 1101 261 515 1142 847 1068 558 445 1470 918 553 1743 335 187 
1331 1515 1642 1170 1874 829 866 1038 1811 1099 964 1622 1459 2061 570 1791 1327 128 717 1468 1773 1219 877 1634 1211 1589 1021 1183 590 1077 883 0 1623 1248 1502 1235 1812 1244 1095 1213 1510 662 1685 1168 690 1492 1579 1214 1765 1208 971 
687 2334 1213 656 1509 905 1608 1220 2575 571 1080 435 1026 586 1323 424 2104 1688 1229 1089 1394 1170 1075 2311 1106 1210 1115 774 1332 1772 830 1716 0 680 1123 541 2537 1432 778 688 1461 1589 1306 642 1093 2201 1200 822 2466 679 900 
212 1870 634 299 898 659 1204 877 2155 130 698 745 415 1070 892 848 1658 1323 851 521 790 699 721 1975 508 658 684 386 983 1368 678 1351 812 0 556 349 2117 1101 414 321 893 1203 791 102 710 1824 618 143 2103 508 748 
859 2220 477 749 579 853 1463 740 2426 673 941 1224 583 1556 1181 1332 1937 1546 1086 412 601 619 842 2162 411 119 780 689 1187 1627 872 1574 1184 675 0 790 2388 1056 608 792 416 1446 270 645 950 2052 516 576 2317 807 952 
198 1870 829 147 1091 647 1204 865 2155 195 686 571 686 927 880 662 1658 1297 839 716 976 687 709 1975 728 853 672 398 978 1368 609 1325 546 304 751 0 2117 1101 402 190 1045 1183 989 266 698 1824 813 446 2103 396 679 
2036 1640 2298 1871 2570 1614 1092 1699 73 1793 1652 2354 2159 2755 1402 2470 1439 1834 1237 2182 2451 1926 1554 696 1958 2336 1725 1899 1265 1140 1683 1829 2284 1956 2247 1927 0 1916 1789 1914 2175 1394 2398 1873 1337 597 2278 1909 330 2005 1757 
1139 1669 1450 978 1114 972 1029 706 1965 920 723 1430 1267 1875 769 1599 1483 1205 816 1276 1147 896 467 1774 942 988 717 1000 840 1196 1036 1215 1431 1069 1062 1043 1927 0 900 1021 887 1033 1128 989 824 1632 1380 1022 1903 1126 1110 
476 1690 675 307 943 295 1046 778 2014 231 599 780 532 1139 735 871 1500 1159 752 562 831 600 622 1795 586 699 585 81 858 1217 351 1179 755 375 597 348 1976 1030 0 350 924 1074 832 297 611 1653 659 292 1920 325 461 
312 1896 863 43 1103 557 1229 899 2190 224 720 679 678 1063 974 770 1683 1333 873 750 988 721 743 1975 762 887 706 283 993 1393 485 1361 654 291 785 172 2152 1116 364 0 1061 1228 1003 253 732 1824 847 434 2103 228 555 
1127 2141 889 994 672 1136 1379 601 2360 920 811 1446 970 1878 1087 1615 1855 1452 988 824 694 484 703 2101 464 351 641 1014 1103 1543 1130 1480 1447 923 446 1059 2322 952 914 1037 0 1366 484 960 846 1991 935 819 2251 1147 1251 
1230 1243 1536 1069 1762 723 528 929 1532 998 841 1521 1353 1961 417 1690 953 708 453 1362 1667 1111 771 1362 1096 1483 857 1081 254 722 777 651 1522 1147 1396 1134 1536 1155 985 1112 1402 0 1579 1067 543 1220 1473 1108 1493 1120 929 
1050 2395 714 934 309 1050 1653 890 2622 861 1127 1393 820 1740 1364 1516 2119 1729 1270 479 331 773 1009 2358 603 162 989 877 1377 1818 1000 1757 1394 863 287 1006 2584 1136 796 977 484 1630 0 833 1134 2248 584 764 2513 1028 1121 
293 1786 676 285 943 609 1134 827 2155 73 648 758 465 1124 842 849 1588 1290 801 563 832 649 671 1896 552 700 634 313 939 1313 628 1318 733 88 598 326 2117 1056 364 312 941 1153 833 0 660 1749 660 193 2016 482 698 
766 1248 1048 597 1307 307 552 643 1550 521 473 1085 865 1440 353 1187 968 719 141 895 1192 556 487 1380 638 1025 573 594 308 740 361 760 1028 666 935 638 1554 868 513 640 879 533 1125 599 0 1238 1003 625 1511 668 501 
1848 1484 2111 1690 2383 1440 964 1525 697 1619 1478 2196 1952 2580 1230 2312 1298 1639 1063 1995 2264 1736 1380 195 1775 2149 1551 1715 1093 969 1509 1667 2126 1768 2060 1755 648 1737 1615 1733 2011 1235 2211 1688 1163 0 2091 1734 625 1825 1583 
810 2165 482 700 541 804 1390 1055 2360 624 878 1146 588 1497 1127 1273 1862 1492 1028 194 433 879 902 2101 712 451 864 640 1114 1554 823 1520 1128 626 349 741 2322 1244 559 743 765 1377 456 596 890 1991 0 527 2251 758 893 
328 1798 572 429 838 590 1164 827 2155 260 664 752 327 1070 858 855 1618 1290 817 461 730 643 687 1942 407 598 650 426 956 1325 609 1318 940 130 496 479 2117 1056 345 451 792 1174 731 201 676 1761 558 0 2051 544 679 
2036 1651 2298 1871 2570 1614 1118 1699 268 1793 1652 2354 2159 2755 1402 2470 1450 1834 1237 2182 2451 1926 1554 675 1958 2336 1725 1899 1265 1163 1683 1829 2284 1956 2247 1927 318 1916 1789 1914 2175 1394 2398 1873 1337 576 2278 1909 0 2005 1757 
499 1786 965 237 1189 371 1134 1038 2155 384 848 866 781 1190 826 937 1588 1237 875 811 1074 849 871 1896 835 954 834 313 939 1313 296 1265 726 485 846 359 2117 1244 377 194 1233 1153 1054 447 734 1749 908 541 2016 0 366 
872 1653 1131 613 1393 246 1007 1038 1937 645 828 1170 961 1439 700 1186 1461 1099 750 971 1278 1011 870 1758 1005 1114 1021 495 823 1180 198 1136 967 789 1027 706 1927 1244 426 596 1307 1021 1210 711 609 1616 1084 706 1903 445 0 
0 1955 698 286 1086 806 1300 942 2257 280 849 660 492 973 1016 750 1705 1409 954 696 962 842 808 1987 727 899 773 484 1000 1398 758 1436 724 197 749 236 2218 1181 536 329 1052 1239 878 246 804 1941 810 294 2189 547 823 
1836 0 2141 1680 2349 1398 1056 1508 1796 1613 1455 2136 1945 2514 1254 2260 874 1617 1078 1974 2230 1708 1398 1516 1728 2123 1517 1708 1101 819 1452 1644 2059 1740 2053 1716 1746 1740 1617 1723 1944 1249 2174 1666 1176 1450 2088 1715 1737 1732 1545 
775 2213 0 860 862 1045 1596 1213 2549 722 1096 851 250 1149 1285 934 1942 1678 1248 349 744 1064 1103 2275 916 644 1082 857 1308 1694 989 1705 1204 599 494 926 2510 1445 773 875 953 1535 677 677 1104 2229 607 548 2498 996 1086 
257 1813 824 0 1076 549 1162 818 2136 192 727 590 622 988 858 749 1567 1274 832 686 952 720 686 1906 748 889 651 300 882 1278 476 1301 578 277 739 127 2097 1030 414 43 1043 1121 868 260 682 1788 800 423 2085 262 537 
1167 2334 873 1062 0 1180 1693 994 2672 991 1233 1497 923 1882 1382 1633 2032 1775 1375 575 150 894 1026 2398 916 477 1122 1009 1405 1791 1126 1804 1447 964 572 1098 2633 1018 918 1105 714 1632 335 924 1231 2352 384 878 2621 1117 1223 
759 1443 969 558 1227 0 761 722 1675 517 549 1005 799 1383 432 1133 1183 770 491 830 1103 743 590 1395 780 997 696 371 496 872 78 833 827 639 883 635 1625 949 287 542 1132 763 1009 574 347 1329 942 593 1616 374 175 
1153 1054 1420 1001 1657 711 0 836 1294 938 793 1436 1280 1818 548 1572 392 885 381 1302 1554 1037 704 1038 1077 1416 810 1022 437 518 764 962 1386 1065 1356 1037 1244 1030 931 1044 1329 484 1492 991 488 969 1392 1040 1246 1048 847 
936 1554 1168 744 1017 815 921 0 1903 685 555 1178 1032 1587 621 1337 1317 989 640 1049 1058 364 224 1608 452 716 218 787 645 1034 868 1039 1155 853 772 803 1854 610 703 787 644 916 819 742 670 1542 1139 810 1836 917 947 
2068 1774 2358 1909 2523 1605 1206 1715 0 1845 1662 2370 2188 2748 1461 2494 1452 1835 1285 2191 2447 1935 1605 711 1954 2338 1724 1937 1308 1181 1659 1868 2294 1967 2270 1969 86 1948 1837 1951 2159 1456 2391 1883 1383 706 2305 1939 279 1974 1752 
291 1648 685 190 918 545 1019 679 1995 0 588 606 516 1013 719 765 1424 1130 693 547 798 581 547 1697 609 750 512 204 743 1137 497 1130 594 179 600 249 1956 897 275 210 961 997 729 68 543 1631 661 289 1927 377 606 
589 1460 847 406 1110 586 807 583 1796 347 0 822 678 1222 518 981 1232 856 493 709 986 393 480 1516 518 888 439 449 542 923 587 933 810 515 762 465 1746 830 365 449 786 809 891 404 343 1450 823 472 1737 589 696 
666 2159 825 629 1414 1030 1533 1178 2520 558 1067 0 676 480 1215 231 1905 1608 1177 1027 1290 1091 1068 2246 1087 1181 1017 737 1245 1631 972 1635 435 687 1080 606 2481 1410 762 672 1373 1472 1216 626 1033 2200 1128 714 2469 822 1055 
564 2017 216 622 883 824 1378 1018 2325 484 932 692 0 1015 1066 782 1783 1459 1018 370 765 869 875 2051 715 665 840 638 1090 1476 776 1486 1049 361 515 679 2286 1246 554 637 961 1317 698 439 871 2005 628 310 2274 778 885 
1107 2650 1175 1107 1854 1393 2063 1664 3041 1026 1530 511 1050 0 1710 316 2451 2118 1672 1360 1725 1548 1554 2655 1520 1628 1528 1202 1759 2135 1314 2127 583 1075 1527 1009 3019 1898 1229 1150 1831 2008 1663 1101 1528 2609 1563 1095 2917 1193 1411 
936 1077 1144 724 1414 444 441 614 1365 665 571 1178 1014 1559 0 1313 791 574 304 1038 1290 762 482 1096 799 1181 588 767 157 568 497 637 1127 833 1080 783 1315 832 683 767 1095 340 1216 722 299 1030 1128 790 1330 779 580 
829 2334 991 792 1578 1140 1718 1335 2672 721 1208 245 827 261 1388 0 2067 1781 1350 1175 1454 1226 1225 2398 1246 1357 1199 900 1430 1817 1061 1817 382 838 1256 769 2633 1567 931 835 1508 1657 1392 789 1206 2352 1292 865 2621 920 1158 
1510 881 1773 1358 2019 1074 408 1189 1514 1291 1133 1793 1633 2195 927 1940 0 1315 747 1655 1899 1382 1079 1234 1402 1767 1195 1386 803 693 1128 1342 1743 1418 1709 1394 1464 1421 1295 1401 1647 850 1857 1344 854 1168 1745 1393 1455 1408 1221 
1214 1489 1475 1062 1733 768 834 942 1796 995 895 1497 1335 1892 518 1633 1242 0 628 1357 1609 1121 806 1516 1141 1491 922 1102 550 961 821 128 1447 1122 1411 1098 1746 1181 1011 1105 1401 690 1547 1048 623 1450 1447 1095 1737 1099 906 
784 1213 1000 601 1276 476 571 455 1470 542 412 1028 873 1451 207 1203 922 545 0 904 1173 621 323 1190 718 1069 429 644 306 682 529 608 1019 710 968 660 1420 673 560 644 972 547 1095 599 331 1124 1011 667 1411 784 612 
890 2159 337 803 551 960 1511 1127 2520 744 1045 1061 398 1407 1191 1231 1883 1584 1153 0 433 986 1017 2246 845 516 989 768 1223 1609 907 1611 1211 687 433 862 2481 1359 684 846 860 1450 490 693 1009 2200 296 636 2469 917 1020 
1075 2334 765 958 142 1093 1677 1023 2672 886 1137 1392 826 1770 1343 1528 2017 1736 1305 466 0 903 1026 2398 935 485 1144 924 1389 1775 1039 1763 1342 868 580 993 2633 1025 826 1001 722 1616 343 835 1161 2352 292 786 2621 1031 1136 
826 1692 1065 643 909 778 1065 346 2097 584 466 1083 916 1486 720 1240 1470 1130 685 956 971 0 468 1741 221 598 372 686 780 1165 824 1130 1054 752 654 702 2058 854 602 686 496 1055 701 641 535 1675 1057 672 1960 826 932 
864 1443 1092 681 1110 680 775 229 1675 622 492 1101 963 1531 486 1279 1183 824 505 993 1151 509 0 1395 597 910 245 724 510 886 733 887 1100 790 957 740 1625 482 640 724 835 777 1025 679 535 1329 1083 747 1616 864 816 
1897 1619 2205 1735 2375 1453 1066 1563 716 1668 1510 2187 2036 2566 1309 2311 1308 1672 1133 2038 2294 1763 1453 0 1783 2178 1572 1763 1156 1034 1507 1699 2111 1795 2117 1771 697 1795 1672 1778 1999 1304 2238 1721 1231 182 2152 1770 586 1787 1600 
754 1732 886 669 904 804 1086 416 2097 610 618 1088 717 1497 746 1251 1491 1157 711 748 971 194 538 1781 0 556 442 639 810 1205 777 1177 1065 533 495 728 2058 936 555 712 495 1079 680 564 561 1715 862 451 2010 779 886 
952 2159 582 804 448 960 1494 697 2448 745 969 1261 636 1633 1138 1397 1883 1531 1096 459 491 559 879 2174 453 0 783 769 1204 1592 907 1558 1211 727 130 863 2409 971 685 847 379 1433 144 694 952 2128 603 645 2397 917 1020 
749 1460 1000 566 1241 718 813 312 1796 507 377 986 838 1401 524 1165 1234 862 543 869 1126 484 335 1516 572 910 0 609 548 927 747 935 969 675 924 625 1746 702 525 609 819 815 1025 564 508 1450 974 632 1737 749 854 
403 1639 612 220 843 575 999 659 1965 161 568 636 443 1057 699 795 1404 1101 673 474 725 561 527 1678 549 677 492 0 723 1137 539 1130 624 283 527 279 1926 877 297 263 961 997 656 218 523 1612 588 237 1911 366 648 
977 1077 1265 793 1503 513 434 669 1365 734 626 1261 1084 1643 217 1397 784 554 214 1147 1399 831 537 1089 868 1254 643 836 0 555 566 617 1211 906 1201 852 1315 887 752 836 1152 298 1337 791 256 1023 1237 859 1289 848 649 
1214 832 1470 1062 1728 769 441 894 1205 995 851 1497 1330 1892 599 1633 694 954 439 1352 1604 1115 762 884 1141 1491 868 1102 488 0 822 1008 1447 1122 1406 1098 1155 1142 1011 1105 1387 587 1542 1048 546 852 1442 1090 1074 1099 906 
731 1481 941 483 1203 80 841 802 1796 489 616 952 771 1294 512 1044 1269 850 571 802 1079 818 670 1516 855 956 776 343 576 952 0 916 752 611 855 560 1746 1028 275 469 1198 843 969 546 427 1450 917 565 1737 299 109 
1250 1527 1513 1098 1771 804 870 1018 1903 1031 932 1533 1373 1934 554 1669 1293 147 664 1395 1647 1146 842 1606 1166 1506 956 1126 586 1001 857 0 1483 1158 1449 1134 1837 1189 1035 1141 1428 562 1585 1084 659 1540 1485 1133 1836 1133 937 
686 2213 1168 649 1435 879 1561 1178 2520 578 1067 439 1044 586 1237 372 1919 1630 1199 1059 1311 1121 1068 2246 1120 1205 1050 757 1273 1659 806 1657 0 713 1104 626 2481 1410 782 673 1403 1500 1240 646 1055 2200 1149 817 2469 600 867 
223 1789 569 261 874 668 1148 802 2110 123 711 722 363 1044 842 812 1553 1274 816 505 756 704 670 1906 555 708 635 327 866 1262 620 1301 717 0 558 319 2071 1028 398 276 961 1121 687 89 666 1772 619 146 2085 480 729 
840 2017 474 696 566 847 1395 737 2355 637 941 1125 528 1532 1081 1286 1800 1474 1045 393 609 580 898 2081 439 209 823 661 1107 1493 799 1501 1100 619 0 755 2316 1040 577 739 496 1334 262 586 894 2035 507 537 2304 801 929 
254 1776 802 129 1043 662 1148 796 2097 188 705 500 633 910 836 659 1553 1231 810 664 919 698 664 1832 726 867 629 367 860 1249 601 1260 488 323 717 0 2058 971 392 172 1014 1121 846 256 660 1759 778 427 2060 391 662 
2006 1731 2323 1844 2523 1562 1166 1672 85 1777 1619 2293 2153 2672 1418 2417 1416 1781 1242 2156 2412 1909 1562 678 1897 2290 1681 1877 1265 1141 1616 1817 2217 1906 2235 1901 0 1904 1781 1886 2125 1413 2356 1822 1340 673 2270 1904 334 1950 1709 
1034 1613 1265 842 990 841 936 534 1910 783 653 1316 1131 1698 647 1452 1341 1040 666 1147 1031 764 305 1625 852 889 550 885 671 1059 894 1082 1266 956 935 906 1861 0 801 885 817 949 1005 840 696 1559 1237 905 1852 1031 972 
472 1701 681 289 915 345 1072 728 2097 230 637 705 512 1096 767 864 1477 1198 742 543 794 630 596 1750 618 746 561 84 792 1174 360 1211 693 352 596 348 2058 949 0 307 972 1062 725 287 592 1684 657 306 1960 290 457 
300 1819 851 43 1110 535 1178 845 2187 219 754 633 649 1057 885 792 1583 1307 859 713 986 747 713 1906 775 923 678 295 906 1291 462 1334 621 304 766 170 2148 1053 398 0 1067 1159 895 287 709 1851 827 450 2102 219 523 
1075 2001 865 915 642 1048 1345 528 2310 851 797 1363 923 1745 1016 1499 1750 1409 954 769 685 390 710 2041 448 335 614 960 1057 1443 1074 1436 1313 870 391 964 2271 869 869 953 0 1284 438 907 802 1995 898 788 2259 1073 1171 
1196 1213 1456 1044 1714 753 479 888 1434 977 845 1479 1316 1876 457 1615 829 721 433 1338 1590 1091 756 1154 1111 1471 862 1090 304 642 806 654 1429 1104 1392 1080 1384 1131 1011 1087 1361 0 1528 1030 522 1088 1428 1076 1375 1085 889 
996 2213 644 867 304 1021 1580 792 2530 808 1067 1319 699 1698 1266 1455 1939 1659 1228 444 347 654 1055 2256 578 142 878 832 1292 1678 958 1686 1269 790 237 931 2491 1028 748 913 474 1519 0 757 1084 2210 588 708 2479 966 1055 
306 1732 656 234 887 601 1086 745 2097 68 654 672 471 1081 785 831 1491 1198 759 518 769 647 613 1781 550 721 578 255 809 1205 553 1219 660 111 571 292 2058 971 331 249 961 1089 700 0 609 1715 632 221 2010 439 662 
770 1213 1000 587 1280 337 572 605 1470 528 469 1014 859 1447 357 1197 922 695 150 890 1156 625 473 1190 662 1067 579 630 277 683 390 758 1019 696 968 646 1420 823 546 630 1008 522 1094 585 0 1124 994 653 1411 672 473 
1872 1611 2205 1704 2375 1422 1003 1532 687 1637 1479 2167 1969 2546 1278 2291 1272 1641 1102 2038 2294 1732 1422 208 1752 2147 1541 1732 1125 1001 1476 1668 2091 1764 2117 1740 668 1764 1641 1747 1968 1273 2238 1690 1200 0 2152 1739 557 1756 1569 
797 2013 489 653 533 804 1357 1018 2310 594 896 1083 543 1477 1043 1240 1762 1436 1000 191 415 849 855 2041 695 411 820 618 1069 1455 756 1463 1054 576 332 712 2271 1205 534 696 755 1296 385 543 851 1995 0 494 2259 758 865 
338 1813 525 380 814 630 1148 813 2136 240 722 748 319 1063 853 838 1553 1274 827 445 696 606 681 1906 452 648 646 427 877 1278 582 1301 832 121 498 438 2097 1030 360 395 859 1121 627 172 677 1788 559 0 2085 584 691 
1967 1682 2280 1835 2460 1542 1142 1652 254 1757 1599 2269 2110 2648 1398 2393 1367 1761 1222 2113 2369 1906 1542 617 1883 2271 1661 1858 1245 1097 1596 1788 2193 1892 2192 1850 315 1880 1761 1877 2092 1393 2313 1808 1320 585 2227 1846 0 1920 1689 
483 1819 924 226 1175 414 1178 961 2136 341 869 816 744 1176 841 924 1583 1274 900 775 1051 862 828 1906 850 924 793 316 906 1288 358 1301 649 479 828 353 2097 1181 368 188 1176 1159 944 409 756 1798 889 538 2102 0 419 
802 1613 1000 545 1280 183 936 895 1910 574 719 1028 856 1339 605 1089 1341 954 664 887 1156 924 763 1625 979 1043 869 428 669 1059 129 1015 815 696 942 623 1861 1142 378 507 1252 949 1094 631 520 1559 994 650 1852 331 0 
0 2132 625 300 1090 773 1354 1025 2348 311 828 669 467 980 1019 770 1797 1370 986 694 944 868 839 2111 719 925 817 508 1105 1558 702 1429 747 191 760 233 2289 1159 510 342 1058 1336 955 284 819 2009 783 291 2340 587 787 
1992 0 2191 1821 2336 1362 1022 1507 1794 1748 1478 2262 2088 2639 1216 2389 859 1545 1019 2104 2341 1670 1384 1495 1772 2168 1509 1733 1080 845 1434 1604 2171 1850 2100 1901 1763 1693 1646 1863 2053 1163 2296 1800 1121 1428 2199 1833 1665 1677 1506 
739 2546 0 977 815 1105 1771 1274 2723 832 1221 919 289 1195 1433 1000 2194 1784 1442 288 691 1134 1256 2486 919 608 1232 951 1522 1987 1066 1847 1236 681 447 1027 2664 1498 843 993 851 1753 634 774 1250 2384 534 637 2727 1027 1172 
279 2027 790 0 1124 484 1280 889 2262 232 746 581 614 918 940 693 1723 1304 889 727 978 786 757 2015 801 967 735 343 1051 1484 413 1363 595 269 793 147 2203 1089 413 43 1112 1262 974 286 737 1913 816 396 2256 290 498 
1463 2486 827 1447 0 1543 1751 1094 2723 1339 1318 1579 950 1874 1470 1672 2174 1827 1513 616 149 970 1042 2486 941 497 1168 1366 1502 1962 1486 1896 1896 1340 575 1543 2664 1058 1276 1490 672 1733 324 1275 1360 2384 417 1207 2727 1447 1592 
792 1476 973 524 1266 0 825 767 1794 526 575 1063 819 1375 464 1117 1272 821 524 871 1120 818 635 1495 890 1085 760 404 564 940 78 892 876 657 945 600 1763 976 328 481 1112 803 1114 573 372 1428 986 620 1665 359 159 
1294 983 1508 1106 1731 727 0 864 1386 1037 807 1549 1321 1972 533 1704 448 875 379 1387 1634 1045 732 1144 1147 1514 857 1062 424 482 781 945 1540 1166 1454 1202 1355 1076 972 1149 1374 504 1604 1089 485 1077 1511 1121 1287 1067 844 
1089 1657 1289 896 1092 912 1008 0 1941 801 585 1325 1106 1718 697 1480 1451 1048 756 1168 1070 447 245 1635 502 764 268 889 746 1169 986 1146 1344 935 789 938 1879 590 795 943 593 990 853 848 740 1568 1292 910 1805 983 1058 
2333 1792 2497 2172 2667 1651 1245 1796 0 2052 1767 2619 2394 2943 1463 2698 1507 1792 1308 2410 2652 2013 1673 713 2059 2457 1798 2015 1327 1222 1723 1862 2480 2173 2389 2248 74 2027 1897 2168 2354 1441 2585 2108 1410 644 2505 2154 232 1996 1795 
318 1760 634 201 931 527 1124 719 2110 0 576 634 503 975 757 746 1567 1095 719 557 803 616 587 1746 632 784 565 200 857 1245 480 1178 648 156 623 257 2051 906 258 244 892 1089 810 72 567 1679 646 244 1959 388 581 
720 1571 893 554 1200 643 921 664 1840 459 0 983 764 1375 556 1117 1360 934 518 816 1054 481 544 1542 623 984 462 547 656 1066 675 983 1018 590 882 610 1812 862 453 597 783 895 1033 506 366 1475 908 565 1712 640 760 
704 2375 813 665 1478 1033 1630 1250 2650 590 1086 0 701 493 1292 229 2073 1643 1301 1052 1332 1105 1127 2413 1178 1292 1103 776 1381 1845 1004 1702 430 739 1152 536 2591 1436 778 707 1467 1612 1302 662 1109 2311 1209 789 2642 877 1092 
535 2253 214 676 874 842 1466 1110 2440 555 942 750 0 1053 1128 851 1901 1479 1145 353 750 930 987 2203 725 667 930 667 1217 1670 795 1538 1116 404 506 754 2381 1270 573 703 918 1448 693 497 953 2101 593 360 2432 760 896 
1067 2861 1208 1055 1865 1428 2040 1622 3048 1011 1464 530 1070 0 1676 290 2446 2031 1685 1433 1712 1474 1499 2806 1514 1672 1475 1217 1765 2273 1351 2083 619 1106 1532 919 2988 1812 1168 1097 1866 2003 1682 1045 1493 2680 1589 1160 3020 1260 1401 
1029 1214 1263 847 1546 464 495 650 1501 752 593 1302 1059 1695 0 1457 907 614 362 1153 1400 821 518 1202 893 1287 643 840 176 643 518 685 1299 883 1220 906 1470 836 746 890 1112 358 1370 799 324 1135 1277 858 1372 799 581 
828 2546 984 789 1602 1162 1771 1379 2723 714 1221 267 870 276 1433 0 2194 1784 1442 1209 1456 1231 1256 2486 1290 1416 1232 900 1522 1987 1086 1847 406 863 1276 660 2664 1565 912 831 1593 1753 1426 786 1250 2384 1333 954 2727 943 1136 
1897 967 2073 1697 2185 1242 518 1357 1648 1628 1328 2154 1922 2543 1044 2293 0 1351 855 1986 2190 1550 1234 1349 1652 2039 1359 1613 900 756 1314 1410 2108 1757 1971 1793 1617 1543 1526 1729 1884 984 2167 1680 968 1282 2081 1707 1519 1557 1386 
1447 1631 1656 1259 1880 823 936 1025 1898 1190 970 1702 1469 2129 571 1857 1379 0 721 1535 1782 1139 877 1581 1241 1603 1020 1173 604 1091 877 148 1642 1319 1584 1355 1845 1212 1083 1294 1501 742 1738 1242 683 1514 1659 1269 1751 1132 949 
906 1337 1152 739 1356 549 645 485 1648 644 428 1194 948 1587 220 1337 1060 577 0 1003 1250 753 353 1349 825 1189 478 732 384 763 603 648 1190 775 1099 795 1617 671 638 782 1005 578 1261 691 409 1282 1127 750 1519 825 666 
970 2672 344 1140 611 1269 1927 1282 2891 992 1366 1151 462 1439 1578 1244 2333 1926 1587 0 487 1134 1397 2644 941 552 1319 1092 1667 2135 1212 2003 1479 845 466 1194 2831 1498 1002 1156 844 1923 518 938 1395 2542 330 801 2861 1173 1318 
1324 2546 702 1447 149 1543 1774 1115 2723 1339 1318 1445 814 1733 1493 1538 2194 1846 1536 491 0 970 1065 2486 954 506 1168 1366 1525 1987 1486 1903 1773 1235 584 1537 2664 1078 1276 1490 681 1756 333 1275 1360 2384 292 1167 2727 1447 1592 
897 1700 1079 731 1002 782 1054 398 2018 636 483 1152 942 1545 695 1307 1497 1048 657 989 980 0 497 1686 273 682 428 724 795 1185 836 1113 1190 767 635 787 1959 842 630 774 469 1020 771 683 505 1619 1113 694 1859 817 899 
972 1497 1181 790 1165 750 846 226 1818 695 479 1228 997 1621 536 1383 1303 893 595 1055 1143 581 0 1514 636 925 278 783 585 961 804 964 1247 826 990 846 1782 431 689 833 765 824 1059 742 610 1447 1179 801 1684 876 867 
2153 1636 2303 1991 2507 1487 1054 1632 669 1872 1603 2438 2200 2781 1299 2521 1348 1628 1144 2216 2458 1795 1509 0 1880 2282 1634 1886 1163 1066 1559 1687 2303 1993 2214 2067 634 1818 1771 1979 2152 1277 2410 1928 1246 189 2311 1960 641 1804 1631 
804 1792 815 760 904 862 1138 454 2110 665 619 1194 773 1546 775 1349 1581 1138 737 796 949 278 553 1778 0 491 484 749 875 1277 877 1178 1212 613 421 816 2051 898 655 803 447 1107 580 640 585 1711 885 492 2028 842 984 
1148 2314 535 1101 462 1249 1534 792 2509 1032 955 1310 647 1598 1196 1403 1957 1547 1205 516 499 656 891 2272 484 0 822 1105 1285 1738 1225 1606 1563 948 180 1197 2450 1021 1015 1144 341 1516 138 993 1013 2170 605 834 2501 1186 1331 
936 1642 1154 758 1371 879 998 391 1941 663 447 1194 964 1587 693 1349 1441 1048 752 1020 1267 611 394 1635 666 984 0 751 742 1169 879 1113 1212 794 1007 814 1879 739 657 801 795 984 1119 710 602 1568 1144 769 1805 844 984 
457 1770 583 291 876 547 1124 724 2110 196 581 724 454 1065 762 836 1567 1101 724 506 752 621 592 1756 585 733 570 0 862 1255 508 1178 738 322 572 347 2051 912 300 281 897 1097 759 243 572 1689 595 255 1959 371 609 
1089 1174 1298 915 1564 527 464 713 1482 815 656 1350 1143 1743 228 1505 870 570 252 1177 1424 884 581 1183 956 1334 706 931 0 612 581 641 1361 948 1244 1003 1451 899 809 958 1212 300 1394 862 294 1116 1301 916 1353 862 644 
1447 860 1656 1259 1831 827 471 1025 1326 1190 910 1702 1469 2129 634 1857 703 985 479 1535 1782 1176 832 1038 1278 1640 964 1184 525 0 881 1034 1650 1319 1602 1355 1295 1159 1094 1302 1456 640 1752 1242 585 967 1659 1269 1204 1140 949 
751 1519 877 486 1182 77 883 825 1818 490 646 983 748 1267 522 1009 1331 879 582 800 1036 881 693 1518 879 1038 818 333 622 998 0 945 801 616 866 525 1786 1021 346 446 1212 861 1033 537 430 1451 889 549 1688 284 103 
1374 1571 1583 1186 1846 797 897 1025 1898 1117 932 1629 1396 2054 545 1784 1344 155 695 1462 1709 1116 851 1581 1218 1581 992 1144 578 1066 851 0 1609 1246 1529 1282 1845 1164 1054 1229 1478 601 1679 1169 657 1514 1586 1196 1751 1120 929 
715 2392 1208 676 1546 869 1656 1250 2650 601 1127 484 1035 640 1318 428 2075 1669 1327 1153 1400 1112 1127 2413 1178 1360 1103 787 1407 1876 798 1728 0 750 1220 547 2591 1436 789 718 1474 1638 1370 673 1135 2311 1277 837 2642 683 883 
217 2027 565 283 878 676 1280 868 2262 151 725 732 361 1039 940 833 1723 1258 868 508 754 765 736 2015 533 735 714 351 1011 1484 629 1317 799 0 574 361 2203 1076 407 310 884 1262 761 93 716 1913 597 128 2256 539 730 
1024 2259 394 1089 576 1240 1521 855 2509 1020 1011 1237 506 1525 1183 1330 1945 1534 1192 375 613 692 957 2272 463 191 885 1085 1272 1725 1205 1593 1551 889 0 1185 2450 1089 995 1132 434 1503 252 968 1000 2170 464 813 2501 1166 1311 
236 1981 756 141 1071 614 1222 841 2205 192 698 510 627 845 879 622 1665 1227 841 679 925 738 709 1956 758 910 687 378 978 1426 543 1286 524 341 745 0 2146 1049 380 183 999 1216 955 264 689 1857 768 428 2169 428 628 
2275 1708 2439 2114 2577 1587 1145 1732 68 1994 1703 2561 2336 2858 1399 2601 1431 1728 1244 2352 2582 1944 1609 659 1980 2387 1734 1976 1263 1138 1659 1787 2383 2115 2319 2190 0 1933 1867 2119 2292 1377 2515 2050 1346 590 2447 2096 282 1942 1731 
1158 1657 1358 970 940 921 1019 532 1973 865 649 1410 1171 1810 706 1565 1462 1068 765 1237 974 887 306 1648 956 946 584 958 755 1169 993 1146 1429 991 1005 1063 1914 0 859 1013 832 1007 1013 914 780 1581 1245 976 1841 1048 1065 
512 1792 638 305 935 323 1138 779 2110 251 636 779 509 1135 781 891 1581 1138 779 561 807 676 647 1778 640 788 625 94 881 1277 341 1184 793 377 627 402 2051 976 0 262 961 1128 814 298 627 1711 650 310 2028 337 441 
316 2027 810 43 1124 465 1280 916 2262 252 766 624 634 963 940 736 1723 1258 911 747 978 806 777 2015 821 967 755 300 1017 1484 394 1317 638 289 813 186 2203 1112 370 0 1112 1262 981 306 757 1913 836 416 2256 247 479 
1203 2132 802 1057 663 1097 1354 612 2348 986 777 1500 919 1852 1019 1653 1797 1370 998 783 700 476 711 2111 468 383 642 1049 1105 1558 1169 1429 1519 1020 408 1153 2289 896 959 1100 0 1336 472 1038 824 2009 872 900 2340 1130 1241 
1367 1278 1576 1179 1831 790 530 951 1575 1110 893 1622 1389 2054 491 1777 936 760 465 1455 1702 1112 818 1276 1214 1568 955 1144 313 715 844 647 1600 1239 1522 1275 1544 1137 1054 1222 1433 0 1672 1162 557 1209 1579 1189 1446 1112 929 
1167 2413 552 1252 324 1378 1663 916 2650 1160 1092 1315 664 1603 1325 1408 2075 1676 1334 533 361 780 1022 2413 608 173 931 1235 1414 1887 1355 1735 1643 1076 251 1348 2591 1122 1145 1295 465 1645 0 1096 1142 2311 622 972 2642 1316 1461 
301 1874 603 254 896 603 1182 795 2182 78 652 710 431 1065 833 822 1625 1173 795 526 772 692 663 1924 560 753 641 276 931 1364 556 1234 724 84 592 332 2123 1021 334 281 918 1175 779 0 643 1798 615 172 2131 464 657 
812 1337 1027 646 1299 309 623 640 1648 551 447 1071 856 1464 375 1211 1052 732 155 910 1153 620 508 1349 692 1081 599 639 316 741 363 803 1076 682 1037 702 1617 826 545 689 896 585 1114 598 0 1282 1017 657 1519 644 426 
2039 1544 2221 1872 2415 1402 960 1547 588 1788 1518 2310 2118 2666 1216 2416 1264 1545 1059 2134 2376 1710 1424 198 1817 2204 1549 1773 1080 968 1474 1604 2198 1897 2136 1948 553 1733 1686 1891 2089 1199 2332 1833 1161 0 2229 1871 560 1717 1546 
1035 2605 410 1195 549 1342 1876 1169 2820 1054 1356 1237 522 1525 1528 1330 2282 1877 1537 199 425 993 1284 2577 793 489 1206 1165 1617 2068 1285 1953 1565 908 330 1258 2764 1393 1075 1211 734 1849 455 994 1345 2475 0 861 2823 1246 1391 
312 2131 514 435 807 669 1309 916 2282 262 774 773 333 1070 969 874 1752 1306 936 437 683 704 785 2072 460 664 763 462 1060 1513 622 1365 912 152 503 513 2223 1112 400 462 811 1291 690 204 765 1970 526 0 2274 587 723 
2275 1748 2439 2114 2593 1607 1199 1752 215 1994 1723 2561 2336 2914 1419 2670 1469 1748 1264 2352 2594 1950 1629 740 1999 2406 1754 1995 1283 1178 1679 1816 2452 2115 2338 2190 268 1969 1877 2138 2298 1397 2534 2050 1366 606 2447 2096 0 1946 1751 
494 1850 856 223 1182 363 1171 1025 2128 363 854 804 727 1170 808 918 1614 1167 868 779 1036 894 865 1850 858 998 843 312 911 1331 292 1211 740 467 845 366 2069 1212 364 183 1197 1143 1014 418 716 1765 868 528 2090 0 393 
824 1668 996 549 1282 230 1036 1025 1973 581 799 1048 839 1335 669 1077 1479 1034 729 891 1136 973 840 1654 979 1108 964 424 769 1169 180 1113 864 707 968 588 1914 1159 476 523 1316 1007 1114 628 577 1587 1013 640 1841 375 0 
0 1781 511 241 1013 586 1175 831 1924 260 670 557 396 819 886 634 1498 1216 832 678 912 716 707 1754 577 759 676 420 907 1271 603 1224 634 190 708 196 1895 1007 433 284 883 1077 851 246 684 1671 772 263 1869 434 648 
1711 0 1941 1563 2108 1285 846 1362 1430 1502 1312 1893 1771 2253 1079 2044 678 1393 930 1863 2073 1536 1245 1261 1619 1919 1341 1541 919 735 1336 1401 1904 1614 1909 1597 1401 1514 1463 1606 1795 1014 2019 1540 1031 1178 1942 1567 1374 1538 1355 
532 2074 0 649 671 814 1433 989 2200 578 941 680 192 949 1139 757 1756 1459 1132 234 576 849 979 2034 700 418 949 734 1169 1549 831 1467 981 457 367 673 2171 1170 661 672 668 1341 510 514 978 1951 445 447 2144 801 895 
241 1719 644 0 969 439 1092 748 1863 159 587 518 470 878 803 668 1415 1138 749 650 866 633 624 1692 570 722 593 264 822 1209 381 1145 547 206 671 109 1833 936 331 43 876 995 814 200 601 1609 735 315 1805 198 412 
1113 2292 708 1181 0 1249 1648 899 2415 1091 1113 1317 762 1579 1331 1394 1975 1651 1299 494 141 783 1014 2249 728 392 984 1134 1377 1764 1240 1659 1515 985 470 1215 2386 847 1056 1222 562 1556 272 1027 1145 2166 339 911 2359 1210 1306 
636 1427 850 436 1120 0 814 732 1562 429 430 874 687 1235 462 998 1135 784 500 765 1022 676 608 1393 656 837 691 281 511 900 78 796 758 526 786 522 1533 912 192 393 961 678 942 458 352 1310 850 458 1506 282 152 
1279 950 1503 1131 1567 736 0 845 1113 1070 780 1457 1339 1818 576 1611 365 884 400 1445 1590 1011 721 895 1071 1350 826 992 420 451 787 896 1433 1182 1340 1165 1084 1023 914 1123 1275 462 1450 1108 498 812 1510 1135 1028 997 771 
998 1537 963 920 940 803 936 0 1666 865 573 1269 978 1555 630 1370 1247 952 648 922 974 390 199 1497 434 586 230 961 623 1034 854 965 1277 839 609 958 1637 523 887 963 482 790 686 850 654 1414 1028 737 1610 1027 929 
2103 1687 2311 1935 2458 1645 1138 1722 0 1859 1672 2264 2155 2624 1446 2418 1395 1760 1290 2228 2444 1923 1605 543 1999 2261 1701 1905 1300 1191 1696 1768 2286 1971 2247 1982 70 1936 1827 1978 2173 1389 2361 1897 1391 460 2313 1952 209 1898 1710 
268 1633 572 161 872 414 1036 659 1775 0 498 572 392 933 714 722 1356 1050 660 561 777 544 535 1606 480 633 504 182 733 1137 413 1089 601 118 582 212 1746 834 261 184 786 900 725 64 512 1523 646 220 1719 284 477 
687 1465 952 537 1115 498 857 574 1629 483 0 938 783 1303 505 1079 1185 827 451 861 1123 393 509 1460 490 782 446 579 542 945 557 839 966 595 782 573 1600 808 491 580 678 721 882 521 303 1377 953 554 1573 645 631 
566 2040 678 516 1284 802 1385 1055 2154 476 886 0 581 423 1101 177 1708 1421 1054 845 1198 932 925 1986 869 1009 892 636 1121 1501 804 1429 334 567 958 419 2125 1197 649 558 1180 1293 1091 538 900 1903 1028 626 2102 668 835 
407 1896 192 469 740 632 1270 924 2039 398 756 583 0 845 989 660 1593 1309 942 303 645 744 793 1897 547 481 762 554 998 1386 649 1317 865 277 430 526 2010 1082 479 492 731 1178 573 334 770 1786 514 267 1983 619 713 
828 2329 944 858 1540 1163 1714 1379 2526 818 1227 423 843 0 1419 249 2052 1739 1387 1101 1454 1188 1262 2360 1224 1268 1254 978 1450 1830 1154 1747 499 870 1217 761 2497 1531 970 900 1480 1622 1360 880 1233 2277 1284 888 2470 1012 1202 
1033 1155 1284 874 1368 452 481 608 1274 827 543 1247 1115 1607 0 1401 804 579 333 1226 1391 761 484 1134 741 1046 589 719 125 596 503 591 1174 948 1036 918 1245 783 630 831 1021 276 1146 865 303 1051 1291 868 1218 705 565 
643 2129 755 631 1351 919 1487 1177 2255 591 1006 177 658 249 1215 0 1822 1535 1183 922 1265 1011 1060 2089 995 1079 999 751 1223 1603 924 1543 272 682 1028 534 2226 1329 764 673 1283 1395 1171 653 1029 2006 1095 703 2199 783 955 
1505 821 1729 1357 1950 1086 363 1162 1312 1296 1106 1683 1565 2043 897 1837 0 1216 721 1671 1874 1330 1045 1143 1413 1690 1143 1342 741 612 1137 1224 1691 1408 1669 1391 1283 1314 1264 1400 1595 783 1790 1334 819 1060 1736 1361 1256 1339 1117 
1306 1468 1530 1158 1669 746 844 906 1629 1097 837 1484 1366 1849 505 1638 1181 0 627 1472 1692 1011 778 1460 1071 1350 883 1005 488 961 797 104 1468 1209 1340 1192 1600 1072 927 1132 1303 606 1450 1135 597 1377 1537 1162 1573 1001 859 
876 1182 1153 726 1193 480 603 445 1364 672 380 1125 972 1485 229 1279 927 551 0 1100 1216 642 321 1195 684 966 426 745 300 689 531 563 1125 784 977 762 1335 620 656 769 860 467 1066 710 331 1112 1165 743 1308 733 593 
636 2129 234 698 457 858 1481 960 2246 627 986 841 288 1111 1186 918 1807 1506 1154 0 362 798 1060 2080 649 367 999 783 1217 1597 875 1514 1126 506 316 755 2217 1108 705 721 617 1389 381 563 1000 1997 231 496 2190 845 939 
995 2292 591 1079 119 1238 1657 924 2422 979 1113 1200 645 1462 1340 1277 1982 1660 1308 377 0 788 1014 2256 733 397 984 1123 1386 1773 1229 1668 1466 863 475 1123 2393 852 1045 1102 567 1565 277 926 1154 2173 222 853 2366 1199 1295 
696 1633 829 675 822 675 1036 323 1769 612 442 1003 674 1265 676 1080 1356 1004 622 782 849 0 434 1600 187 470 355 693 713 1137 734 1014 1072 537 475 711 1740 754 604 718 366 892 570 548 474 1517 876 435 1713 744 808 
972 1416 1111 801 969 685 808 209 1562 747 455 1197 1052 1557 512 1351 1135 834 530 1064 992 457 0 1393 501 728 230 843 505 894 736 846 1205 859 751 837 1533 404 769 844 624 672 828 785 536 1310 1158 804 1506 917 798 
2031 1582 2240 1863 2395 1580 1074 1657 543 1797 1607 2195 2084 2555 1381 2349 1290 1695 1225 2157 2373 1832 1540 0 1927 2190 1636 1839 1235 1106 1631 1703 2217 1910 2176 1910 514 1812 1758 1906 2095 1324 2290 1836 1326 150 2242 1881 497 1837 1645 
564 1706 686 580 729 625 1075 374 1848 480 528 859 542 1125 745 937 1398 1097 691 639 756 197 485 1679 0 342 406 561 782 1196 642 1089 1005 405 332 616 1823 773 472 623 345 980 442 416 543 1596 735 303 1792 612 706 
798 2018 418 814 407 859 1371 638 2144 714 822 1024 466 1286 1048 1101 1694 1368 1010 371 434 505 779 1982 356 0 700 795 1090 1487 876 1376 1208 639 95 850 2115 761 706 857 294 1279 120 650 851 1899 467 537 2091 846 947 
936 1582 1114 773 1085 792 949 284 1702 719 427 1168 1016 1528 649 1322 1272 977 667 1067 1108 469 329 1533 513 740 0 815 642 1034 851 988 1176 831 763 809 1673 653 741 816 636 809 840 757 591 1450 1173 790 1646 881 929 
390 1647 604 240 830 354 1054 674 1789 181 513 636 441 1006 729 786 1370 1070 675 519 735 559 550 1620 439 591 519 0 748 1137 378 1089 665 286 540 276 1760 849 210 235 745 916 683 212 527 1537 604 212 1733 264 442 
1072 1071 1313 917 1392 495 456 651 1244 867 586 1269 1146 1629 208 1423 779 516 210 1255 1415 801 527 1082 781 1101 632 762 0 571 546 528 1223 979 1091 958 1215 826 673 874 1070 242 1201 905 255 999 1320 911 1191 748 608 
1304 792 1528 1156 1669 772 396 881 1006 1095 816 1482 1364 1849 597 1636 597 927 436 1470 1692 1011 757 825 1092 1367 862 1034 441 0 823 917 1490 1207 1357 1190 977 1052 956 1169 1303 531 1467 1133 534 742 1535 1160 959 1030 837 
625 1465 839 392 1120 75 863 781 1629 421 502 799 676 1158 511 918 1185 833 549 754 1013 748 657 1460 674 826 754 270 560 952 0 845 683 521 775 495 1600 968 218 356 992 727 922 447 401 1377 839 447 1573 217 94 
1304 1465 1528 1156 1669 735 833 891 1629 1095 826 1482 1364 1849 494 1636 1160 103 616 1470 1692 1011 767 1460 1071 1350 872 992 477 952 786 0 1456 1207 1340 1190 1600 1072 914 1123 1303 502 1450 1133 586 1377 1535 1160 1573 998 848 
569 2040 909 513 1298 753 1385 1055 2154 473 883 398 811 547 1101 303 1708 1421 1054 956 1212 930 919 1986 866 1062 889 633 1121 1501 678 1429 0 564 1011 416 2125 1197 646 555 1155 1293 1130 535 897 1903 1042 639 2102 563 709 
190 1728 461 206 831 520 1108 765 1881 128 604 583 281 845 820 660 1431 1165 766 520 736 612 641 1701 415 592 610 294 839 1218 519 1158 698 0 541 263 1845 949 367 229 721 1019 684 74 618 1618 605 111 1841 372 583 
763 1983 367 804 485 849 1351 657 2144 704 812 969 415 1238 1048 1053 1674 1368 1000 320 512 495 769 1954 346 95 690 785 1079 1467 866 1376 1205 629 0 840 2115 812 696 847 345 1259 198 640 841 1871 416 527 2069 836 930 
196 1706 652 109 957 492 1092 737 1848 166 576 416 531 776 792 566 1415 1138 738 639 855 622 613 1679 559 711 582 326 811 1196 461 1132 445 257 660 0 1823 912 339 151 865 980 803 228 590 1596 724 332 1792 301 492 
2070 1660 2276 1902 2439 1614 1101 1691 68 1834 1641 2231 2120 2591 1415 2385 1368 1729 1259 2193 2409 1865 1574 511 1959 2227 1670 1878 1269 1160 1665 1737 2253 1946 2212 1949 0 1849 1792 1945 2139 1358 2327 1872 1360 428 2278 1917 250 1869 1679 
1185 1633 1111 1037 882 907 1036 564 1769 976 677 1363 1167 1723 734 1517 1356 1070 752 1064 912 812 355 1600 835 731 585 1048 727 1137 958 1089 1371 1088 782 1071 1740 0 970 1080 710 894 831 1014 758 1517 1106 1047 1713 1124 1020 
444 1647 658 294 884 233 1036 728 1789 240 513 690 495 1058 690 840 1359 1017 658 573 789 613 604 1620 493 645 573 89 739 1137 262 1025 719 340 594 330 1760 906 0 258 799 907 737 266 510 1537 658 266 1733 260 336 
282 1747 667 43 1000 397 1108 771 1906 182 610 560 493 923 826 710 1431 1165 772 673 889 656 647 1720 593 745 616 248 845 1237 345 1170 589 229 694 151 1861 949 289 0 899 1019 837 223 624 1637 758 338 1841 162 376 
848 1896 622 864 600 912 1270 508 2039 764 673 1179 670 1441 946 1256 1593 1281 886 575 627 365 630 1897 342 248 551 845 979 1386 928 1289 1231 689 299 900 2010 688 756 912 0 1163 348 700 738 1786 671 587 1983 896 995 
1216 1174 1445 1068 1509 673 481 782 1312 1007 717 1394 1281 1754 409 1548 804 609 337 1387 1532 986 658 1143 969 1274 763 939 235 637 724 506 1401 1119 1264 1102 1283 968 851 1057 1202 0 1374 1045 435 1060 1452 1077 1256 930 756 
898 2100 510 915 287 964 1456 738 2237 814 923 1120 558 1382 1139 1197 1779 1459 1132 378 314 605 879 2071 456 120 800 895 1192 1572 976 1467 1277 739 198 953 2208 861 806 958 394 1364 0 750 978 1988 484 637 2181 948 1042 
236 1706 518 198 820 459 1075 723 1848 64 562 611 338 918 778 732 1398 1138 724 509 725 608 599 1679 416 581 568 220 797 1196 476 1132 640 74 530 251 1823 898 306 221 722 980 673 0 576 1596 594 156 1792 336 540 
837 1174 1098 687 1233 296 577 593 1340 633 372 1100 918 1460 368 1245 898 690 148 1036 1256 567 469 1171 547 849 574 563 239 663 347 702 1015 745 839 723 1311 768 474 675 827 441 961 671 0 1088 1101 674 1284 549 409 
1902 1507 2121 1753 2318 1475 1001 1552 463 1692 1502 2095 1962 2455 1276 2249 1217 1590 1120 2038 2254 1726 1435 144 1820 2086 1531 1731 1130 1034 1526 1598 2117 1811 2057 1787 434 1704 1653 1796 1991 1219 2186 1730 1221 0 2123 1757 417 1728 1540 
771 2251 369 833 458 1000 1610 932 2395 762 1078 979 423 1238 1300 1053 1939 1620 1268 155 363 763 1055 2229 614 332 968 921 1346 1726 1017 1628 1255 641 281 890 2366 1056 840 856 582 1518 354 698 1114 2146 0 631 2339 981 1083 
263 1732 441 315 745 485 1108 690 1881 220 609 578 261 840 825 655 1431 1165 771 434 650 513 646 1705 316 506 615 376 844 1222 502 1170 796 111 455 372 1845 949 332 338 622 1019 598 156 623 1622 519 0 1841 472 566 
2070 1630 2250 1902 2422 1600 1098 1677 202 1819 1627 2231 2094 2591 1401 2385 1338 1715 1245 2167 2383 1851 1560 509 1954 2213 1656 1860 1255 1146 1651 1723 2253 1931 2186 1949 249 1836 1778 1945 2122 1344 2313 1857 1346 426 2252 1891 0 1855 1665 
428 1673 791 192 1049 273 1054 861 1818 280 676 686 628 1057 720 807 1377 1070 758 706 964 746 737 1646 626 778 706 222 769 1163 209 1089 581 358 727 295 1786 1041 273 156 961 949 870 332 610 1563 791 399 1759 0 273 
676 1465 896 440 1159 152 850 858 1629 478 579 827 733 1185 588 939 1187 927 626 811 1073 825 734 1460 731 883 811 327 637 958 105 927 711 578 832 526 1600 1041 295 404 1042 775 977 504 478 1377 896 504 1573 274 0 
