55
5
10800
0
545
410
592
493
453
520
473
393
474
569
471
503
497
481
547
398
564
375
459
408
418
411
566
367
451
595
366
447
510
569
505
398
423
400
453
479
437
519
563
434
575
391
546
473
567
551
397
545
524
559
379
412
475
505
0 1047 833 1880 1655 2245 856 1383 792 1470 614 692 522 666 2459 798 690 1124 821 836 377 1097 871 1392 574 756 848 776 444 639 1125 1713 489 969 1769 1053 305 851 937 1211 352 1564 1607 1490 757 271 1435 789 1179 2276 2105 1818 766 524 656 
1041 0 980 2111 1893 2423 470 1615 721 1689 1031 595 1322 941 2700 523 1490 1345 507 1099 1198 1506 666 1618 1291 1031 1132 1000 807 923 1351 1945 558 1378 2016 1292 1126 1075 425 1443 1173 1796 1839 1722 855 793 1667 718 2000 2454 2283 2046 1004 782 836 
788 968 0 1397 1124 1697 544 867 342 1038 616 446 898 168 2060 567 1066 601 601 731 774 1145 318 957 923 213 238 548 538 325 758 1172 660 1017 1238 912 702 542 560 728 749 1023 1066 955 254 765 890 344 1498 1728 1556 1273 161 532 293 
1773 2045 1325 0 694 1414 1608 658 1566 1391 1447 1514 1884 1385 900 1635 2052 764 1669 1376 1717 1519 1637 1093 1541 1334 1177 1178 1565 1329 1100 971 1728 1391 544 1240 1687 1213 1659 887 1734 820 863 518 1573 1750 504 1563 2000 1445 1273 1072 1328 1581 1457 
1611 1873 1170 679 0 743 1446 353 1404 1226 1279 1352 1721 1180 845 1473 1901 604 1507 1213 1543 1344 1448 927 1366 1129 1016 1013 1403 1124 931 762 1566 1216 173 1061 1525 1045 1497 727 1572 613 656 507 1384 1588 488 1401 1697 774 647 863 1126 1419 1289 
1980 2213 1510 1362 732 0 1789 703 1747 1577 1611 1695 2068 1527 1528 1823 2236 957 1857 1557 1881 1700 1795 1288 1722 1476 1362 1345 1746 1471 1264 1117 1917 1572 843 1404 1869 1377 1863 1089 1916 968 1011 906 1731 1940 875 1744 2114 60 470 1218 1473 1762 1636 
865 449 532 1774 1553 2152 0 1281 338 1347 685 252 976 537 2377 167 1144 1007 201 748 851 1145 255 1282 940 627 723 657 464 569 1012 1611 484 1017 1667 936 779 732 84 1109 826 1462 1505 1388 446 679 1333 340 1498 2183 1988 1712 576 439 493 
1336 1586 877 669 377 843 1159 0 1117 951 999 1065 1446 915 1160 1186 1614 332 1220 945 1272 1074 1184 637 1108 862 729 731 1118 857 652 521 1279 946 488 792 1250 763 1210 438 1297 372 415 206 1120 1313 187 1114 1427 874 747 622 859 1132 1010 
828 722 292 1655 1434 2047 316 1154 0 1226 648 195 955 297 2240 333 1123 885 367 711 814 1145 86 1178 905 387 483 620 427 442 944 1492 409 1017 1548 897 742 695 357 1007 789 1343 1386 1269 206 598 1214 70 1498 2078 1871 1593 336 402 310 
1382 1641 987 1397 1124 1697 1214 867 1172 0 1039 1120 1492 944 2060 1241 1660 663 1275 1014 1298 1145 1206 311 1188 886 773 755 1171 881 460 1172 1334 1017 1238 762 1296 787 1265 575 1343 1023 1066 955 1142 1359 893 1169 1498 1728 1556 1273 883 1187 1063 
603 1068 602 1456 1220 1793 648 996 603 1038 0 551 713 435 2060 677 881 693 711 349 396 899 682 966 460 525 617 348 384 408 754 1271 521 771 1334 696 468 423 701 812 448 1122 1165 1052 612 571 997 600 1179 1826 1652 1372 535 466 487 
635 836 490 1491 1270 1845 418 1038 346 1148 455 0 745 366 2132 447 923 772 481 518 621 913 425 1051 710 456 548 427 234 339 768 1328 454 779 1384 704 549 502 471 868 596 1179 1222 1119 346 513 1064 343 1293 1876 1702 1429 466 209 263 
533 1459 1232 2159 1948 2448 1255 1656 1213 1766 888 1141 0 1065 2960 1217 168 1398 1240 958 489 792 1292 1665 668 1155 1247 1106 838 1038 1392 1995 883 853 2071 1151 417 1181 1306 1484 464 1849 1889 1763 1179 665 1708 1210 742 2479 2308 2096 1165 920 1052 
620 968 174 1456 1161 1734 502 932 318 981 448 405 730 0 2060 531 898 671 565 563 606 976 316 939 755 97 253 451 436 173 703 1222 601 824 1275 749 534 439 555 761 581 1073 1116 1016 206 597 961 320 1307 1765 1593 1323 107 462 156 
2570 2879 2039 900 868 1669 2411 1186 2354 2106 2151 2315 2680 2062 0 2442 2852 1486 2476 2087 2421 2220 2330 1805 2256 2011 1896 1888 2361 2006 1793 1602 2564 2092 710 1937 2485 1917 2464 1606 2473 1453 1496 1277 2266 2547 1263 2356 2573 1700 1528 1703 2008 2380 2171 
780 521 562 1669 1448 2047 181 1184 293 1275 600 167 890 511 2272 0 1066 923 46 663 766 1074 263 1191 855 601 693 572 379 484 931 1506 341 930 1562 849 694 647 156 1018 741 1357 1400 1283 427 576 1228 290 1427 2078 1887 1607 606 354 408 
701 1603 1398 2189 2019 2539 1415 1693 1373 1808 980 1283 168 1231 2960 1361 0 1435 1384 983 656 816 1452 1702 692 1321 1413 1133 1007 1204 1429 2032 1057 877 2142 1188 585 1208 1466 1521 632 1883 1926 1800 1320 833 1745 1370 766 2570 2399 2133 1331 1087 1219 
1021 1288 615 855 585 1077 839 340 794 692 673 742 1133 589 1372 868 1301 0 915 620 947 747 857 406 779 538 425 407 792 533 397 637 957 619 696 527 969 439 892 177 1013 488 531 420 793 993 365 791 1100 1108 960 738 535 808 684 
814 507 596 1711 1490 2083 213 1218 327 1305 634 201 955 545 2333 46 1123 959 0 697 800 1093 295 1224 889 635 727 606 413 518 947 1548 363 965 1604 883 728 681 180 1054 775 1399 1442 1325 461 598 1270 324 1446 2114 1922 1649 640 388 442 
814 1132 715 1456 1197 1770 701 938 656 1012 339 604 955 548 2060 730 1001 669 764 0 470 781 735 957 363 638 694 324 595 521 648 1226 732 653 1311 550 542 399 754 766 522 1077 1120 1016 665 782 961 653 1100 1809 1629 1327 648 670 546 
377 1283 850 1750 1529 2120 906 1257 858 1305 399 806 537 683 2333 947 656 966 981 480 0 804 940 1242 274 773 865 621 632 656 1035 1587 727 676 1643 761 72 696 957 1085 66 1438 1481 1364 867 509 1309 855 1100 2151 1969 1688 783 714 735 
1091 1516 1108 1505 1284 1870 1089 1049 1047 1149 950 995 810 941 2132 1116 816 782 1150 809 780 0 1126 1051 569 1025 934 735 1045 923 772 1342 1209 214 1398 531 811 829 1140 872 842 1193 1236 1119 1060 1223 1064 1044 530 1901 1716 1443 1041 1064 938 
863 638 336 1694 1473 2083 255 1205 108 1275 683 230 976 341 2333 249 1144 929 283 746 849 1145 0 1221 940 431 527 655 462 482 996 1531 444 1017 1587 936 777 730 273 1044 824 1382 1425 1308 250 633 1253 110 1498 2114 1918 1632 380 437 350 
1336 1586 934 1151 870 1400 1159 608 1117 306 983 1065 1446 887 1672 1186 1614 403 1220 958 1243 1093 1164 0 1131 836 723 705 1115 831 408 936 1279 965 982 664 1250 737 1210 264 1295 773 816 705 1100 1313 650 1114 1446 1431 1259 1024 833 1132 1003 
574 1337 912 1600 1379 2012 893 1131 848 1201 456 796 686 740 2202 923 692 861 957 365 269 578 929 1140 0 830 886 516 689 713 855 1437 826 450 1493 585 300 591 955 970 327 1288 1331 1214 857 706 1159 845 705 2044 1812 1538 840 771 738 
726 1075 203 1371 1124 1697 608 867 424 951 554 511 836 106 2060 637 1006 609 671 658 712 1050 422 875 850 0 195 368 542 137 641 1155 707 889 1238 784 640 362 661 699 687 1006 1049 934 312 703 879 426 1427 1728 1556 1256 102 568 262 
845 1132 236 1245 960 1546 727 717 540 824 651 630 955 261 1764 756 1123 451 790 637 831 948 516 781 829 214 0 360 660 210 547 1017 826 795 1074 700 759 417 758 578 806 863 911 795 452 822 740 542 1293 1577 1405 1118 194 696 375 
762 1065 584 1203 926 1444 589 690 544 741 404 492 872 436 1730 618 1042 403 652 386 674 788 623 676 582 425 428 0 542 326 464 974 706 660 1040 552 676 118 642 522 723 825 868 757 553 739 702 541 1147 1475 1303 1075 483 558 434 
449 816 515 1560 1339 1964 463 1105 391 1191 379 346 700 433 2202 492 868 839 526 585 576 1003 470 1111 688 523 615 494 0 406 835 1397 274 846 1453 771 504 569 516 935 551 1248 1291 1174 371 333 1119 388 1361 1996 1771 1498 533 95 297 
635 968 293 1397 1124 1697 517 883 394 951 463 420 745 126 2060 546 923 603 580 573 621 957 442 876 765 157 214 283 451 0 645 1175 616 807 1238 699 549 277 570 715 596 1026 1069 955 308 612 895 396 1293 1728 1556 1276 223 486 170 
1088 1337 789 1151 866 1400 886 620 841 455 737 789 1171 733 1672 923 1339 423 957 652 1003 794 923 414 826 692 579 454 839 645 0 936 1017 666 982 320 978 548 955 377 1025 769 812 701 850 1041 646 838 1147 1431 1259 1024 689 855 731 
1548 1868 1102 882 619 1089 1383 455 1341 1167 1202 1289 1658 1119 1433 1410 1841 542 1444 1147 1472 1280 1387 864 1308 1064 948 930 1340 1059 851 0 1503 1152 730 993 1462 968 1434 665 1509 196 106 432 1323 1525 377 1338 1633 1120 990 132 1065 1356 1224 
492 558 639 1799 1578 2159 479 1306 370 1411 516 270 803 634 2403 325 979 1045 348 738 679 1179 449 1315 825 724 816 697 272 607 1046 1636 0 1051 1692 974 607 772 456 1134 654 1487 1530 1413 504 251 1358 367 1435 2190 2016 1737 683 271 533 
961 1391 983 1454 1161 1734 964 916 923 1018 816 868 872 812 2060 994 878 655 1028 682 653 210 999 927 442 898 805 608 926 785 645 1207 1089 0 1275 404 684 702 1017 745 715 1058 1101 983 930 1091 928 919 592 1765 1593 1308 912 935 810 
1741 2009 1299 522 181 872 1576 482 1534 1370 1395 1482 1855 1311 688 1603 2023 733 1637 1344 1665 1487 1579 1070 1509 1260 1147 1129 1533 1255 1046 891 1696 1359 0 1186 1655 1161 1627 856 1702 742 785 529 1515 1718 515 1531 2000 909 776 994 1257 1549 1420 
1039 1311 880 1289 1048 1584 866 770 821 759 717 769 1158 713 2060 895 1249 556 940 553 765 582 900 674 588 799 706 509 819 686 326 1073 985 454 1162 0 837 603 937 527 817 920 967 851 830 1019 796 818 1100 1615 1443 1174 813 835 711 
305 1207 922 1839 1614 2203 993 1342 935 1411 471 858 465 755 2420 967 633 1040 990 552 72 820 1013 1311 300 845 939 693 610 728 1107 1672 655 692 1728 833 0 768 1044 1166 47 1523 1566 1449 925 437 1394 931 1100 2234 2068 1773 855 690 807 
758 1065 535 1289 1003 1577 585 776 540 827 400 488 868 394 2060 614 1042 489 648 386 670 821 619 762 578 376 424 115 538 277 550 1071 702 693 1117 618 672 0 638 608 719 920 965 843 549 735 788 537 1214 1608 1436 1172 434 554 430 
783 365 565 1681 1460 2083 73 1184 296 1275 603 170 893 514 2272 125 1066 929 159 666 769 1074 273 1195 858 604 696 575 382 487 931 1518 408 930 1574 852 697 650 0 1018 744 1369 1412 1295 430 597 1240 293 1427 2114 1918 1619 609 357 411 
1197 1439 757 909 638 1172 1012 409 964 577 837 913 1307 753 1433 1039 1475 174 1073 784 1111 913 1027 271 955 702 589 571 957 697 414 690 1129 783 749 554 1111 603 1063 0 1158 541 584 473 959 1165 418 958 1293 1203 1018 791 699 977 848 
352 1250 905 1797 1576 2159 956 1304 912 1377 451 858 512 735 2403 994 680 1021 1028 532 66 851 989 1311 326 825 920 673 657 708 1088 1634 702 723 1690 813 47 748 1009 1132 0 1485 1528 1411 921 484 1356 910 1100 2190 2016 1735 835 737 787 
1382 1626 943 723 460 945 1199 296 1157 1006 1039 1105 1492 953 1302 1226 1660 383 1260 987 1316 1145 1223 705 1176 904 788 770 1156 896 692 196 1319 1017 571 832 1296 802 1250 506 1343 0 90 273 1159 1359 218 1154 1498 962 830 297 898 1172 1048 
1448 1710 996 776 513 988 1283 349 1241 1060 1100 1189 1558 1007 1302 1310 1726 436 1344 1036 1368 1171 1275 758 1200 954 841 823 1240 952 745 106 1403 1043 624 885 1362 855 1334 559 1409 90 0 326 1211 1425 271 1238 1524 1019 883 207 953 1256 1117 
1347 1594 909 540 457 923 1167 217 1125 972 1003 1073 1457 924 1160 1194 1625 350 1228 973 1276 1081 1187 672 1131 868 755 737 1125 863 659 555 1287 953 529 799 1261 769 1218 473 1308 406 449 0 1123 1324 55 1122 1436 954 827 656 865 1140 1017 
758 855 231 1560 1339 1964 437 1091 179 1167 618 283 955 217 2202 466 1123 824 500 681 784 1074 265 1115 873 307 422 586 368 308 880 1397 497 946 1453 867 712 574 490 940 759 1248 1291 1174 0 647 1119 181 1427 1996 1771 1498 275 362 176 
276 808 799 1860 1624 2203 682 1352 573 1435 566 473 654 634 2420 575 822 1094 598 788 509 1231 652 1361 706 724 816 744 331 607 1088 1682 266 1103 1738 1038 437 819 694 1180 484 1533 1576 1459 655 0 1404 570 1361 2234 2068 1783 734 349 600 
1305 1538 854 541 429 895 1111 198 1069 917 950 1017 1415 864 1160 1138 1583 295 1172 895 1220 1050 1134 617 1067 813 700 682 1071 808 604 500 1231 894 530 744 1219 714 1162 418 1266 351 394 55 1070 1282 0 1066 1427 926 799 601 810 1091 960 
781 719 318 1669 1448 2047 301 1184 26 1275 601 148 891 323 2272 330 1066 912 364 664 767 1074 112 1191 856 413 509 573 380 400 931 1506 362 930 1562 850 695 648 354 1018 742 1357 1400 1283 183 551 1228 0 1427 2078 1887 1607 362 355 268 
1184 1897 1470 1890 1668 2245 1464 1396 1422 1506 1151 1370 760 1303 2472 1491 766 1138 1525 1070 900 530 1501 1405 705 1386 1290 1096 1384 1276 1137 1726 1526 591 1782 888 925 1190 1515 1224 957 1577 1620 1503 1432 1316 1448 1419 0 2276 2105 1827 1400 1437 1313 
2033 2263 1574 1409 783 51 1857 754 1812 1641 1675 1759 2143 1591 1595 1894 2311 1021 1928 1621 1946 1764 1864 1340 1786 1540 1426 1409 1814 1535 1328 1172 1989 1636 894 1468 1948 1441 1910 1141 1995 1023 1066 956 1795 2000 928 1810 2193 0 521 1273 1537 1831 1700 
1980 2213 1508 1362 731 488 1787 702 1745 1577 1609 1693 2068 1525 1528 1823 2236 955 1857 1555 1879 1698 1793 1288 1720 1474 1360 1343 1744 1469 1264 1117 1917 1570 842 1404 1869 1375 1863 1089 1916 968 1011 906 1729 1939 874 1742 2114 519 0 1218 1471 1760 1634 
1647 1979 1208 990 723 1247 1482 559 1440 1275 1312 1388 1757 1223 1508 1509 1942 646 1543 1247 1582 1399 1491 983 1421 1172 1059 1046 1439 1167 973 132 1602 1271 834 1099 1561 1078 1533 769 1608 300 210 536 1427 1624 481 1437 1752 1278 1103 0 1169 1455 1331 
723 968 118 1397 1124 1697 567 872 365 951 551 469 833 103 2060 590 1001 610 624 666 709 1050 341 880 858 101 184 436 539 213 646 1172 683 894 1238 799 637 430 583 704 684 1023 1066 940 277 700 884 367 1427 1728 1556 1273 0 563 259 
529 817 514 1560 1339 1964 438 1112 366 1191 461 311 782 437 2202 467 954 843 501 589 658 1003 445 1115 770 527 619 498 95 410 839 1397 268 850 1453 775 586 573 491 940 633 1248 1291 1174 370 349 1119 363 1364 1996 1771 1498 537 0 330 
639 840 310 1505 1284 1870 422 1049 262 1104 467 325 749 162 2132 451 923 766 485 535 625 948 348 1051 727 252 377 444 301 168 785 1342 537 796 1398 721 553 434 475 878 600 1193 1236 1119 176 596 1064 264 1293 1901 1716 1443 262 330 0 
0 1320 1133 2176 1873 2541 1106 1629 1037 1808 775 976 711 789 3071 1069 857 1320 1121 1069 470 1429 1139 1588 844 904 1109 932 616 792 1376 1953 656 1301 2007 1234 398 1044 1163 1461 472 1783 1831 1736 1032 349 1697 1031 1457 2582 2394 2082 931 718 892 
1474 0 1190 2545 2231 2892 526 1980 819 2090 1325 666 1626 1157 3227 616 1844 1660 640 1411 1458 1768 810 1962 1713 1224 1374 1279 961 1135 1716 2281 800 1640 2365 1573 1359 1391 462 1806 1425 2154 2159 2062 982 1174 1988 808 2220 2937 2724 2410 1180 945 1056 
1167 1176 0 1730 1462 2121 715 1231 474 1438 959 570 1263 391 2356 843 1464 922 927 1069 1100 1378 492 1269 1373 393 355 809 767 503 1035 1539 827 1250 1591 1183 1001 842 691 1070 1067 1374 1424 1327 354 1140 1288 468 1767 2162 1984 1671 282 747 440 
2010 2336 1633 0 815 1578 1765 727 1692 1506 1557 1632 2088 1529 1160 1866 2245 786 1921 1553 1921 1589 1794 1179 1728 1412 1338 1271 1686 1453 1115 1043 1935 1461 622 1354 1820 1268 1866 951 1888 929 928 626 1684 1955 554 1686 2000 1622 1477 1175 1441 1722 1584 
1880 2196 1512 933 0 1009 1643 408 1570 1340 1430 1510 1977 1407 1160 1752 2114 661 1793 1426 1792 1467 1672 1013 1606 1289 1215 1144 1564 1330 1035 842 1746 1339 259 1237 1693 1141 1700 815 1759 730 724 629 1562 1832 609 1564 2000 1053 862 1001 1318 1600 1462 
2276 2584 1899 1567 878 0 2012 825 1990 1853 1850 1942 2342 1830 2060 2111 2499 1079 2166 1836 2226 1934 2082 1521 2003 1694 1620 1553 2007 1735 1431 1306 2222 1742 993 1670 2125 1550 2117 1224 2193 1141 1191 1106 1986 2225 1067 1986 2311 82 676 1438 1723 2000 1855 
1167 557 648 2120 1824 2467 0 1575 438 1749 959 314 1277 683 3071 216 1478 1266 291 1029 1110 1364 338 1534 1297 703 906 895 605 780 1322 1904 602 1236 1974 1169 1011 1010 108 1407 1077 1729 1779 1682 496 894 1643 439 1753 2508 2320 2033 697 585 662 
1509 1895 1067 837 460 1169 1319 0 1246 996 1080 1186 1642 1037 1564 1428 1844 314 1469 1098 1474 1168 1257 663 1286 878 855 814 1240 896 657 512 1422 1040 626 919 1375 798 1376 468 1441 400 394 272 1153 1503 252 1240 1557 1213 988 649 877 1276 1090 
1043 968 376 1921 1610 2267 398 1368 0 1552 850 217 1204 411 2488 490 1405 1059 565 952 1021 1294 113 1353 1218 431 634 809 519 580 1125 1687 474 1166 1739 1103 922 888 478 1200 988 1522 1572 1475 224 766 1436 71 1683 2308 2111 1824 425 457 390 
1666 2045 1255 1525 1252 1829 1482 1020 1409 0 1253 1349 1799 1165 2206 1591 1984 790 1632 1249 1631 1313 1458 335 1457 1035 1006 951 1403 1081 555 1325 1585 1185 1381 896 1532 951 1539 689 1598 1160 1210 1173 1354 1660 1134 1403 1702 1873 1724 1457 1061 1439 1270 
819 1297 845 1592 1324 1931 761 1079 741 1299 0 686 870 509 2228 868 1075 815 949 514 520 1081 837 1134 638 623 840 433 496 512 876 1401 725 891 1453 844 619 512 841 935 615 1236 1286 1189 791 715 1150 730 1389 1972 1796 1533 676 598 612 
897 1087 687 1749 1481 2121 501 1239 450 1438 633 0 964 474 2373 608 1165 934 683 740 769 1081 553 1251 979 588 805 592 302 477 1042 1558 623 953 1610 916 697 671 581 1075 771 1393 1443 1346 478 780 1307 439 1458 2162 1984 1690 641 282 410 
797 1692 1187 2244 1980 2588 1180 1703 1107 1851 864 1047 0 878 3071 1289 186 1394 1330 1150 614 1075 1209 1662 927 978 1176 1013 926 881 1450 2018 1111 1112 2114 1312 542 1125 1237 1535 616 1864 1896 1815 1100 858 1771 1101 1100 2629 2441 2147 994 1039 952 
804 1087 336 1576 1308 1903 551 1056 403 1256 552 476 855 0 2228 658 1034 792 733 714 676 1081 421 1134 968 122 384 566 502 195 853 1385 733 930 1437 877 604 543 620 918 678 1220 1270 1173 283 700 1134 397 1458 1944 1780 1517 175 554 211 
2733 3041 2375 1079 961 1875 2465 1354 2443 2259 2271 2395 2814 2246 0 2564 2996 1522 2619 2288 2686 2372 2535 1988 2479 2133 2058 1994 2486 2148 1884 1793 2675 2225 762 2102 2603 2025 2570 1667 2671 1628 1678 1320 2444 2708 1332 2439 2900 1916 1756 1927 2190 2463 2336 
1062 714 731 2051 1720 2372 292 1478 389 1671 858 236 1204 699 2607 0 1405 1169 75 952 1021 1294 440 1445 1218 786 977 817 527 702 1244 1797 524 1166 1868 1116 922 896 243 1310 988 1632 1682 1585 544 816 1546 378 1683 2413 2225 1928 780 507 635 
961 2012 1384 2517 2207 2892 1394 1949 1321 2090 1080 1261 200 1086 3227 1503 0 1629 1544 1334 814 1073 1423 1924 907 1175 1373 1248 1150 1061 1685 2253 1331 1095 2341 1491 742 1360 1451 1770 816 2126 2131 2059 1313 1057 1985 1315 1100 2932 2689 2382 1191 1270 1141 
1214 1555 756 959 726 1361 1043 421 967 802 796 917 1347 701 1756 1152 1548 0 1193 824 1179 839 995 528 990 587 564 523 938 605 475 727 1160 706 892 659 1080 507 1100 254 1146 615 609 531 881 1208 459 964 1215 1405 1266 864 586 1001 853 
1082 672 765 2082 1755 2392 326 1513 423 1702 892 270 1231 733 2631 46 1432 1204 0 980 1083 1324 474 1487 1253 820 1002 851 561 736 1275 1845 558 1196 1892 1155 984 928 254 1345 1050 1667 1717 1620 578 850 1581 412 1713 2433 2245 1970 814 541 669 
1167 1421 1019 1605 1337 1980 888 1096 868 1299 531 813 1260 693 2233 1042 1324 829 1083 0 719 1076 976 1134 552 807 924 447 839 696 890 1414 1064 834 1466 753 824 526 979 952 814 1249 1299 1202 923 1123 1163 857 1331 2021 1812 1546 860 891 796 
602 1555 1072 2051 1722 2372 1043 1480 977 1654 520 934 708 737 2607 1152 746 1171 1193 673 0 1081 1089 1436 381 851 1064 804 780 740 1227 1799 983 916 1868 979 105 883 1100 1312 107 1634 1684 1587 1001 663 1548 976 1100 2413 2225 1935 904 882 840 
1543 2012 1504 1884 1584 2233 1442 1342 1369 1585 1260 1309 991 1206 2463 1551 1012 1033 1592 1239 1179 0 1471 1335 876 1295 1310 1040 1363 1181 1137 1661 1545 292 1713 899 1188 1152 1499 1174 1218 1496 1546 1449 1361 1620 1410 1363 619 2274 2076 1793 1311 1399 1261 
1100 836 434 1980 1671 2326 293 1429 124 1600 907 271 1248 469 2545 386 1449 1120 461 1002 1083 1350 0 1414 1253 489 692 863 573 638 1173 1748 528 1222 1800 1155 984 960 387 1261 1050 1583 1633 1536 282 820 1497 125 1739 2367 2184 1878 483 511 448 
1610 2012 1225 1299 1074 1627 1426 765 1353 330 1212 1293 1743 1134 2060 1535 1967 550 1576 1208 1575 1294 1428 0 1448 1004 986 932 1347 1053 526 1090 1529 1166 1203 867 1476 912 1483 354 1542 959 975 873 1324 1604 801 1347 1683 1671 1526 1222 1031 1383 1242 
961 1723 1253 1921 1610 2267 1211 1368 1138 1585 654 1078 862 955 2488 1320 825 1059 1361 501 376 719 1240 1338 0 1044 1153 705 963 950 1128 1687 1214 586 1739 776 475 784 1268 1200 471 1522 1572 1475 1128 1013 1436 1132 854 2308 2111 1824 1060 1078 1014 
961 1241 315 1466 1184 1757 701 956 553 1104 702 626 999 150 2206 808 1200 672 883 864 826 1110 571 988 1116 0 266 528 652 151 733 1263 883 982 1313 936 754 515 770 793 828 1098 1148 1070 433 850 1031 547 1499 1816 1656 1395 145 704 361 
1035 1359 319 1436 1162 1735 847 920 628 1066 820 724 1168 358 2206 1022 1369 629 1055 866 1005 1081 646 948 1088 248 0 547 798 287 696 1234 955 953 1291 916 900 531 845 756 966 1069 1119 1037 508 1017 998 622 1458 1779 1634 1366 213 850 535 
961 1241 767 1299 1029 1627 708 753 688 859 511 633 1033 513 2060 815 1234 482 890 527 876 1031 784 754 791 571 575 0 659 463 543 1052 890 799 1158 752 804 157 788 603 878 940 937 856 738 900 784 677 1308 1671 1526 1184 597 711 616 
672 1087 735 1884 1584 2233 566 1342 515 1524 478 453 818 553 2463 673 1012 1033 748 819 639 1168 618 1334 959 667 884 671 0 556 1099 1661 388 1040 1713 979 567 750 646 1174 641 1496 1546 1449 528 478 1410 504 1514 2274 2076 1793 720 122 465 
813 1110 494 1525 1252 1829 560 1020 540 1211 561 485 864 161 2206 667 1075 741 742 723 685 1081 582 1074 979 238 339 435 511 0 802 1325 742 941 1381 886 613 364 640 862 687 1160 1210 1173 444 709 1134 529 1458 1873 1724 1457 324 563 253 
1435 1771 993 1246 1017 1583 1259 711 1186 556 1008 1126 1568 929 2060 1368 1769 495 1409 1029 1400 1088 1198 549 1185 802 779 738 1176 820 0 1015 1362 960 1146 416 1301 722 1316 448 1367 929 896 818 1094 1429 746 1180 1458 1627 1482 1147 801 1216 1032 
1734 2097 1377 995 736 1377 1550 488 1477 1252 1350 1417 1900 1284 1759 1659 2072 574 1700 1346 1699 1368 1579 925 1507 1154 1080 1064 1471 1195 931 0 1653 1240 906 1152 1600 1061 1607 728 1666 210 113 518 1469 1728 446 1471 1757 1421 1276 145 1183 1507 1369 
691 673 895 2230 1916 2562 655 1675 553 1851 756 419 1027 861 3071 436 1228 1366 435 1141 867 1465 626 1638 1219 950 1124 989 363 864 1426 2000 0 1337 2050 1270 795 1101 579 1507 869 1864 1878 1782 708 350 1743 542 1737 2603 2415 2129 928 380 771 
1401 1729 1287 1603 1335 1931 1217 1079 1144 1335 1027 1084 1035 989 2233 1326 1083 818 1367 1015 925 247 1246 1134 645 1078 1057 786 1151 985 912 1412 1320 0 1464 668 1025 865 1274 935 1017 1247 1297 1200 1136 1395 1161 1138 672 1972 1812 1544 1094 1174 1044 
2010 2336 1633 696 203 1169 1765 536 1692 1506 1557 1632 2088 1529 1160 1866 2245 789 1921 1553 1921 1589 1794 1179 1728 1412 1338 1271 1686 1453 1115 971 1935 1461 0 1354 1820 1268 1866 965 1888 858 852 622 1684 1955 575 1686 2000 1213 988 1102 1441 1722 1584 
1280 1618 1163 1466 1220 1793 1106 956 1058 970 890 998 1413 849 2206 1215 1502 688 1256 759 1088 711 1160 903 839 955 950 656 1015 852 410 1267 1234 578 1349 0 1146 735 1163 684 1113 1102 1152 1070 1032 1276 1031 1052 1100 1840 1692 1399 970 1070 939 
497 1421 963 1994 1682 2326 884 1440 864 1640 592 809 603 632 2557 1042 749 1131 1083 745 72 1090 973 1420 446 746 994 785 675 635 1213 1759 849 962 1818 1064 0 864 979 1272 74 1594 1644 1547 916 558 1508 853 1110 2367 2184 1887 799 777 735 
961 1241 745 1375 1147 1720 682 845 662 989 485 607 1008 487 2136 789 1209 574 864 531 850 917 758 846 765 524 573 147 633 397 635 1170 864 781 1276 734 778 0 762 695 852 1005 1055 956 712 874 876 651 1308 1764 1619 1302 575 685 590 
1035 485 701 1994 1682 2326 116 1440 359 1640 828 206 1168 669 2557 188 1363 1131 263 910 993 1260 398 1420 1179 756 953 787 497 672 1213 1759 494 1132 1818 1082 892 866 0 1272 953 1594 1644 1547 514 786 1508 348 1649 2367 2184 1887 750 477 605 
1448 1790 1000 975 750 1408 1278 487 1205 695 1014 1145 1581 929 1774 1387 1782 259 1428 1029 1413 1088 1211 365 1256 810 787 746 1197 828 493 751 1381 960 918 738 1314 730 1335 0 1380 639 633 555 1107 1442 483 1199 1479 1452 1307 888 809 1235 1032 
572 1507 1033 2082 1777 2426 995 1535 936 1709 589 884 678 707 2681 1123 799 1226 1164 742 69 1127 1053 1519 450 821 1034 860 750 710 1282 1867 946 999 1942 1051 75 960 1065 1367 0 1689 1739 1642 970 633 1603 930 1131 2467 2279 1986 874 852 810 
1675 2045 1300 921 654 1300 1491 406 1418 1175 1269 1358 1865 1202 1700 1600 2067 492 1641 1265 1640 1294 1503 841 1448 1072 1057 981 1412 1113 835 212 1594 1166 820 1081 1541 976 1548 646 1607 0 94 436 1399 1669 364 1412 1683 1344 1195 349 1106 1448 1302 
1639 2012 1255 909 623 1268 1455 375 1382 1137 1253 1322 1772 1161 1649 1564 1967 461 1605 1249 1604 1260 1458 810 1422 1031 1006 951 1376 1077 804 118 1558 1132 789 1059 1505 943 1512 615 1571 97 0 405 1354 1633 333 1376 1649 1312 1157 255 1061 1412 1266 
1562 1930 1131 634 575 1231 1378 293 1305 1104 1131 1245 1695 1062 1392 1487 1905 363 1528 1150 1527 1168 1343 712 1333 932 905 863 1299 949 706 609 1481 1040 614 933 1428 847 1435 517 1494 497 491 0 1239 1556 70 1299 1557 1275 1095 746 926 1335 1138 
1006 1087 306 1857 1556 2194 495 1314 277 1471 799 369 1108 341 2447 602 1309 1005 677 908 951 1260 378 1317 1179 361 564 758 466 438 1060 1633 626 1132 1685 1064 852 786 575 1144 931 1468 1518 1421 0 896 1382 271 1649 2235 2055 1765 355 435 227 
405 1087 1072 2120 1824 2467 995 1575 842 1749 724 722 856 745 3071 794 1039 1266 793 1029 615 1368 965 1534 969 859 1072 898 453 748 1322 1904 378 1240 1974 1173 543 1012 950 1407 617 1729 1779 1682 916 0 1643 831 1554 2508 2320 2033 904 491 848 
1487 1895 1055 683 505 1169 1308 234 1235 975 1060 1175 1620 1018 1414 1417 1844 293 1458 1069 1452 1090 1247 642 1266 857 834 793 1229 875 636 539 1411 962 663 881 1353 777 1365 447 1419 427 421 72 1143 1481 0 1229 1479 1213 1063 676 856 1265 1090 
999 876 407 1966 1653 2302 347 1411 31 1585 799 166 1145 442 2519 454 1346 1102 529 908 971 1260 144 1396 1179 462 665 758 468 590 1158 1730 423 1132 1782 1064 863 837 427 1243 931 1565 1615 1518 237 715 1479 0 1649 2343 2184 1863 456 406 379 
1441 2271 1786 2230 1916 2541 1724 1653 1651 1851 1531 1591 889 1488 3071 1827 852 1344 1882 1351 1072 612 1753 1638 888 1577 1599 1293 1645 1463 1444 1991 1855 678 2050 1116 1070 1405 1781 1485 1100 1809 1869 1760 1643 1572 1721 1645 0 2582 2394 2120 1593 1681 1543 
2347 2637 1959 1617 930 55 2065 880 2043 1910 1883 1995 2413 1848 2060 2164 2570 1136 2219 1911 2285 2019 2135 1578 2062 1751 1677 1610 2066 1792 1488 1331 2275 1799 1039 1727 2196 1607 2170 1281 2264 1166 1216 1162 2042 2296 1123 2039 2378 0 731 1463 1780 2061 1911 
2347 2637 1959 1603 919 728 2065 861 2043 1910 1883 1995 2413 1848 2060 2164 2570 1136 2219 1911 2285 2019 2135 1578 2062 1751 1677 1610 2066 1792 1488 1309 2275 1799 1039 1727 2196 1607 2170 1281 2264 1144 1194 1142 2042 2296 1103 2039 2378 778 0 1441 1780 2061 1911 
1914 2241 1534 1133 874 1472 1684 626 1611 1397 1471 1551 2011 1448 2060 1793 2154 712 1837 1467 1833 1508 1713 1070 1647 1337 1263 1185 1605 1378 1044 143 1787 1380 993 1278 1734 1182 1741 866 1800 348 251 656 1603 1867 584 1605 2000 1516 1371 0 1366 1641 1503 
961 1150 223 1525 1243 1829 668 1020 427 1184 710 523 999 158 2206 796 1200 728 871 872 834 1168 445 1074 1116 139 263 591 660 278 789 1312 780 1040 1372 986 762 624 644 849 836 1147 1197 1106 307 858 1067 421 1557 1873 1715 1444 0 700 369 
806 1087 702 1921 1610 2267 496 1368 433 1552 608 333 964 571 2488 603 1165 1059 678 837 769 1168 536 1338 1048 685 906 689 155 574 1125 1687 372 1040 1739 991 697 768 576 1200 771 1522 1572 1475 473 574 1436 422 1557 2308 2111 1824 738 0 435 
835 1087 453 1749 1481 2121 508 1239 443 1438 583 433 886 241 2373 615 1075 934 690 745 707 1081 525 1269 979 355 555 597 409 221 1035 1558 690 953 1610 916 635 569 588 1075 709 1393 1443 1346 246 731 1307 432 1458 2162 1984 1690 408 487 0 
0 1276 1069 2104 1933 2472 1050 1595 1019 1725 751 940 695 800 3124 953 954 1302 976 1040 513 1459 1099 1625 862 930 1134 949 593 862 1278 1913 632 1378 2075 1218 449 1041 1115 1409 517 1798 1787 1641 976 359 1586 1013 1421 2515 2359 2055 936 728 865 
1263 0 1125 2461 2171 2755 600 1945 912 2026 1299 765 1554 1098 3213 611 1739 1620 594 1358 1464 1777 817 1884 1642 1178 1349 1237 1008 1160 1596 2221 691 1696 2313 1536 1363 1317 509 1727 1422 2045 2102 2019 984 1008 1964 895 2201 2770 2616 2363 1137 961 1055 
1020 1119 0 1591 1480 2049 617 1161 424 1300 857 576 1149 332 2321 720 1334 918 754 973 1078 1379 399 1206 1248 341 393 743 668 481 932 1444 741 1298 1609 1107 977 789 629 1030 1036 1344 1333 1187 314 1038 1132 418 1750 2092 1877 1563 270 681 359 
1986 2239 1546 0 937 1599 1724 781 1711 1584 1566 1711 2055 1490 1433 1823 2226 859 1857 1548 1890 1664 1791 1332 1731 1395 1318 1294 1699 1457 1221 1140 1977 1583 715 1367 1904 1323 1789 1028 1918 1034 1029 659 1714 1945 619 1705 2045 1638 1437 1259 1428 1726 1599 
1761 2023 1347 769 0 925 1527 393 1514 1402 1355 1514 1864 1291 1433 1649 2045 657 1683 1353 1674 1470 1594 1140 1537 1196 1159 1083 1502 1258 998 848 1822 1389 226 1146 1660 1112 1592 823 1719 686 738 593 1517 1742 569 1508 2000 962 811 966 1229 1529 1402 
2242 2516 1823 1550 965 0 1999 852 1966 1867 1850 1939 2328 1759 2152 2104 2499 1141 2138 1834 2207 2047 2046 1599 1998 1664 1586 1563 1960 1726 1493 1300 2205 1854 1135 1639 2155 1592 2087 1309 2211 1200 1189 1088 1986 2215 1033 1963 2286 83 593 1419 1697 1988 1890 
1050 527 646 1933 1816 2326 0 1463 384 1606 863 350 1149 613 2645 238 1334 1170 272 936 1078 1328 276 1506 1196 752 880 827 560 788 1155 1766 589 1247 1923 1097 977 924 92 1277 1036 1666 1655 1509 497 897 1454 386 1699 2369 2213 1911 690 570 617 
1412 1683 1012 813 472 1026 1188 0 1175 1013 1036 1175 1502 965 1575 1310 1687 314 1344 997 1351 1124 1255 699 1228 856 780 722 1162 941 649 521 1467 1043 578 794 1311 776 1253 480 1370 359 411 281 1169 1393 226 1169 1498 1065 910 636 851 1190 1062 
985 860 385 1809 1698 2239 345 1359 0 1473 836 282 1117 352 2547 420 1302 1066 454 896 1020 1328 114 1373 1173 491 619 800 533 640 1118 1662 447 1247 1830 1063 919 890 425 1173 978 1562 1551 1405 236 755 1350 73 1699 2282 2154 1781 429 515 409 
1629 1897 1165 1483 1377 1917 1395 1024 1382 0 1185 1382 1719 1121 2224 1517 1914 808 1551 1184 1504 1345 1456 325 1405 1029 958 896 1370 1091 574 1351 1674 1264 1501 888 1528 962 1460 661 1558 1251 1240 1119 1352 1610 1064 1376 1716 1960 1750 1470 1047 1397 1270 
695 1236 777 1591 1480 2049 729 1120 692 1245 0 697 835 488 2321 789 1059 819 823 424 586 1113 777 1163 566 618 825 458 471 550 869 1444 742 889 1609 825 641 548 801 988 651 1344 1333 1187 697 700 1132 686 1419 2092 1877 1563 629 591 553 
739 1080 654 1635 1524 2049 503 1169 412 1328 590 0 879 453 2364 563 1069 896 597 650 749 1113 497 1234 892 583 790 554 287 515 935 1488 573 900 1653 836 685 644 575 1028 753 1388 1377 1231 410 717 1176 406 1482 2092 1940 1607 594 297 344 
638 1545 1080 2126 1947 2482 1050 1614 1024 1754 758 977 0 807 3124 1172 252 1321 1206 1051 576 952 1104 1654 781 930 1138 961 854 869 1297 1936 1069 1083 2089 1237 512 1041 1115 1428 580 1829 1817 1660 1020 843 1605 1018 813 2525 2369 2078 936 956 872 
683 1080 298 1483 1377 1917 537 1033 461 1150 534 505 823 0 2224 597 1059 758 631 647 693 1113 436 1064 889 152 359 551 483 309 778 1351 670 897 1501 833 629 594 609 897 697 1251 1240 1119 334 688 1064 455 1482 1960 1750 1470 153 551 213 
2634 2977 2267 969 975 1855 2424 1325 2391 2207 2235 2364 2769 2206 0 2529 2966 1503 2563 2154 2627 2412 2471 1930 2347 2060 1964 1934 2353 2086 1853 1750 2630 2174 756 2032 2547 1963 2512 1671 2603 1650 1639 1295 2383 2607 1263 2388 2633 1866 1668 1893 2111 2413 2303 
922 660 752 1809 1698 2239 257 1359 384 1504 761 248 1046 624 2547 0 1231 1066 46 821 942 1230 455 1404 1099 754 989 725 458 686 1089 1662 434 1149 1830 1003 856 815 214 1173 906 1562 1551 1405 546 735 1350 378 1601 2282 2154 1781 765 468 515 
823 1726 1266 2346 2124 2682 1231 1826 1218 1927 973 1218 185 1007 3124 1353 0 1511 1387 1239 761 994 1298 1822 836 1115 1333 1128 1047 1029 1487 2127 1237 1122 2266 1362 697 1208 1296 1618 765 1951 2008 1855 1221 1008 1795 1212 868 2723 2569 2269 1131 1135 1061 
1132 1405 733 909 655 1199 891 415 854 766 710 859 1213 656 1783 981 1398 0 1015 690 1084 893 938 475 896 560 484 426 886 613 434 702 1121 666 761 570 1008 480 975 212 1067 540 592 439 845 1100 384 848 1241 1238 1072 817 555 919 763 
949 614 786 1869 1730 2262 291 1391 418 1554 795 282 1080 658 2586 46 1265 1098 0 855 976 1295 489 1447 1140 788 1017 759 492 720 1106 1694 419 1214 1850 1039 890 849 221 1205 942 1594 1583 1437 580 720 1382 412 1666 2305 2154 1818 799 502 549 
985 1298 910 1507 1390 1917 792 1053 755 1198 451 760 1117 629 2294 852 1182 756 886 0 716 1041 840 1088 417 759 820 395 787 691 806 1360 971 782 1525 714 793 485 864 918 781 1260 1249 1119 760 1006 1064 749 1203 1960 1763 1479 770 806 664 
441 1405 949 1924 1795 2321 910 1456 872 1554 510 877 638 668 2645 1034 838 1160 1068 615 0 1113 961 1454 382 798 1034 774 715 730 1143 1759 947 874 1923 1014 77 864 975 1270 71 1659 1648 1502 877 646 1447 866 1100 2364 2208 1893 809 835 733 
1477 1735 1329 1664 1553 2088 1240 1196 1227 1369 1115 1227 962 1088 2425 1362 984 942 1396 1075 1019 0 1307 1270 789 1178 1141 896 1215 1110 977 1517 1519 333 1682 695 1085 1004 1305 1030 1082 1417 1406 1260 1230 1458 1205 1221 596 2131 1977 1636 1211 1242 1115 
1053 778 458 1909 1780 2307 263 1441 140 1533 870 315 1149 425 2645 383 1334 1148 417 936 1078 1345 0 1433 1232 564 692 834 567 713 1155 1744 480 1264 1923 1097 977 924 343 1255 1036 1644 1633 1487 309 788 1432 138 1716 2350 2194 1863 502 549 482 
1527 1788 1107 1245 997 1578 1293 760 1280 332 1133 1280 1617 1056 2152 1415 1823 518 1449 1111 1452 1238 1360 0 1336 960 883 825 1268 1017 461 1058 1572 1157 1169 787 1426 879 1358 336 1485 887 947 786 1283 1508 731 1274 1609 1617 1416 1177 989 1295 1168 
812 1545 1134 1784 1673 2209 1050 1334 1000 1445 610 977 805 869 2510 1172 868 1005 1206 390 371 754 1080 1343 0 986 1098 635 941 923 1057 1637 1218 527 1806 741 448 725 1115 1148 442 1537 1526 1380 1007 994 1325 994 788 2252 2100 1756 1002 1033 913 
812 1199 320 1386 1261 1796 666 962 511 994 663 634 960 129 2152 726 1145 647 760 776 822 1113 486 969 1047 0 249 471 612 181 667 1225 799 1020 1404 827 758 489 716 786 826 1125 1114 965 401 817 910 505 1482 1838 1634 1344 141 680 326 
1053 1298 318 1344 1215 1750 830 939 637 1001 818 789 1163 350 2152 967 1348 598 1001 845 1078 1113 612 969 1140 254 0 534 829 323 672 1205 974 1032 1362 832 977 588 842 782 1036 1105 1094 955 527 1044 890 631 1482 1789 1588 1324 249 894 526 
886 1199 754 1245 1011 1578 691 765 654 823 514 659 1023 528 2152 751 1208 441 785 468 896 1008 739 749 693 546 505 0 686 426 491 1061 824 765 1183 651 832 133 763 610 900 890 950 789 659 891 734 648 1328 1617 1416 1180 576 705 563 
567 1030 689 1716 1605 2139 561 1251 470 1402 466 486 786 525 2448 621 1002 958 655 722 656 1151 555 1302 881 655 862 626 0 587 1016 1569 347 1070 1734 912 592 716 633 1073 660 1469 1458 1312 457 454 1257 464 1521 2182 2048 1688 666 139 383 
706 1080 439 1472 1346 1886 560 1011 523 1101 557 528 846 150 2224 620 1059 721 654 670 716 1113 586 1022 912 205 325 395 506 0 741 1297 693 986 1490 856 652 344 632 860 720 1197 1186 1041 420 711 986 517 1482 1929 1719 1416 288 574 208 
1269 1545 909 1211 991 1578 1050 753 1019 504 887 977 1359 838 2152 1172 1544 507 1206 821 1247 1064 1099 458 1052 742 666 608 1023 795 0 1047 1269 810 1163 326 1168 662 1115 482 1227 878 936 777 1007 1250 722 1013 1359 1617 1416 1166 737 1038 913 
1696 1979 1268 992 705 1248 1462 479 1449 1317 1289 1449 1786 1212 2152 1584 1979 581 1618 1266 1608 1384 1529 1029 1451 1117 1047 1020 1437 1179 935 0 1741 1303 811 1083 1595 1046 1527 747 1654 227 130 465 1452 1677 410 1443 1755 1287 1111 134 1150 1464 1337 
603 674 876 2104 1933 2472 597 1595 508 1721 721 448 994 832 3124 414 1179 1302 386 1034 858 1459 593 1621 1187 954 1109 945 389 894 1278 1913 0 1378 2075 1218 794 1041 533 1409 862 1798 1787 1641 670 338 1586 502 1740 2515 2359 2055 926 421 721 
1269 1545 1114 1472 1346 1886 1050 1011 1024 1150 894 977 1011 879 2224 1172 1006 724 1206 866 840 288 1104 1074 588 981 905 695 1023 923 759 1300 1269 0 1490 494 922 785 1115 863 906 1200 1189 1052 1020 1251 997 1018 664 1929 1719 1419 996 1044 920 
1943 2189 1491 592 225 1058 1670 537 1657 1550 1511 1657 2003 1435 812 1792 2176 801 1827 1494 1845 1610 1737 1291 1677 1340 1267 1239 1645 1402 1187 995 1939 1529 0 1333 1822 1268 1735 969 1878 830 882 593 1660 1891 575 1651 2000 1097 960 1114 1373 1672 1545 
1186 1456 1033 1344 1215 1750 961 931 922 837 809 916 1276 794 2152 1082 1461 639 1116 781 1085 792 1005 788 794 896 820 610 963 856 349 1205 1170 565 1362 0 1085 700 1026 640 1139 1105 1094 940 925 1168 880 916 1100 1789 1588 1324 891 961 829 
364 1333 880 1830 1708 2239 832 1369 795 1531 542 800 561 591 2547 892 813 1076 927 692 77 1113 880 1425 459 721 932 741 638 653 1089 1672 840 1032 1830 1003 0 831 914 1183 78 1572 1561 1415 800 569 1360 789 1100 2282 2154 1791 732 758 656 
859 1199 771 1322 1215 1750 664 888 627 951 474 632 1003 501 2152 724 1188 564 758 501 869 1041 712 872 759 510 597 160 659 390 614 1191 797 786 1340 722 805 0 736 733 873 1091 1080 915 632 864 857 621 1328 1789 1588 1310 593 678 536 
922 481 714 1822 1701 2239 124 1362 394 1517 771 258 1062 634 2547 146 1247 1069 180 831 949 1238 367 1417 1099 764 947 735 468 696 1089 1665 497 1157 1830 1003 866 825 0 1176 918 1565 1554 1408 556 805 1353 388 1609 2282 2154 1784 758 478 525 
1334 1615 922 968 717 1272 1120 477 1107 666 950 1107 1424 872 2152 1242 1609 216 1276 910 1262 1113 1164 334 1136 776 700 642 1074 829 485 764 1399 882 823 630 1233 696 1185 0 1292 602 654 501 1060 1315 446 1101 1419 1311 1126 879 771 1117 984 
423 1405 949 1898 1769 2307 891 1430 854 1573 576 859 620 650 2619 981 856 1137 1015 681 66 1113 946 1473 448 780 1008 800 697 712 1125 1733 899 1020 1890 1063 59 890 975 1244 0 1633 1622 1476 859 628 1421 848 1100 2350 2194 1863 791 817 715 
1501 1762 1066 807 515 1058 1267 289 1254 1119 1104 1254 1591 1016 1613 1389 1776 391 1423 1075 1423 1203 1334 776 1291 938 857 799 1242 1002 726 202 1546 1122 621 871 1400 853 1332 557 1459 0 92 275 1251 1482 220 1248 1574 1097 960 317 946 1269 1142 
1557 1868 1127 867 575 1159 1323 349 1310 1168 1180 1310 1647 1083 1706 1445 1841 451 1479 1127 1499 1295 1390 836 1363 993 918 859 1298 1055 786 110 1602 1214 681 942 1456 930 1388 617 1515 97 0 335 1313 1538 280 1304 1666 1198 1004 225 1009 1325 1198 
1444 1697 1015 679 533 1064 1202 251 1189 1039 1058 1189 1534 969 1505 1324 1719 336 1358 1033 1388 1151 1269 721 1238 878 802 744 1188 941 671 590 1481 1070 619 816 1343 798 1267 502 1402 428 480 0 1192 1425 55 1183 1522 1103 976 705 873 1204 1088 
922 998 318 1759 1648 2177 473 1309 237 1402 772 389 1062 284 2491 533 1247 1016 567 832 952 1238 327 1310 1099 423 552 736 428 524 1055 1612 554 1157 1777 1003 867 809 545 1107 918 1512 1501 1355 0 856 1300 231 1609 2220 2067 1731 362 432 232 
361 1048 1059 2104 1933 2472 895 1595 787 1721 743 727 868 792 3124 780 1059 1302 752 1034 686 1459 872 1621 1078 922 1131 945 502 854 1278 1913 397 1378 2075 1218 622 1041 899 1409 690 1798 1787 1641 916 0 1586 781 1613 2515 2359 2055 932 604 824 
1383 1645 978 676 478 1026 1150 203 1137 980 990 1137 1473 928 1505 1272 1658 281 1306 973 1313 1113 1212 666 1189 823 747 689 1123 876 616 535 1429 1008 584 761 1282 743 1215 447 1341 373 425 55 1108 1364 0 1131 1482 1065 921 650 818 1157 1033 
943 814 411 1869 1730 2262 307 1391 26 1504 784 229 1075 378 2586 367 1260 1098 401 844 959 1254 138 1404 1110 517 645 748 481 666 1089 1694 394 1173 1850 1014 879 838 379 1205 931 1594 1583 1437 229 702 1382 0 1625 2305 2154 1818 455 463 411 
1404 2099 1643 2065 1873 2402 1586 1538 1573 1681 1361 1573 855 1431 3124 1708 923 1245 1742 1223 1021 614 1653 1581 802 1492 1455 1239 1561 1453 1221 1852 1846 651 2009 1003 1034 1319 1651 1352 1066 1741 1730 1584 1576 1560 1529 1567 0 2445 2289 1980 1525 1588 1461 
2320 2617 1893 1633 1011 67 2100 941 2067 1927 1883 2040 2406 1835 2152 2205 2577 1204 2239 1911 2276 2120 2147 1662 2065 1727 1649 1626 2035 1789 1556 1382 2306 1882 1183 1702 2233 1655 2188 1372 2289 1282 1271 1171 2043 2293 1116 2064 2349 0 660 1501 1760 2089 1952 
2242 2516 1823 1570 965 618 1999 875 1966 1867 1850 1939 2328 1759 2152 2104 2499 1141 2138 1834 2207 2047 2046 1599 1998 1664 1586 1563 1960 1726 1493 1346 2205 1854 1137 1639 2155 1592 2087 1309 2211 1246 1235 1108 1986 2215 1053 1963 2286 651 0 1465 1697 1988 1890 
1850 2099 1408 1185 850 1417 1594 624 1581 1468 1427 1581 1919 1352 2152 1716 2090 726 1750 1418 1746 1534 1661 1215 1601 1257 1217 1155 1569 1319 1113 147 1853 1453 1011 1262 1727 1184 1659 892 1786 372 275 610 1584 1837 555 1575 2000 1456 1255 0 1290 1596 1469 
846 1080 221 1413 1307 1855 605 1011 412 1039 697 564 994 163 2152 708 1179 685 742 810 856 1151 387 1007 1099 123 241 516 646 258 705 1262 729 1070 1431 865 792 566 617 824 860 1162 1151 1016 302 851 961 406 1522 1898 1680 1381 0 685 363 
652 968 680 1759 1648 2177 529 1309 438 1445 551 410 884 570 2491 589 1077 1016 623 767 754 1203 523 1345 1001 700 909 671 99 632 1039 1612 290 1122 1777 945 690 761 601 1123 758 1512 1501 1355 436 507 1300 432 1574 2220 2067 1731 711 0 440 
723 1080 433 1664 1553 2088 504 1196 367 1369 574 472 863 246 2425 564 1059 947 598 687 733 1113 457 1270 929 389 596 591 422 348 977 1517 637 1020 1682 873 669 633 576 1030 737 1417 1406 1260 212 728 1205 361 1482 2131 1977 1636 390 435 0 
0 1316 1177 2364 2098 2681 1240 1869 1190 1920 878 1041 655 922 2960 1051 851 1541 1088 1204 522 1515 1276 1872 869 1047 1254 1124 708 934 1602 2237 705 1405 2251 1436 432 1235 1259 1665 495 2130 2115 1968 1135 380 1891 1184 1414 2722 2574 2393 1046 798 1000 
1355 0 1099 2490 2256 2891 561 2038 852 2091 1282 685 1589 1140 3161 661 1823 1690 640 1400 1508 1782 838 2028 1673 1221 1352 1273 987 1170 1751 2386 751 1672 2409 1585 1404 1394 496 1818 1489 2279 2264 2116 1013 1062 2039 847 2193 2890 2749 2542 1156 977 1049 
1001 1079 0 1661 1438 2068 635 1188 399 1235 860 561 1108 280 2602 728 1322 868 759 1004 1107 1330 394 1181 1297 305 351 744 643 444 947 1491 827 1220 1549 1124 1003 761 629 1028 1088 1307 1369 1237 308 969 1174 401 1677 2107 1877 1614 218 641 373 
2163 2472 1572 0 806 1623 1956 786 1800 1569 1614 1916 2238 1514 1160 2065 2429 848 2097 1632 1988 1703 1831 1272 1838 1423 1370 1349 1902 1495 1222 1101 2218 1593 605 1431 2071 1393 2048 1011 2015 949 979 640 1714 2137 611 1794 2114 1665 1483 1224 1441 1954 1668 
1988 2320 1404 814 0 950 1810 436 1632 1388 1440 1720 2062 1346 1160 1910 2253 692 1942 1458 1837 1515 1658 1156 1640 1255 1205 1175 1722 1327 1057 891 1986 1405 227 1266 1919 1219 1894 847 1882 723 771 656 1546 1920 610 1626 2000 963 771 1031 1273 1752 1500 
2462 2774 1862 1586 875 0 2329 859 2114 1862 1903 2248 2537 1797 1751 2438 2741 1147 2470 1940 2277 2064 2087 1570 2143 1706 1656 1632 2183 1778 1497 1327 2510 1870 1039 1706 2360 1676 2320 1312 2304 1143 1205 1111 2000 2447 1048 2115 2355 64 589 1450 1724 2244 2005 
1080 506 664 2073 1860 2467 0 1586 404 1635 927 298 1178 645 2960 274 1392 1276 305 1004 1125 1379 300 1605 1302 713 863 878 600 759 1337 1950 600 1269 2013 1182 1021 994 106 1400 1106 1762 1828 1692 530 889 1629 406 1726 2506 2360 2106 654 598 649 
1522 1912 1016 803 575 1165 1358 0 1241 1025 1078 1272 1631 987 1433 1442 1854 318 1476 1102 1476 1140 1267 782 1275 883 830 784 1274 945 667 531 1544 1030 688 866 1446 783 1442 473 1531 363 411 319 1155 1456 236 1235 1487 1207 991 665 875 1304 1118 
1047 864 399 1921 1696 2240 381 1389 0 1420 888 262 1159 380 2960 480 1373 1079 511 988 1107 1364 131 1377 1256 448 598 844 566 591 1132 1749 528 1254 1818 1167 1003 935 464 1195 1088 1565 1627 1495 265 818 1432 70 1711 2279 2160 1919 389 519 456 
1749 2105 1163 1559 1336 1931 1585 1076 1391 0 1183 1499 1855 1108 2501 1669 2046 783 1703 1201 1581 1330 1417 358 1457 1017 930 936 1501 1089 588 1389 1771 1220 1447 937 1673 944 1623 690 1650 1205 1267 1151 1305 1683 1088 1385 1677 1970 1767 1512 1032 1531 1262 
763 1330 865 1651 1428 2068 806 1178 774 1235 0 752 869 595 2598 923 1088 852 957 482 496 1100 898 1157 586 737 905 469 539 608 931 1481 810 958 1539 860 587 552 892 986 571 1297 1359 1227 778 758 1164 769 1401 2107 1864 1604 716 629 631 
761 1065 663 1868 1638 2210 518 1331 433 1343 640 0 867 464 2960 628 1088 990 659 747 798 1100 557 1310 985 606 789 596 318 477 1057 1691 609 990 1749 898 708 679 604 1142 771 1507 1569 1437 424 689 1374 428 1447 2249 2085 1824 585 316 367 
661 1700 1597 2507 2273 2891 1641 2056 1533 2159 1166 1381 0 1342 3183 1458 196 1708 1495 1252 629 1035 1618 2028 832 1467 1674 1446 1193 1372 1766 2403 1087 1092 2426 1409 539 1567 1651 1834 602 2296 2281 2133 1601 818 2056 1527 872 2903 2749 2559 1466 1259 1397 
701 1079 281 1559 1336 1931 594 1086 421 1170 580 540 807 0 2501 704 1009 768 735 743 738 1100 416 1090 985 153 336 592 518 223 834 1389 806 990 1447 894 648 612 651 894 711 1205 1267 1151 270 696 1088 423 1447 1970 1767 1512 132 545 223 
2879 3273 2269 922 955 1758 2710 1239 2606 2242 2346 2648 2946 2212 0 2819 3137 1503 2853 2320 2666 2424 2579 1916 2537 2122 2061 2052 2568 2166 1853 1708 2916 2244 724 2071 2756 2042 2808 1668 2693 1524 1586 1384 2492 2851 1375 2607 2900 1800 1618 1858 2183 2629 2391 
983 654 787 2040 1812 2368 279 1520 388 1572 845 221 1107 669 2960 0 1321 1207 46 952 1038 1313 445 1542 1217 811 1010 801 523 682 1274 1880 440 1203 1949 1101 916 884 261 1334 1019 1696 1758 1626 585 709 1563 383 1660 2407 2261 2038 777 521 572 
829 1868 1597 2507 2273 2891 1668 2056 1618 2159 1207 1544 168 1342 3183 1621 0 1707 1658 1200 787 1021 1704 2028 806 1467 1674 1394 1353 1372 1765 2403 1250 1091 2426 1408 707 1515 1752 1834 770 2296 2281 2133 1601 985 2056 1612 846 2903 2749 2559 1466 1432 1397 
1262 1599 743 968 761 1370 1080 499 958 841 778 983 1371 694 1618 1164 1585 0 1198 817 1223 886 995 555 1018 594 541 495 967 622 491 778 1255 734 940 656 1186 494 1164 227 1271 610 658 541 879 1168 458 952 1214 1412 1257 918 586 1031 832 
1020 608 837 2057 1834 2467 289 1561 438 1610 895 271 1159 719 2960 80 1373 1251 0 988 1107 1364 455 1580 1279 861 1045 851 573 732 1312 1922 470 1254 1998 1167 1003 957 225 1375 1088 1737 1799 1667 635 739 1604 433 1711 2506 2360 2078 827 571 622 
1142 1468 952 1605 1382 1982 949 1132 912 1203 462 880 1230 727 2571 1056 1280 808 1090 0 641 1023 1001 1129 469 869 874 425 867 740 877 1435 1161 856 1493 751 732 508 1033 941 716 1251 1313 1181 918 1065 1118 897 1226 2021 1821 1558 848 936 759 
441 1521 1261 2040 1828 2404 1254 1554 1204 1603 566 1168 605 1006 2960 1279 775 1244 1316 707 0 1119 1290 1573 422 1131 1308 848 948 1036 1305 1916 908 1009 1984 1089 97 957 1338 1368 87 1730 1792 1660 1187 598 1597 1198 1100 2443 2297 2072 1130 1024 1061 
1522 1912 1365 1737 1514 2086 1358 1251 1308 1336 1106 1272 984 1112 2960 1442 961 918 1476 1112 1096 0 1394 1282 740 1216 1166 871 1274 1142 987 1567 1544 300 1625 655 1130 994 1442 1058 1151 1383 1445 1313 1291 1456 1250 1302 576 2125 1978 1690 1234 1304 1167 
1080 776 460 1943 1721 2262 293 1414 125 1486 935 297 1189 441 2960 426 1403 1104 457 1006 1125 1383 0 1452 1302 509 659 885 607 652 1188 1774 563 1273 1848 1186 1021 1012 376 1228 1106 1590 1652 1520 326 853 1457 127 1730 2301 2160 1927 450 560 512 
1652 2024 1137 1296 1098 1669 1488 735 1368 328 1178 1402 1761 1087 2429 1572 1965 526 1606 1196 1576 1280 1394 0 1419 996 910 876 1404 1064 515 1101 1674 1170 1209 916 1576 875 1572 332 1645 909 979 844 1282 1586 761 1362 1627 1711 1529 1224 1009 1434 1237 
757 1773 1261 1943 1721 2262 1254 1414 1204 1450 676 1168 786 1006 2960 1338 788 1082 1372 455 333 819 1290 1420 0 1131 1147 696 1055 1016 1152 1774 1188 667 1848 789 413 779 1338 1228 420 1590 1652 1520 1187 930 1457 1198 806 2301 2160 1927 1130 1151 1053 
881 1248 337 1522 1286 1865 774 1036 540 1077 760 702 1016 180 2501 869 1230 705 900 942 954 1192 535 1049 1166 0 276 547 698 194 771 1327 974 1082 1397 979 828 511 770 831 891 1143 1205 1073 449 876 1010 542 1539 1904 1717 1450 169 725 403 
1136 1330 337 1462 1224 1795 873 972 637 1040 868 799 1207 366 2429 954 1421 653 988 948 1142 1117 632 993 1166 289 0 585 884 341 719 1281 1096 1007 1335 922 1038 584 867 779 1123 1097 1159 1016 546 1050 953 639 1466 1834 1655 1404 253 915 551 
940 1259 749 1296 1177 1748 755 817 723 888 498 701 1036 548 2429 865 1250 481 896 471 947 988 847 818 767 586 547 0 688 456 550 1101 1003 807 1264 729 856 147 841 610 948 949 979 857 727 908 774 718 1299 1790 1608 1224 592 754 580 
553 997 713 1937 1708 2262 587 1401 502 1450 473 505 754 551 2960 697 961 1058 728 834 685 1192 626 1420 907 693 876 683 0 564 1152 1761 372 1082 1822 998 595 766 673 1215 658 1577 1639 1507 475 419 1444 497 1480 2301 2160 1927 672 111 404 
781 1140 411 1548 1330 1931 658 1080 562 1170 660 604 887 141 2501 768 1112 750 799 823 818 1192 557 1083 1076 234 343 471 572 0 816 1378 870 1082 1441 986 728 393 744 876 791 1194 1256 1151 400 776 1088 564 1539 1970 1761 1501 262 589 218 
1423 1773 934 1296 1098 1654 1254 770 1151 564 983 1168 1532 890 2429 1338 1746 536 1372 988 1365 1070 1177 493 1182 790 737 691 1164 818 0 1067 1440 915 1209 412 1347 690 1338 484 1432 909 945 834 1065 1357 751 1145 1382 1696 1514 1190 782 1200 1028 
1886 2214 1346 1002 765 1370 1708 517 1574 1291 1342 1622 1966 1288 1647 1792 2157 602 1833 1360 1740 1429 1600 1081 1554 1197 1147 1077 1624 1269 953 0 1902 1319 940 1161 1796 1121 1792 757 1813 220 123 520 1488 1808 437 1568 1776 1412 1257 142 1215 1654 1442 
579 680 940 2221 2025 2608 596 1736 552 1785 769 421 1007 869 2960 442 1221 1426 461 1110 883 1504 642 1755 1202 1003 1171 1009 379 882 1487 2117 0 1394 2178 1307 793 1130 551 1550 856 2010 1995 1857 749 319 1779 547 1677 2647 2501 2273 945 410 772 
1352 1707 1201 1559 1336 1931 1188 1086 1138 1203 950 1102 1035 946 2501 1272 1030 765 1306 934 874 299 1224 1135 587 1054 965 718 1092 960 830 1389 1374 0 1447 502 958 801 1272 891 970 1205 1267 1151 1124 1286 1088 1132 632 1970 1767 1512 1070 1137 1008 
2096 2438 1510 597 235 1052 1922 543 1738 1533 1552 1838 2171 1452 728 2031 2362 799 2063 1570 1929 1641 1764 1219 1766 1361 1311 1287 1838 1433 1186 1004 2140 1531 0 1395 2012 1331 2014 967 1956 830 878 755 1652 2033 717 1732 2000 1094 878 1127 1379 1867 1606 
1277 1647 1124 1522 1263 1856 1128 1014 1060 917 869 1024 1386 879 2501 1212 1496 694 1246 803 1131 735 1146 835 840 986 910 647 1025 892 404 1324 1296 583 1374 0 1201 730 1212 707 1200 1140 1202 1073 1054 1215 1010 1054 1100 1895 1694 1447 993 1068 913 
344 1435 1316 2151 1951 2514 1358 1661 1291 1710 658 1139 508 1061 2960 1193 704 1351 1230 799 92 1151 1376 1680 466 1186 1393 966 844 1091 1412 2045 826 1041 2104 1202 0 1087 1386 1475 63 1931 1923 1767 1286 501 1704 1285 1100 2553 2407 2201 1185 939 1116 
886 1248 706 1390 1196 1767 732 921 700 983 475 678 1016 487 2429 842 1230 580 873 525 916 973 824 940 755 484 592 140 665 354 649 1202 944 784 1307 706 833 0 818 709 896 1018 1080 940 704 881 873 695 1299 1814 1627 1325 537 731 557 
962 449 758 2040 1797 2357 153 1490 359 1539 816 192 1075 640 2960 168 1289 1176 199 942 1003 1280 389 1509 1166 782 975 772 494 653 1241 1852 494 1170 1949 1086 884 855 0 1304 976 1666 1728 1596 556 783 1533 354 1627 2396 2250 2006 748 492 543 
1474 1868 952 960 747 1335 1310 478 1185 698 1011 1224 1583 946 1591 1394 1797 233 1428 1040 1409 1100 1211 370 1252 827 774 728 1226 855 510 764 1496 990 918 709 1398 727 1394 0 1478 596 644 527 1099 1408 444 1179 1447 1377 1203 898 819 1256 1028 
396 1521 1323 2151 1906 2488 1322 1637 1272 1686 629 1183 560 1068 2960 1279 756 1327 1316 770 76 1161 1358 1656 478 1193 1374 927 896 1098 1388 2000 878 1051 2059 1170 52 1047 1406 1451 0 1820 1878 1743 1255 553 1680 1266 1100 2527 2381 2156 1192 993 1123 
1682 2048 1123 822 583 1165 1518 335 1352 1124 1178 1432 1791 1077 1433 1602 1989 420 1636 1196 1576 1280 1378 884 1404 982 905 886 1434 1046 769 239 1704 1170 754 986 1606 885 1584 575 1645 0 119 338 1266 1616 255 1346 1627 1207 994 373 993 1464 1219 
1749 2105 1185 881 642 1256 1585 394 1413 1203 1219 1499 1855 1132 1489 1669 2046 479 1703 1237 1617 1313 1439 979 1449 1041 948 945 1501 1113 828 120 1771 1203 813 1029 1673 973 1645 634 1686 97 0 397 1327 1683 314 1407 1660 1298 1114 254 1054 1531 1286 
1644 1994 1062 582 617 1256 1480 276 1290 1077 1119 1394 1753 1022 1232 1564 1965 369 1598 1159 1517 1192 1316 833 1330 932 881 835 1396 972 718 626 1666 1082 564 935 1568 834 1522 524 1586 458 506 0 1204 1578 74 1284 1539 1298 1119 760 926 1426 1145 
971 968 308 1792 1569 2140 482 1262 226 1336 827 388 1091 289 2960 592 1305 949 623 952 1015 1313 357 1268 1194 357 507 788 411 480 1010 1622 654 1203 1680 1087 900 821 568 1072 996 1438 1500 1368 0 782 1305 228 1660 2179 2014 1745 298 409 242 
303 1032 1028 2195 2025 2608 949 1693 859 1742 732 730 740 782 2960 783 944 1383 802 1093 607 1469 977 1712 934 926 1112 966 460 795 1444 2074 391 1359 2178 1272 517 1087 892 1507 580 1967 1952 1799 918 0 1736 854 1471 2647 2501 2230 904 491 841 
1522 1912 978 611 590 1165 1358 233 1218 1006 1052 1272 1631 962 1232 1442 1854 295 1476 1102 1450 1119 1244 759 1270 860 807 761 1274 888 644 552 1544 1009 593 843 1446 760 1442 450 1519 384 432 83 1132 1456 0 1212 1466 1207 1045 686 852 1304 1074 
1008 878 462 1943 1721 2262 392 1414 63 1486 875 249 1124 443 2960 497 1338 1104 528 988 1107 1330 194 1452 1240 511 661 831 553 654 1188 1774 515 1220 1848 1135 1003 935 478 1228 1088 1590 1652 1520 312 805 1457 0 1677 2301 2160 1927 452 506 454 
1399 2376 1724 2109 1896 2467 1869 1619 1812 1725 1476 1774 866 1587 2960 1975 868 1309 2007 1325 1045 623 1904 1657 845 1575 1525 1267 1623 1617 1369 1990 1729 685 2049 1012 1030 1388 1959 1433 1076 1795 1868 1725 1793 1555 1662 1810 0 2506 2360 2146 1593 1719 1642 
2462 2889 1881 1639 958 51 2329 903 2195 1893 1928 2263 2537 1829 2429 2438 2741 1180 2470 1969 2318 2083 2168 1603 2178 1739 1689 1665 2183 1819 1530 1401 2510 1903 1092 1739 2384 1709 2401 1345 2345 1217 1279 1173 2081 2447 1110 2196 2371 0 640 1524 1757 2244 2044 
2462 2774 1862 1586 868 706 2329 852 2114 1862 1903 2248 2537 1797 1751 2438 2741 1147 2470 1940 2277 2064 2087 1570 2143 1706 1656 1632 2183 1778 1497 1324 2510 1870 1039 1706 2360 1676 2320 1312 2304 1140 1202 1111 2000 2447 1048 2115 2355 736 0 1447 1724 2244 2005 
2052 2347 1454 1185 914 1501 1869 656 1682 1446 1496 1776 2103 1396 1786 1975 2294 741 2007 1514 1891 1580 1708 1207 1705 1305 1255 1231 1778 1377 1110 139 2062 1470 1074 1319 1974 1275 1921 896 1918 359 262 659 1596 1973 576 1676 2000 1543 1361 0 1323 1815 1550 
858 1079 180 1522 1263 1856 632 1014 396 1068 737 558 1007 157 2501 725 1221 686 756 900 895 1140 391 1023 1166 120 246 561 675 261 752 1324 824 1030 1374 959 805 578 626 812 868 1140 1202 1073 305 853 1010 398 1487 1895 1694 1447 0 681 380 
634 973 695 1943 1721 2262 521 1414 425 1450 566 401 847 559 2960 631 1088 1078 662 842 778 1192 549 1420 998 701 884 691 95 572 1152 1774 293 1082 1848 1002 688 774 607 1228 751 1590 1652 1520 456 438 1457 420 1539 2301 2160 1927 680 0 462 
750 968 409 1868 1638 2210 482 1331 363 1374 629 428 856 253 2960 592 1088 1021 623 792 787 1140 466 1344 1050 395 578 641 383 258 1087 1691 674 1030 1749 961 697 613 568 1145 760 1507 1569 1437 192 745 1374 365 1487 2249 2085 1824 374 381 0 
0 1047 845 1917 1668 2159 900 1485 799 1489 620 692 522 678 2518 798 690 1155 835 860 377 1227 875 1418 623 768 860 795 444 651 1159 1836 489 1099 1797 1091 305 874 946 1246 352 1684 1707 1506 757 271 1451 793 1179 2190 2068 1931 778 524 672 
1041 0 980 2145 1900 2359 502 1707 708 1721 1043 575 1375 960 2960 532 1543 1377 507 1134 1247 1526 690 1648 1366 1050 1159 1030 812 956 1399 2019 558 1398 2033 1329 1175 1105 400 1468 1222 1884 1911 1728 843 793 1673 702 2000 2390 2263 2130 1004 787 828 
922 968 0 1415 1194 1666 544 989 342 1085 642 446 976 173 2060 601 1144 610 635 801 845 1184 318 971 988 213 238 560 544 325 807 1307 660 1056 1323 965 773 577 562 759 820 1178 1201 1016 254 816 961 344 1564 1697 1567 1424 161 538 293 
1871 2160 1363 0 770 1462 1676 708 1637 1406 1524 1610 1987 1420 1160 1720 2155 778 1754 1482 1814 1541 1675 1100 1631 1369 1207 1206 1636 1364 1110 1017 1799 1413 611 1255 1781 1232 1744 898 1833 874 911 574 1611 1830 542 1634 2000 1493 1363 1134 1366 1656 1529 
1709 1996 1188 699 0 737 1522 367 1483 1245 1370 1456 1855 1253 1160 1566 2023 620 1600 1328 1651 1393 1500 939 1483 1202 1031 1035 1482 1197 973 803 1645 1265 195 1112 1627 1061 1590 740 1674 651 683 566 1436 1672 538 1480 1773 768 640 918 1191 1502 1362 
2230 2534 1727 1583 894 0 2075 888 2036 1783 1892 1984 2343 1767 1744 2114 2511 1160 2148 1873 2192 1962 2047 1480 2000 1716 1571 1575 2005 1711 1478 1394 2196 1780 1032 1623 2144 1601 2133 1281 2191 1265 1288 1128 1975 2197 1073 2033 2327 60 470 1511 1713 2043 1879 
950 483 531 1833 1588 2062 0 1405 338 1436 734 272 1070 536 2447 175 1238 1075 209 842 949 1244 255 1348 1081 626 722 723 509 619 1093 1733 500 1116 1717 1015 871 802 106 1166 924 1604 1627 1426 445 699 1371 340 1624 2093 1969 1858 578 484 525 
1483 1765 865 755 409 890 1296 0 1202 939 1044 1230 1601 915 1302 1340 1722 314 1374 1011 1297 1074 1178 633 1163 854 717 731 1256 849 660 515 1419 938 552 817 1369 750 1364 434 1349 363 395 287 1114 1446 232 1204 1436 923 793 630 851 1276 1020 
890 766 292 1665 1421 1899 329 1238 0 1278 674 195 1010 297 2272 360 1178 894 394 782 883 1158 86 1208 1017 387 483 663 435 442 1000 1566 409 1030 1550 947 811 708 384 1039 858 1437 1460 1259 206 598 1204 70 1538 1930 1794 1683 339 410 310 
1547 1868 1015 1415 1158 1630 1360 976 1261 0 1095 1294 1665 967 2060 1404 1841 663 1438 1039 1332 1184 1237 311 1271 920 820 793 1320 914 493 1303 1483 1056 1287 798 1404 812 1428 575 1384 1174 1197 1016 1173 1510 961 1263 1564 1661 1531 1420 915 1340 1079 
708 1068 626 1551 1307 1779 714 1124 646 1149 0 587 768 459 2202 775 941 750 809 451 396 1003 722 1051 494 549 641 402 384 432 841 1452 521 852 1436 782 468 481 799 870 449 1323 1346 1145 638 575 1090 640 1218 1813 1680 1569 559 466 511 
763 968 518 1584 1340 1823 449 1157 367 1192 480 0 814 392 2202 510 1001 817 544 588 689 976 448 1097 823 482 574 469 255 365 831 1485 475 822 1469 752 617 548 534 912 664 1356 1379 1178 374 534 1123 366 1436 1847 1713 1602 492 230 271 
593 1450 1232 2286 2046 2505 1258 1849 1219 1851 888 1151 0 1065 2960 1217 168 1508 1240 979 489 809 1298 1771 668 1155 1273 1153 838 1054 1556 2109 883 878 2179 1337 417 1228 1326 1611 464 1974 2001 1876 1201 665 1821 1216 750 2536 2409 2220 1165 920 1084 
746 968 174 1474 1217 1689 542 1034 318 1029 469 421 797 0 2060 599 979 690 633 628 672 1011 316 971 812 97 253 469 454 177 751 1366 619 862 1346 792 600 443 560 780 647 1237 1260 1119 206 643 1064 320 1436 1720 1590 1483 107 468 156 
2540 2879 2052 900 884 1623 2404 1228 2365 2114 2190 2313 2653 2110 0 2443 2842 1492 2477 2179 2494 2263 2364 1820 2311 2051 1904 1916 2341 2046 1812 1724 2506 2138 725 1969 2454 1945 2462 1613 2501 1595 1618 1279 2300 2507 1282 2362 2605 1654 1524 1848 2055 2380 2211 
888 551 572 1726 1482 1977 181 1299 302 1349 631 169 976 543 2333 0 1144 969 46 739 840 1158 282 1242 987 633 725 620 406 516 985 1627 370 1030 1611 912 768 699 156 1059 815 1498 1521 1320 437 596 1265 296 1538 2008 1860 1744 619 381 422 
761 1594 1407 2371 2104 2563 1420 1905 1369 1893 980 1294 168 1240 2960 1361 0 1555 1384 1024 656 833 1448 1820 692 1330 1448 1200 1007 1229 1578 2167 1052 916 2237 1337 585 1275 1488 1658 632 2032 2059 1941 1344 833 1886 1366 774 2594 2467 2278 1340 1087 1251 
1224 1511 610 869 630 1139 1042 414 900 712 729 950 1342 610 1512 1086 1510 0 1120 711 979 764 876 406 853 557 461 434 963 552 437 712 1139 636 773 556 1051 453 1110 177 1031 560 592 460 812 1181 405 910 1293 1170 1018 827 554 982 717 
891 507 606 1774 1530 2003 215 1347 336 1377 665 203 1001 577 2385 46 1169 1011 0 773 874 1158 316 1282 1017 667 759 654 440 550 1032 1675 363 1030 1659 942 802 733 180 1108 849 1546 1569 1368 471 598 1313 330 1538 2034 1918 1792 653 415 456 
922 1288 850 1528 1284 1756 935 1101 850 1104 352 791 994 683 2132 983 1046 727 1017 0 474 884 930 1016 387 765 785 379 608 656 773 1429 745 756 1413 661 546 458 1007 847 527 1300 1323 1122 842 799 1067 844 1131 1787 1657 1546 783 690 716 
437 1274 874 1821 1571 2062 988 1388 912 1408 399 852 537 707 2419 1032 671 1033 1061 483 0 841 986 1311 304 797 889 678 632 680 1129 1716 727 713 1700 866 72 757 1056 1149 66 1587 1610 1409 897 509 1354 910 1100 2093 1969 1835 807 714 759 
1115 1755 1208 1584 1340 1823 1286 1157 1247 1218 1038 1220 846 1123 2202 1330 844 819 1364 945 797 0 1326 1097 576 1111 1034 804 1246 1033 833 1485 1409 220 1469 580 828 885 1354 912 859 1356 1379 1178 1263 1251 1123 1244 534 1847 1713 1602 1108 1266 1160 
922 715 336 1705 1461 1977 270 1278 108 1315 709 230 1044 341 2333 298 1212 942 332 817 923 1192 0 1252 1043 431 527 698 470 482 1036 1606 444 1064 1590 1013 846 748 322 1072 893 1477 1500 1299 250 633 1244 110 1572 2008 1849 1723 383 445 350 
1531 1868 943 1167 929 1462 1344 653 1230 306 1066 1278 1649 944 1773 1388 1823 403 1422 1039 1314 1158 1206 0 1207 885 789 762 1304 880 408 1001 1467 1030 1061 726 1386 781 1412 264 1366 851 883 751 1142 1494 696 1232 1538 1493 1363 1118 882 1324 1045 
643 1373 933 1717 1473 1977 1039 1290 971 1307 456 931 738 764 2333 1083 736 942 1117 377 275 598 1046 1215 0 854 960 572 689 737 985 1618 826 470 1602 679 309 651 1107 1044 328 1489 1512 1311 956 715 1256 965 735 2008 1849 1735 864 771 816 
854 1079 203 1415 1158 1630 648 976 424 966 577 527 955 108 2060 705 1123 628 739 726 780 1074 422 905 921 0 195 382 562 137 689 1303 727 930 1287 848 708 389 666 718 755 1174 1197 1016 312 751 961 426 1436 1661 1531 1420 102 574 262 
943 1159 236 1259 1054 1507 742 800 540 908 698 644 1028 263 2060 799 1196 460 833 738 911 1024 516 821 989 214 0 394 679 210 629 1081 848 868 1183 788 829 462 760 609 876 962 975 850 452 872 795 542 1436 1538 1408 1198 194 697 375 
1004 1295 588 1211 996 1462 821 765 715 771 464 694 1119 447 2060 882 1287 403 921 400 714 839 763 676 628 429 461 0 735 330 494 1026 877 711 1125 614 786 122 910 523 767 897 920 797 629 941 742 717 1316 1493 1363 1143 487 750 491 
531 816 521 1651 1407 1888 473 1224 391 1278 392 346 750 465 2272 534 923 909 568 677 625 1074 472 1184 735 555 663 558 0 454 931 1552 274 916 1536 841 553 637 558 1007 600 1423 1446 1245 377 333 1190 390 1436 1919 1780 1669 565 95 313 
765 1079 293 1415 1194 1666 579 1004 394 987 488 452 816 126 2060 640 1001 643 674 647 691 1050 442 920 831 157 214 323 473 0 705 1346 638 881 1323 811 619 279 664 734 666 1217 1240 1016 308 662 961 396 1436 1697 1567 1463 223 492 170 
1298 1577 875 1203 963 1462 1108 729 1069 466 889 1042 1416 831 2060 1152 1547 466 1186 808 1154 865 1104 457 959 778 682 549 1065 773 0 1026 1231 737 1092 334 1216 643 1176 420 1206 890 920 790 1040 1261 735 1066 1373 1493 1363 1143 775 1091 940 
1673 1979 1147 960 670 1162 1486 491 1447 1211 1334 1420 1791 1180 1538 1530 1966 586 1564 1292 1615 1342 1448 905 1432 1129 996 1019 1446 1124 938 0 1609 1214 813 1081 1591 1045 1554 706 1638 204 113 477 1384 1636 422 1444 1722 1193 1069 132 1126 1466 1289 
544 558 647 1860 1601 2076 478 1418 377 1457 597 270 832 652 2451 325 1001 1088 362 858 707 1244 453 1361 948 742 838 739 293 635 1101 1746 0 1116 1730 1036 635 818 456 1179 682 1617 1640 1439 512 251 1384 371 1528 2107 1988 1876 694 271 541 
979 1626 1078 1474 1226 1698 1157 1043 1118 1104 891 1091 955 1017 2132 1201 941 692 1235 812 670 221 1197 971 449 983 885 677 1115 914 706 1366 1274 0 1355 453 701 758 1225 782 732 1237 1260 1119 1134 1115 1064 1115 708 1729 1599 1483 981 1137 1024 
1871 2160 1363 550 181 923 1676 541 1637 1418 1524 1610 1987 1420 716 1720 2155 788 1754 1482 1814 1541 1675 1121 1631 1369 1207 1211 1636 1364 1113 979 1799 1413 0 1258 1781 1237 1744 912 1833 825 857 546 1611 1830 547 1634 2000 947 814 1095 1366 1656 1529 
1264 1555 991 1354 1121 1593 1086 884 1047 782 850 1020 1342 919 2060 1130 1348 604 1164 699 898 633 1126 722 702 893 797 589 1029 814 338 1249 1209 505 1250 0 972 670 1154 575 956 1120 1143 955 1043 1227 890 1044 1110 1624 1494 1366 890 1060 913 
365 1204 950 1890 1646 2118 1042 1463 965 1457 471 858 465 779 2500 967 633 1105 990 555 72 869 1044 1391 349 869 966 750 610 752 1178 1791 655 741 1775 942 0 829 1103 1224 47 1662 1685 1484 925 437 1429 962 1100 2149 2020 1908 879 690 831 
961 1241 535 1295 1054 1526 768 853 662 859 445 641 1054 394 2060 829 1222 491 863 443 695 850 710 764 691 376 424 122 682 277 582 1193 855 722 1183 652 767 0 853 611 748 1064 1087 885 576 896 830 664 1373 1557 1427 1310 434 697 438 
898 401 582 1751 1507 1989 127 1324 312 1349 641 179 976 553 2349 136 1144 983 170 749 850 1158 294 1252 994 643 735 630 416 526 994 1652 417 1030 1636 918 778 709 0 1072 825 1523 1546 1345 447 606 1290 306 1538 2020 1887 1769 629 391 432 
1364 1644 752 932 689 1176 1175 454 1094 577 890 1109 1482 779 1543 1219 1611 174 1253 880 1154 976 1071 271 1025 726 604 595 1133 721 445 771 1298 805 832 602 1226 614 1243 0 1206 619 651 519 984 1327 464 1096 1436 1207 1073 886 723 1155 886 
412 1247 929 1875 1631 2108 1039 1448 964 1436 451 931 512 759 2479 1023 680 1092 1046 535 66 900 1039 1370 356 849 944 730 657 732 1157 1776 702 772 1760 918 47 809 1107 1209 0 1647 1670 1469 954 484 1414 958 1100 2139 2016 1894 859 737 811 
1531 1868 943 747 472 970 1344 293 1273 1017 1108 1278 1649 981 1329 1388 1823 388 1422 1071 1364 1158 1249 707 1232 928 791 805 1304 928 734 220 1467 1030 615 891 1436 824 1412 508 1416 0 100 279 1185 1494 224 1275 1538 1001 856 335 925 1324 1093 
1574 1868 1030 832 557 1077 1387 378 1348 1104 1192 1321 1692 1065 1433 1431 1879 473 1465 1167 1473 1244 1333 792 1328 1014 876 890 1347 1009 819 120 1510 1116 700 977 1492 912 1455 593 1525 91 0 364 1269 1537 309 1345 1624 1108 949 235 1011 1367 1174 
1491 1773 881 541 475 970 1304 212 1215 960 1055 1238 1609 924 1232 1348 1749 330 1382 1036 1297 1081 1191 649 1194 870 733 747 1264 865 676 578 1427 953 546 833 1369 766 1372 450 1349 426 458 0 1127 1454 55 1217 1463 1001 859 693 867 1284 1034 
843 906 231 1625 1381 1870 438 1194 179 1218 632 283 976 217 2229 498 1144 833 532 740 841 1158 265 1150 987 307 422 621 374 308 932 1526 497 1030 1510 912 769 574 523 970 816 1397 1420 1219 0 653 1164 181 1538 1901 1754 1643 278 368 176 
328 808 813 1874 1624 2108 681 1441 580 1472 588 473 660 646 2474 575 828 1111 612 882 516 1276 656 1384 762 736 828 763 352 619 1129 1769 266 1148 1753 1055 444 842 706 1202 491 1640 1663 1462 677 0 1407 574 1361 2139 2003 1894 746 370 618 
1449 1731 826 542 431 923 1262 193 1158 900 998 1196 1567 868 1232 1306 1687 275 1340 973 1256 1050 1134 594 1127 815 678 692 1222 810 621 523 1385 894 547 778 1328 711 1330 395 1308 371 403 55 1070 1412 0 1160 1436 947 815 638 812 1242 979 
843 760 318 1690 1446 1977 297 1263 26 1307 627 148 976 323 2333 344 1144 929 378 735 836 1158 112 1237 982 413 509 616 388 400 979 1591 362 1030 1575 899 764 666 382 1054 811 1462 1485 1284 183 551 1229 0 1538 2008 1821 1708 365 363 268 
1205 2104 1632 2034 1766 2250 1628 1583 1589 1624 1196 1562 792 1465 2650 1672 790 1253 1706 1070 929 535 1668 1526 712 1555 1468 1243 1436 1454 1275 1919 1559 668 1933 1036 931 1322 1696 1344 963 1782 1811 1604 1605 1341 1549 1586 0 2281 2154 2030 1560 1518 1502 
2291 2567 1772 1629 950 51 2108 941 2069 1833 1939 2017 2404 1815 1790 2147 2572 1205 2181 1911 2238 1974 2080 1525 2063 1761 1616 1620 2045 1756 1523 1430 2231 1830 1078 1668 2205 1646 2166 1326 2252 1301 1324 1173 2016 2258 1118 2066 2327 0 521 1547 1758 2081 1929 
2230 2534 1727 1583 890 488 2075 884 2036 1783 1892 1984 2343 1767 1744 2114 2511 1160 2148 1873 2192 1962 2047 1480 2000 1716 1571 1575 2005 1711 1478 1394 2196 1780 1032 1623 2144 1601 2133 1281 2191 1265 1288 1128 1975 2197 1073 2033 2327 519 0 1511 1713 2043 1879 
1788 2096 1285 1062 787 1276 1601 608 1562 1339 1449 1535 1910 1310 1657 1645 2078 703 1679 1407 1730 1466 1578 1033 1556 1259 1122 1113 1561 1254 1033 132 1724 1338 945 1178 1706 1139 1669 823 1753 321 230 594 1514 1751 539 1559 2000 1307 1177 0 1256 1581 1419 
851 997 118 1415 1194 1666 567 976 365 972 574 469 955 105 2060 624 1123 619 658 733 777 1074 341 920 918 101 184 447 559 213 694 1303 683 938 1323 853 705 465 585 723 752 1174 1197 1016 277 748 961 367 1436 1697 1567 1420 0 569 259 
611 814 515 1635 1391 1870 448 1208 366 1278 474 311 832 456 2233 509 1001 881 543 652 707 1050 447 1158 817 546 638 533 95 429 895 1536 265 886 1520 816 635 612 533 971 682 1407 1430 1229 371 349 1174 365 1436 1901 1764 1653 556 0 331 
758 968 310 1584 1340 1823 464 1157 262 1149 500 337 828 162 2202 525 1001 806 559 626 703 1011 348 1084 843 252 377 486 319 168 868 1485 551 860 1469 790 631 434 549 897 678 1356 1379 1178 176 614 1123 264 1436 1847 1713 1602 262 330 0 
