15
15
3600
0
2564
1964
2664
1816
2395
2112
2476
2468
1935
1841
2469
2406
1868
1800
0 830 973 441 1031 373 791 955 958 838 427 814 1763 940 572 
684 0 661 653 1159 589 77 218 187 65 728 513 1413 609 397 
949 615 0 960 1096 889 576 570 685 623 1047 164 947 149 697 
423 1037 1299 0 1151 293 998 1161 1065 1015 95 1140 2106 1266 573 
1007 1158 1109 1165 0 1323 1119 1282 1226 1166 1151 944 1639 1076 1226 
373 831 1174 282 1325 0 792 957 872 823 357 1015 1959 1141 384 
607 159 656 576 1087 512 0 375 301 163 651 497 1388 623 320 
850 225 588 819 1325 755 243 0 260 251 894 556 1346 496 563 
849 184 736 818 1263 754 257 231 0 149 893 656 1488 648 494 
715 63 677 684 1172 620 108 244 149 0 759 518 1433 635 428 
409 1127 1322 95 1151 377 1088 1251 1168 1096 0 1163 2051 1289 657 
855 524 165 876 1031 812 485 478 608 532 953 0 941 132 620 
1787 1478 997 1808 1726 1743 1439 1400 1551 1486 1889 1042 0 900 1551 
983 607 106 1011 1135 945 590 500 685 633 1086 211 837 0 744 
516 486 835 485 1263 398 460 623 498 449 560 676 1597 802 0 
0 716 1010 441 1031 373 677 846 833 724 427 836 1900 983 512 
700 0 661 671 1292 607 77 218 187 65 746 524 1545 609 425 
949 618 0 1043 1263 987 579 570 721 626 1118 164 976 151 793 
426 704 1076 0 1151 293 665 834 821 712 95 898 1962 1049 500 
1021 1540 1345 1332 0 1376 1518 1510 1588 1543 1318 1181 1912 1302 1434 
373 696 1072 282 1398 0 657 826 813 704 357 890 1962 1045 384 
623 159 662 594 1197 530 0 377 301 163 669 513 1545 630 348 
866 225 569 837 1483 773 243 0 260 251 914 557 1480 496 591 
872 184 721 843 1421 779 257 231 0 149 924 666 1619 648 498 
731 63 678 702 1341 638 108 244 149 0 777 529 1560 635 446 
414 799 1159 95 1151 377 760 930 917 807 0 989 2090 1132 595 
877 540 171 978 1169 915 502 492 643 549 1052 0 957 139 730 
1948 1493 982 2033 1941 2043 1477 1449 1604 1503 2108 1049 0 895 1774 
968 607 87 1088 1292 1018 590 500 685 633 1163 192 854 0 821 
518 495 875 489 1393 398 483 652 498 449 564 716 1772 843 0 
0 1220 1415 497 1331 532 1187 1517 1358 1259 470 1232 2324 1464 740 
919 0 892 819 1601 778 219 308 211 88 924 767 1742 815 555 
1205 833 0 1182 1348 1161 779 763 905 849 1272 186 1208 154 931 
467 1323 1735 0 1331 368 1290 1620 1402 1362 146 1552 2431 1784 748 
1358 1563 1546 1408 0 1781 1530 1872 1641 1602 1361 1366 2110 1511 1642 
437 1155 1644 306 1695 0 1122 1434 1178 1183 419 1461 2529 1693 523 
731 198 822 647 1420 606 0 481 366 197 760 697 1667 792 383 
1094 314 699 983 1601 963 333 0 280 287 1068 608 1582 618 716 
1061 266 833 952 1661 918 373 258 0 199 1063 709 1681 752 663 
867 67 897 783 1546 742 188 309 194 0 896 772 1760 820 519 
425 1450 1713 123 1280 458 1417 1747 1506 1489 0 1530 2386 1762 871 
1137 750 198 1099 1282 1078 696 680 820 766 1189 0 1195 215 844 
2199 1760 1224 2161 2055 2100 1727 1724 1840 1799 2243 1167 0 1039 1881 
1247 872 98 1249 1388 1228 818 753 911 888 1339 225 1073 0 996 
648 688 1258 564 1655 523 658 822 604 621 677 1075 2124 1307 0 
0 916 1244 522 1394 505 858 1114 1064 952 476 1079 2085 1247 697 
898 0 893 802 1446 725 150 283 245 84 906 720 1649 871 547 
1164 717 0 1121 1338 1005 669 698 811 757 1255 174 1129 165 818 
519 821 1170 0 1501 348 773 1002 1000 861 103 1005 2009 1173 612 
1407 1377 1342 1485 0 1660 1327 1576 1468 1403 1454 1158 1903 1345 1503 
557 877 1244 375 1778 0 829 1082 1031 937 478 1079 2085 1247 657 
748 188 743 652 1338 575 0 470 433 221 755 570 1538 794 397 
1079 267 821 1046 1643 923 348 0 279 293 1180 716 1609 757 745 
1048 281 946 992 1540 885 388 264 0 216 1133 784 1689 905 657 
891 73 886 795 1446 718 174 336 242 0 898 713 1664 933 540 
474 944 1285 118 1501 399 888 1138 1091 976 0 1120 2149 1288 727 
1079 635 184 1046 1210 915 587 596 709 675 1180 0 1078 235 736 
2020 1584 1111 1988 1906 1873 1534 1629 1675 1610 2099 1072 0 1021 1710 
1191 777 124 1178 1384 1062 729 758 871 817 1312 234 1017 0 878 
714 636 993 618 1535 541 588 809 741 676 721 810 1805 992 0 
0 1192 1211 518 1316 511 1125 1330 1197 1144 504 1033 2025 1201 865 
792 0 842 731 1301 639 77 327 308 87 897 624 1652 852 461 
1097 718 0 1033 1221 945 630 748 792 704 1108 164 1147 173 759 
505 1324 1569 0 1408 365 1257 1462 1427 1332 166 1391 2308 1559 819 
1413 1426 1364 1511 0 1643 1359 1564 1465 1412 1478 1179 1902 1354 1471 
494 1109 1389 366 1766 0 1042 1247 1197 1117 532 1211 2235 1379 601 
715 233 765 654 1256 562 0 520 401 209 820 547 1586 775 384 
1110 366 851 1065 1612 952 389 0 359 429 1140 724 1676 875 773 
1016 263 946 943 1476 855 340 326 0 300 1052 789 1739 954 677 
831 81 881 770 1348 678 116 382 247 0 914 663 1676 891 500 
482 1436 1559 126 1384 491 1369 1574 1539 1444 0 1381 2235 1549 955 
1029 641 224 943 1145 860 553 656 715 627 1052 0 1120 234 682 
2114 1690 1172 2006 1955 1934 1623 1607 1729 1676 2086 1127 0 1057 1735 
1167 775 127 1091 1264 1020 687 805 849 761 1166 221 1037 0 816 
620 626 969 559 1443 467 538 804 717 612 725 748 1763 953 0 
0 891 1193 525 1297 536 827 1070 1027 935 490 1015 2059 1195 617 
859 0 797 805 1397 812 148 281 309 81 937 703 1564 797 519 
1173 730 0 1091 1255 1040 666 748 806 761 1201 223 1120 173 789 
518 851 1193 0 1400 393 787 1038 988 906 155 1015 2059 1195 577 
1403 1373 1389 1462 0 1675 1332 1552 1442 1410 1430 1205 2002 1391 1440 
480 878 1218 347 1728 0 814 1059 1014 922 502 1040 2084 1220 581 
714 198 724 660 1255 667 0 465 407 203 815 564 1531 706 374 
1086 324 779 1025 1596 975 340 0 342 348 1135 685 1540 779 714 
1106 319 846 1043 1596 1010 416 255 0 276 1153 752 1629 846 651 
855 80 845 801 1397 808 169 361 288 0 931 705 1629 845 515 
483 980 1335 143 1368 535 928 1177 1148 1027 0 1157 2186 1337 720 
1086 651 184 1025 1177 975 587 621 727 682 1135 0 1013 166 710 
2014 1579 1173 1970 1901 1895 1522 1539 1654 1614 2088 1072 0 1014 1652 
1228 805 129 1169 1341 1101 741 732 881 836 1279 298 934 0 864 
653 660 1007 599 1564 606 598 826 654 643 754 837 1841 1009 0 
0 791 1192 542 1366 438 760 949 954 830 495 1015 2064 1178 623 
768 0 759 756 1370 666 120 228 265 65 875 669 1638 807 490 
1063 663 0 1023 1255 945 632 608 737 702 1112 171 1170 160 764 
451 747 1141 0 1412 337 716 896 899 786 119 964 2060 1127 579 
1327 1343 1294 1437 0 1624 1317 1479 1430 1354 1401 1107 1904 1280 1466 
495 810 1192 341 1737 0 779 961 968 849 460 1015 2091 1178 537 
648 163 727 636 1255 546 0 391 366 199 755 549 1549 698 370 
999 297 778 986 1606 915 355 0 273 290 1065 690 1547 764 725 
977 274 878 952 1516 863 357 234 0 253 1055 790 1783 897 640 
803 70 819 791 1407 701 155 288 222 0 919 700 1696 849 525 
477 896 1288 149 1363 412 865 1043 1057 945 0 1111 2134 1274 728 
977 594 184 968 1192 871 563 524 668 633 1055 0 1108 155 695 
2021 1582 1075 1964 1931 1890 1552 1525 1669 1593 2050 1096 0 980 1705 
1115 714 108 1069 1349 1002 683 659 788 753 1158 222 1008 0 815 
577 582 993 565 1485 475 551 731 619 613 684 786 1808 974 0 
0 889 1209 570 1302 486 816 989 1003 879 663 1015 2114 1239 650 
811 0 819 753 1308 701 90 294 258 72 892 646 1649 802 493 
1154 750 0 1088 1226 1035 677 745 778 740 1193 196 1092 161 817 
483 824 1164 0 1495 340 751 916 937 814 139 970 2065 1194 585 
1355 1339 1374 1368 0 1637 1299 1519 1425 1362 1333 1164 1937 1404 1449 
467 871 1209 329 1687 0 798 973 990 861 454 1015 2114 1239 551 
721 202 729 663 1210 611 0 412 374 192 802 556 1575 712 403 
1078 253 722 988 1552 959 318 0 268 270 1093 682 1589 653 721 
1002 238 864 952 1464 893 313 253 0 211 1057 805 1725 844 607 
849 98 847 791 1347 739 128 318 200 0 935 684 1689 840 531 
467 930 1300 141 1438 417 884 1080 1084 945 0 1106 2227 1330 718 
1064 670 189 1007 1136 959 597 648 698 660 1112 0 1092 172 737 
2007 1612 1107 1954 1887 1907 1572 1559 1698 1635 2077 1107 0 999 1722 
1225 785 115 1141 1272 1081 735 633 827 798 1246 254 1011 0 875 
641 650 993 583 1464 531 577 742 640 640 722 799 1881 1017 0 
0 1122 1193 514 1407 586 1073 1250 1273 1149 479 1015 2055 1196 748 
819 0 851 782 1428 725 145 264 282 76 914 688 1758 878 531 
1128 737 0 1068 1309 983 664 715 782 734 1157 261 1140 227 806 
503 1294 1626 0 1531 373 1245 1422 1427 1321 133 1448 2478 1629 773 
1403 1372 1363 1392 0 1629 1323 1500 1438 1399 1356 1179 1982 1327 1430 
453 1097 1444 364 1778 0 1048 1225 1222 1124 495 1266 2315 1447 578 
674 190 720 637 1309 580 0 454 373 189 768 543 1612 750 386 
1012 261 756 952 1575 887 307 0 261 321 1065 681 1589 752 693 
1068 298 874 968 1575 923 344 254 0 269 1070 799 1794 895 647 
834 73 880 797 1430 740 160 337 216 0 929 703 1794 905 546 
508 1423 1618 114 1490 487 1374 1551 1565 1450 0 1440 2465 1621 887 
1060 672 183 985 1226 945 599 627 717 669 1076 0 1098 213 741 
2040 1612 1149 1981 1934 1899 1570 1522 1685 1639 2119 1100 0 1019 1707 
1182 793 134 1123 1351 1042 720 698 838 790 1212 317 1020 0 862 
620 651 993 583 1520 526 582 780 644 645 714 794 1858 994 0 
0 1197 1265 581 1480 570 1195 1369 1335 1222 519 1097 2203 1319 795 
895 0 831 776 1532 741 140 270 277 83 867 727 1715 869 516 
1147 734 0 1071 1397 992 696 628 816 768 1149 170 1237 187 801 
513 1283 1632 0 1480 351 1281 1455 1467 1308 108 1464 2444 1686 796 
1363 1533 1416 1401 0 1757 1531 1633 1649 1558 1368 1233 1984 1425 1626 
477 1098 1551 314 1770 0 1096 1270 1242 1123 405 1383 2444 1605 608 
755 187 768 636 1397 601 0 455 336 193 727 590 1621 762 376 
998 288 716 918 1652 877 276 0 285 306 989 612 1536 754 652 
1079 304 827 968 1655 923 355 250 0 241 1047 723 1686 865 617 
925 109 881 797 1555 762 199 320 215 0 888 751 1784 945 537 
469 1379 1601 146 1458 497 1377 1551 1575 1404 0 1433 2374 1655 939 
1079 642 184 1000 1253 945 604 525 713 676 1078 0 1143 178 728 
2147 1626 1147 2154 1999 2089 1577 1524 1692 1651 2267 1124 0 1031 1887 
1233 815 141 1162 1477 1085 777 709 897 849 1240 251 1127 0 882 
681 631 1031 562 1655 527 593 773 687 665 653 848 1977 1085 0 
0 842 1256 535 1278 448 861 970 1058 882 545 1072 2277 1284 564 
968 0 838 908 1581 814 184 234 240 77 989 779 1757 864 635 
1289 818 0 1335 1347 1268 843 760 948 863 1410 263 1279 189 1094 
495 823 1248 0 1342 320 842 952 1034 863 110 1064 2272 1276 545 
1386 1590 1407 1440 0 1708 1646 1709 1656 1595 1369 1223 2244 1435 1720 
508 885 1298 305 1689 0 912 1007 1089 926 385 1114 2335 1326 570 
838 185 852 775 1450 685 0 419 376 205 855 727 1859 905 506 
1220 273 746 1137 1621 1070 398 0 276 286 1212 687 1534 720 851 
1048 287 854 983 1581 894 453 236 0 238 1058 795 1733 869 641 
968 70 878 908 1526 815 215 268 222 0 989 819 1816 905 598 
476 936 1364 105 1323 425 1005 1045 1149 971 0 1180 2389 1392 650 
1188 730 187 1271 1278 1204 755 672 857 775 1346 0 1270 176 985 
2296 1776 1174 2426 2167 2359 1794 1581 1831 1776 2504 1169 0 1028 2074 
1377 890 159 1419 1440 1352 974 752 956 931 1494 368 1220 0 1180 
623 661 1060 560 1543 470 680 783 669 632 640 862 2073 1088 0 
0 782 1197 443 1251 377 770 886 925 802 429 1020 2144 1146 571 
1067 0 747 1054 1619 923 176 218 187 65 1124 668 1712 759 525 
1315 700 0 1390 1405 1315 718 633 803 726 1460 209 1196 247 1104 
428 771 1197 0 1278 300 759 875 911 791 95 1020 2144 1146 560 
1133 1512 1285 1344 0 1494 1484 1487 1634 1516 1330 1102 2080 1234 1669 
446 787 1197 320 1582 0 775 891 931 807 377 1020 2144 1146 494 
944 186 755 928 1486 795 0 404 330 180 1047 649 1736 799 460 
1166 246 679 1145 1662 1070 288 0 260 263 1215 642 1503 637 727 
1124 204 822 1103 1638 981 331 231 0 178 1173 749 1712 780 529 
1057 70 773 1054 1585 915 178 244 197 0 1124 694 1712 785 517 
414 866 1357 95 1241 377 854 972 1039 886 0 1180 2304 1306 655 
1208 597 195 1332 1304 1257 615 552 700 623 1402 0 1112 237 1002 
2236 1649 1114 2210 2096 2146 1621 1526 1711 1653 2285 1163 0 980 1952 
1380 661 129 1430 1486 1355 679 559 741 687 1500 283 1053 0 1165 
702 584 1007 674 1619 458 572 688 551 558 731 824 1982 956 0 
0 854 1064 464 1059 396 815 982 996 862 450 895 1853 1032 572 
746 0 673 716 1196 652 77 218 187 65 791 553 1473 609 439 
968 632 0 1180 1119 1136 593 586 737 640 1255 164 1017 149 871 
423 1037 1336 0 1184 293 998 1161 1065 1045 95 1175 2132 1304 573 
1016 1260 1188 1304 0 1333 1221 1384 1339 1268 1290 1021 1694 1156 1334 
399 843 1192 282 1443 0 804 972 872 839 357 1031 1968 1160 384 
669 159 674 639 1119 575 0 375 301 163 714 533 1471 630 362 
922 225 573 891 1386 827 252 0 260 251 989 567 1390 496 614 
911 184 725 876 1319 812 257 231 0 149 953 679 1530 648 497 
777 63 690 747 1235 683 108 244 149 0 822 558 1504 635 464 
409 1127 1383 95 1151 377 1088 1251 1187 1127 0 1222 2199 1351 657 
891 540 164 1097 1041 1052 501 494 645 548 1172 0 1002 132 798 
1907 1513 996 1911 1735 1873 1474 1435 1618 1521 1986 1060 0 924 1623 
1007 607 91 1251 1151 1207 592 500 685 633 1326 196 934 0 907 
544 511 858 514 1294 441 474 637 498 465 589 700 1622 826 0 
0 703 972 443 1096 399 664 827 838 711 429 814 1781 940 503 
686 0 661 657 1188 593 77 218 187 65 732 513 1478 609 399 
968 616 0 978 1114 915 577 570 707 624 1047 164 963 149 714 
423 692 1040 0 1151 293 653 816 827 700 95 872 1800 1008 492 
1080 1227 1172 1165 0 1406 1188 1351 1308 1235 1151 1008 1701 1140 1324 
381 708 1057 282 1367 0 669 832 843 716 357 888 1822 1025 384 
609 159 660 580 1105 516 0 375 301 163 655 502 1445 628 322 
852 225 569 823 1331 759 243 0 260 251 898 557 1391 496 565 
855 184 721 826 1286 762 257 231 0 149 906 656 1533 648 494 
717 63 676 688 1196 624 108 244 149 0 763 518 1485 635 430 
409 787 1128 95 1151 377 748 912 922 795 0 970 1942 1096 587 
884 524 164 895 1031 831 485 478 629 532 989 0 953 132 637 
1787 1424 961 1860 1691 1789 1400 1376 1527 1447 1947 1008 0 878 1610 
995 607 87 1011 1143 945 590 500 685 633 1086 192 848 0 742 
516 507 845 487 1286 398 468 631 498 480 562 687 1643 813 0 
0 697 972 441 1031 373 658 821 820 705 427 814 1748 940 511 
688 0 667 657 1258 593 77 218 203 65 732 513 1433 609 417 
968 615 0 978 1195 915 576 570 696 623 1047 164 957 149 732 
426 685 1025 0 1151 293 646 809 808 693 95 864 1775 993 499 
1013 1171 1137 1304 0 1329 1132 1295 1214 1164 1290 979 1630 1105 1252 
373 677 1025 282 1325 0 638 801 800 685 357 856 1774 993 384 
611 159 657 580 1187 516 0 375 301 163 655 499 1421 625 340 
854 225 569 823 1438 759 243 0 260 251 898 556 1379 496 583 
858 184 721 827 1379 763 257 231 0 149 906 656 1521 648 495 
719 63 676 688 1282 624 108 244 149 0 763 518 1446 635 446 
414 780 1122 95 1151 377 741 905 905 788 0 964 1907 1090 594 
883 524 164 895 1113 831 485 478 619 532 989 0 953 132 655 
1779 1404 947 1769 1684 1705 1365 1358 1501 1412 1846 990 0 864 1539 
995 607 87 1011 1227 945 590 500 685 633 1086 192 851 0 760 
516 486 840 485 1361 398 464 627 498 449 560 682 1595 808 0 
