13
15
3600
0
2564
1964
2664
1816
2395
2112
2476
2468
1935
1841
2469
2406
0 1120 1120 842 1189 803 1281 738 847 1071 1285 1296 625 
1155 0 670 372 666 757 898 725 851 982 1250 1199 747 
1092 677 0 543 426 981 572 531 525 1283 1448 1498 685 
885 391 596 0 694 580 824 530 777 875 1072 1085 484 
1196 668 439 696 0 1083 862 684 815 1395 1550 1610 789 
814 781 1016 596 1087 0 1299 792 1155 694 526 905 603 
1278 1266 648 1132 950 1524 0 768 496 1859 2017 2066 1131 
751 732 573 545 667 739 789 0 370 1040 1215 1261 385 
846 996 559 807 849 1117 526 384 0 1434 1584 1649 712 
1196 1063 1322 930 1401 780 1550 1123 1458 0 1250 634 884 
1315 1202 1434 1016 1513 508 1662 1212 1572 1104 0 1319 1010 
1280 1142 1388 986 1467 847 1616 1198 1532 430 1332 0 949 
606 695 694 470 762 587 954 381 709 831 1072 1048 0 
0 1328 1336 1072 1529 840 1343 886 898 1280 1369 1496 670 
1385 0 698 372 682 791 916 730 869 1055 1327 1240 731 
1307 706 0 553 426 1061 576 531 529 1354 1590 1570 656 
1105 391 624 0 741 619 842 550 795 915 1153 1136 501 
1474 703 439 758 0 1225 866 684 819 1556 1754 1772 835 
838 798 1137 613 1241 0 1374 832 1222 774 529 993 658 
1278 957 648 803 889 1280 0 768 496 1611 1812 1832 953 
890 795 614 551 701 789 789 0 370 1096 1327 1333 431 
915 880 559 727 813 1150 526 384 0 1465 1679 1681 758 
1408 1076 1512 937 1610 784 1749 1249 1545 0 1327 634 987 
1443 1217 1610 1050 1718 508 1854 1357 1653 1201 0 1417 1077 
1500 1160 1603 1031 1713 876 1854 1352 1648 458 1441 0 1068 
745 920 924 602 1015 664 1156 534 839 962 1203 1183 0 
0 1739 1540 1336 1705 955 1606 1052 1257 1455 1464 1677 807 
1417 0 855 438 815 826 1123 1060 1093 1184 1449 1406 953 
1475 989 0 782 486 1395 649 798 670 1713 1992 1956 819 
1293 519 773 0 1042 706 1002 769 998 1071 1318 1301 665 
1585 807 485 921 0 1481 1002 1055 998 1799 2070 2046 953 
1042 1131 1332 808 1495 0 1609 1009 1557 784 677 1009 756 
1516 1736 758 1436 1095 1970 0 874 546 2329 2521 2566 1379 
1124 1285 861 865 1042 1200 1058 0 535 1555 1810 1777 585 
1217 1587 683 1241 1010 1544 643 493 0 1885 2120 2135 997 
1430 1503 1601 1146 1766 842 1877 1333 1855 0 1449 761 1082 
1423 1786 1812 1370 1973 745 2059 1539 2045 1327 0 1549 1356 
1573 1625 1754 1317 1940 995 2011 1486 1972 611 1600 0 1289 
760 1232 1056 767 1230 766 1377 535 1012 1112 1393 1355 0 
0 1528 1377 1140 1510 967 1630 1066 1227 1324 1542 1543 818 
1482 0 912 625 809 996 1155 1032 1153 1339 1580 1558 953 
1309 882 0 648 557 1143 661 675 707 1456 1727 1675 723 
1199 597 714 0 898 711 960 718 957 1062 1282 1291 585 
1562 920 524 973 0 1411 1085 982 1068 1753 1961 1977 1004 
891 1032 1174 695 1312 0 1427 960 1394 780 672 982 662 
1552 1204 766 923 1134 1394 0 935 595 1743 1955 1977 1004 
1079 1062 767 744 1031 888 1003 0 567 1226 1495 1445 523 
1221 1195 749 900 1126 1394 638 541 0 1743 1955 1977 980 
1398 1344 1490 1053 1623 826 1743 1334 1710 0 1419 727 953 
1740 1759 1783 1417 1934 711 2069 1620 2006 1483 0 1702 1323 
1454 1448 1549 1134 1682 887 1816 1387 1769 511 1495 0 1017 
802 920 837 630 974 685 1085 511 964 951 1262 1199 0 
0 1446 1324 1137 1530 951 1526 1009 1254 1342 1447 1587 770 
1485 0 962 601 965 1016 1201 1134 1195 1342 1578 1587 1011 
1252 957 0 671 601 1065 639 731 618 1392 1627 1637 703 
1192 671 744 0 953 696 1030 733 992 1081 1266 1357 636 
1500 957 503 957 0 1324 1030 982 996 1628 1922 1875 953 
1065 1055 1172 735 1343 0 1346 938 1323 808 641 1040 714 
1583 1652 811 1439 1311 1785 0 1013 571 2123 2372 2344 1439 
1018 1087 755 718 1058 872 1030 0 505 1231 1436 1476 524 
1139 1446 753 1037 1269 1342 655 519 0 1652 1939 1900 939 
1337 1378 1454 1024 1662 834 1656 1271 1633 0 1400 711 1010 
1510 1504 1628 1165 1846 608 1861 1444 1816 1296 0 1541 1140 
1449 1462 1564 1129 1772 986 1766 1408 1743 540 1548 0 1077 
745 978 768 612 965 679 1042 519 925 1050 1255 1303 0 
0 1441 1370 1163 1583 1029 1620 1147 1199 1324 1630 1539 771 
1438 0 863 567 980 928 1139 1041 1150 1251 1544 1466 890 
1298 935 0 669 614 1093 651 673 644 1442 1694 1657 738 
1164 646 655 0 980 627 958 749 922 942 1245 1189 620 
1571 1023 601 956 0 1388 1139 1010 1138 1735 2003 1966 1016 
877 1030 1175 746 1405 0 1440 995 1418 798 639 1040 688 
1519 1181 748 944 1156 1413 0 974 590 1760 2044 1989 1024 
981 1011 733 685 1047 813 1033 0 558 1148 1442 1363 475 
1152 1139 713 929 1131 1321 665 565 0 1668 1931 1896 894 
1391 1329 1481 1081 1694 856 1746 1290 1724 0 1471 712 970 
1481 1440 1635 1194 1892 647 1945 1435 1883 1312 0 1527 1160 
1496 1401 1553 1155 1766 940 1892 1371 1796 530 1544 0 1063 
746 940 803 604 1068 663 1088 562 955 929 1285 1169 0 
0 1239 1240 1036 1507 821 1460 1003 1089 1212 1396 1441 713 
1349 0 836 546 745 925 1079 1058 1052 1157 1483 1386 870 
1220 784 0 703 536 1129 672 715 588 1411 1667 1640 738 
1109 504 704 0 865 653 973 755 886 989 1229 1207 612 
1463 794 546 987 0 1363 1062 949 988 1651 1943 1919 982 
826 846 1101 696 1319 0 1321 990 1310 751 612 988 668 
1463 1008 736 922 1088 1346 0 949 512 1651 1943 1919 971 
983 880 725 668 958 837 983 0 567 1159 1388 1388 501 
1109 976 672 898 1061 1313 616 499 0 1601 1876 1834 918 
1299 1165 1389 991 1652 807 1609 1272 1598 0 1368 687 939 
1331 1385 1595 1160 1890 695 1816 1447 1811 1291 0 1538 1163 
1383 1306 1501 1093 1764 930 1721 1357 1710 499 1483 0 1035 
733 769 765 586 877 591 1019 622 940 870 1196 1126 0 
0 1354 1294 1122 1474 991 1550 1033 1188 1316 1539 1540 734 
1359 0 819 456 814 907 1097 992 1093 1290 1461 1514 831 
1202 759 0 672 587 1094 639 687 603 1529 1642 1753 703 
1101 496 764 0 964 640 1063 750 1002 997 1208 1236 604 
1475 805 526 915 0 1287 1063 1066 1062 1748 1848 1980 953 
1019 948 1144 719 1303 0 1400 913 1364 806 650 1019 660 
1494 1039 726 930 1119 1337 0 943 536 1798 1923 2024 972 
953 898 688 714 1036 846 974 0 511 1250 1419 1474 523 
1090 1021 706 915 1098 1317 646 563 0 1778 1884 2012 969 
1306 1262 1446 1068 1626 813 1702 1292 1666 0 1367 723 953 
1445 1467 1660 1201 1830 689 1928 1469 1874 1355 0 1579 1190 
1460 1396 1572 1162 1752 991 1854 1394 1792 577 1539 0 1059 
716 802 805 626 1041 666 1097 579 1055 997 1243 1236 0 
0 1328 1302 1125 1466 870 1570 1035 1222 1336 1362 1539 739 
1365 0 810 436 767 920 1053 976 1048 1226 1483 1429 825 
1254 809 0 707 550 1089 658 670 595 1468 1637 1671 728 
1134 497 754 0 894 712 973 702 956 1077 1261 1288 596 
1497 791 554 957 0 1314 1092 1002 1077 1676 1871 1891 953 
1038 920 1157 680 1304 0 1425 933 1399 809 655 1005 664 
1675 1569 817 1439 1213 1891 0 1089 576 2254 2463 2426 1498 
1038 954 735 710 969 857 954 0 473 1226 1409 1429 523 
1192 1291 689 1098 1089 1315 713 557 0 1705 1871 1921 939 
1365 1261 1466 1051 1647 835 1734 1324 1708 0 1380 699 972 
1491 1403 1618 1241 1799 627 1896 1469 1848 1336 0 1539 1174 
1432 1313 1557 1142 1738 920 1867 1421 1799 547 1483 0 1045 
780 854 845 630 1029 677 1092 506 897 1041 1231 1244 0 
0 1362 1329 1177 1571 954 1475 1086 1194 1345 1424 1586 737 
1392 0 769 507 807 865 1023 986 998 1226 1426 1467 829 
1359 829 0 735 556 1198 651 712 682 1595 1754 1848 797 
1194 468 750 0 1046 698 999 774 979 1062 1265 1310 622 
1583 930 554 1009 0 1444 1067 1052 1060 1863 2001 2124 1027 
888 858 1153 726 1401 0 1415 978 1400 819 606 1046 684 
1542 1570 786 1473 1119 1895 0 991 596 2392 2464 2646 1459 
1046 1022 801 761 1092 873 973 0 517 1226 1426 1467 519 
1223 1410 687 1171 1032 1401 652 554 0 1798 1958 2081 975 
1392 1215 1556 1075 1798 833 1854 1307 1762 0 1399 741 1002 
1550 1382 1748 1246 2040 645 2072 1499 1982 1341 0 1582 1204 
1508 1363 1679 1227 1968 950 1976 1430 1886 551 1500 0 1095 
760 849 821 670 1087 683 1067 608 1027 983 1254 1238 0 
0 1479 1569 1144 1726 1040 1479 1019 1213 1561 1362 1816 709 
1531 0 967 455 818 1014 1225 1183 1239 1190 1596 1438 1051 
1391 804 0 683 519 1417 596 698 605 1686 2034 1961 792 
1215 481 749 0 1000 821 1002 748 1017 1323 1402 1571 660 
1784 857 516 1022 0 1784 997 1046 1005 1956 2396 2280 1181 
1019 993 1493 838 1608 0 1753 1127 1540 943 600 1138 797 
1525 1067 690 957 1024 1687 0 967 570 1978 2326 2283 1072 
998 957 690 732 991 1014 954 0 513 1398 1596 1646 548 
1138 1011 630 884 957 1620 606 524 0 1918 2240 2213 996 
1593 1212 1835 1226 2014 839 2127 1566 1991 0 1422 714 1180 
1432 1440 1974 1276 2086 609 2294 1733 2142 1390 0 1638 1325 
1721 1360 1940 1315 2122 1014 2293 1661 2081 561 1596 0 1325 
779 1086 1106 734 1258 760 1366 631 1090 1252 1366 1500 0 
0 1380 1588 1148 1742 962 1421 1039 1079 1549 1369 1906 743 
1505 0 835 395 800 1067 1215 1068 1168 1145 1544 1490 1010 
1404 730 0 609 445 1241 730 764 689 1573 1718 1906 810 
1221 403 697 0 867 889 1125 815 1030 1145 1380 1490 655 
1612 763 480 896 0 1553 1019 1051 981 1815 2151 2109 1076 
891 898 1390 749 1512 0 1646 1187 1514 846 650 1192 782 
1378 1001 701 876 950 1561 0 991 557 1882 2156 2168 1076 
952 843 660 644 803 1045 954 0 421 1308 1522 1653 501 
1064 920 613 795 864 1431 587 501 0 1756 1921 2048 975 
1510 1135 1778 1167 1812 995 2034 1611 1923 0 1472 676 1192 
1327 1323 1800 1167 1915 665 2060 1654 1982 1356 0 1701 1316 
1624 1239 1874 1237 1915 1059 2135 1673 2003 481 1536 0 1316 
720 993 1098 670 1205 748 1389 714 967 1252 1260 1597 0 
0 1245 1329 981 1407 856 1306 861 918 1194 1318 1462 673 
1196 0 720 395 666 805 973 751 928 1071 1305 1343 736 
1135 689 0 560 444 1051 599 531 554 1327 1518 1595 651 
1013 391 645 0 751 622 895 581 835 995 1117 1226 544 
1248 676 439 727 0 1138 891 734 846 1455 1605 1723 778 
871 818 1216 633 1296 0 1470 886 1245 807 526 978 639 
1299 1292 655 1163 950 1555 0 775 503 1899 2029 2088 1246 
839 756 580 563 667 830 789 0 370 1170 1305 1438 464 
945 1018 559 825 849 1191 526 384 0 1532 1658 1800 830 
1196 1049 1403 937 1481 767 1657 1142 1512 0 1250 658 880 
1400 1336 1622 1173 1700 597 1883 1448 1798 1274 0 1542 1127 
1331 1185 1491 1083 1569 898 1745 1317 1681 535 1375 0 1007 
658 856 875 531 942 627 1125 500 799 961 1117 1170 0 
0 1181 1198 891 1258 815 1281 863 876 1128 1299 1336 679 
1155 0 672 382 673 864 916 743 853 982 1346 1192 699 
1107 685 0 551 426 1053 574 540 525 1270 1532 1478 643 
896 391 598 0 717 655 828 549 779 894 1157 1109 509 
1248 668 439 718 0 1142 864 692 815 1380 1621 1588 765 
823 812 1069 627 1161 0 1299 842 1214 719 625 930 611 
1278 941 648 804 881 1259 0 790 496 1524 1738 1732 896 
843 786 664 546 758 814 791 0 370 1049 1299 1254 446 
915 864 562 730 807 1142 552 405 0 1407 1621 1615 749 
1174 1041 1356 887 1413 758 1572 1089 1449 0 1233 608 859 
1327 1324 1619 1141 1676 625 1854 1342 1702 1259 0 1467 1155 
1280 1128 1444 976 1501 846 1660 1198 1543 440 1319 0 947 
649 751 752 517 836 590 983 469 747 823 1128 1038 0 
0 1139 1143 842 1207 824 1287 805 875 1071 1305 1289 630 
1248 0 692 372 666 753 916 765 855 982 1219 1192 691 
1196 681 0 547 426 980 572 621 525 1247 1445 1455 633 
1013 391 618 0 718 576 828 530 781 865 1072 1081 459 
1332 706 439 755 0 1152 862 776 815 1412 1617 1620 798 
830 801 1074 616 1127 0 1299 815 1194 699 525 916 598 
1278 936 648 797 888 1227 0 768 496 1489 1692 1697 883 
829 739 582 546 667 736 804 0 447 1040 1203 1235 453 
853 855 559 721 812 1107 526 395 0 1386 1572 1594 759 
1280 1041 1322 890 1389 746 1550 1089 1459 0 1215 593 827 
1325 1243 1458 1035 1525 517 1686 1236 1606 1118 0 1326 1015 
1332 1128 1376 980 1443 834 1604 1198 1557 430 1305 0 942 
646 723 748 477 789 577 973 524 777 825 1072 1048 0 
