23
15
3600
0
1167
960
1381
1415
1320
1467
920
1381
1152
1451
1424
1060
1458
1210
1437
1475
1275
946
1166
1387
1385
1128
0 1162 311 547 803 655 696 1404 412 1032 1411 1472 437 531 253 971 1307 764 774 1443 706 1538 577 
1069 0 806 945 1361 1382 832 588 715 957 414 515 1084 1147 864 650 512 535 1332 773 765 801 941 
307 840 0 535 826 743 516 1200 202 809 1134 1195 557 619 85 723 1030 553 797 1142 526 1241 582 
521 1020 524 0 467 635 329 1336 412 890 1283 1344 341 416 487 814 1179 631 493 1334 531 1417 133 
940 1454 926 472 0 1124 758 1709 884 1278 1716 1777 768 843 889 1204 1612 1021 341 1719 889 1899 537 
641 1484 730 588 899 0 794 1739 836 1342 1746 1818 387 363 672 1262 1642 1060 869 1749 986 1899 613 
591 900 581 271 690 692 0 1217 406 771 1189 1250 409 473 557 695 1085 512 661 1205 359 1311 277 
1323 446 1056 1202 1604 1650 1094 0 975 1206 653 754 1352 1415 1114 896 808 781 1592 1019 1013 1040 1178 
412 794 202 412 816 850 314 1098 0 665 1067 1128 567 631 267 611 963 409 787 1104 324 1200 399 
1055 1008 843 923 1345 1358 813 1310 705 0 1276 1337 1060 1123 914 624 1172 602 1316 1314 731 1403 924 
1402 414 1152 1278 1694 1726 1170 683 1054 1279 0 169 1428 1491 1210 984 251 867 1668 1091 1103 1122 1268 
1517 528 1256 1399 1817 1870 1291 767 1169 1390 182 0 1549 1612 1314 1098 330 985 1789 1180 1218 1208 1384 
446 1121 523 251 562 484 457 1369 502 1010 1370 1431 0 239 478 918 1266 715 483 1406 608 1494 276 
498 1231 587 373 684 433 579 1486 624 1117 1493 1554 172 0 529 1042 1389 837 510 1528 730 1620 398 
249 900 83 513 769 685 560 1217 266 874 1189 1250 499 561 0 783 1085 618 740 1198 570 1311 543 
910 669 697 804 1206 1257 718 988 559 615 932 994 943 1022 762 0 824 249 1214 972 651 1061 774 
1303 555 1047 1202 1604 1650 1094 896 955 1206 230 291 1352 1415 1105 890 0 775 1592 979 1013 999 1178 
781 596 571 651 1052 1103 550 900 433 563 855 918 789 853 636 249 751 0 1043 887 483 999 621 
793 1460 796 504 341 934 779 1715 775 1342 1722 1783 486 512 759 1238 1618 1036 0 1725 930 1899 598 
1385 706 1124 1278 1678 1726 1170 1058 1037 1278 991 1052 1428 1491 1182 963 883 856 1668 0 1095 429 1252 
705 819 524 444 840 865 305 1139 322 728 1080 1141 582 646 570 636 976 434 834 1128 0 1208 414 
1485 734 1214 1368 1778 1820 1260 1058 1137 1383 1047 1108 1518 1581 1272 1056 963 948 1758 429 1187 0 1352 
574 978 570 130 528 675 331 1284 452 847 1265 1326 392 456 540 771 1161 588 615 1283 509 1364 0 
0 1246 311 548 819 655 696 1568 412 1054 1515 1613 437 546 253 1020 1431 794 802 1614 744 1651 599 
1081 0 797 987 1437 1521 888 595 720 957 414 512 1243 1355 855 647 521 532 1558 823 877 883 941 
307 883 0 535 842 743 516 1279 202 840 1169 1229 557 634 85 724 1039 583 825 1204 564 1329 582 
550 1143 534 0 467 656 346 1453 440 957 1400 1498 341 462 501 845 1343 657 516 1496 580 1533 133 
796 1518 780 472 0 994 763 1866 759 1343 1787 1894 635 754 747 1246 1703 1054 341 1906 993 1928 537 
641 1681 730 715 1029 0 963 1888 836 1467 2057 2086 477 433 672 1428 1877 1217 945 2058 1160 2065 749 
735 1012 594 353 799 828 0 1341 406 803 1229 1289 542 634 601 711 1099 523 809 1335 395 1402 360 
1335 450 1047 1260 1712 1775 1179 0 975 1209 657 751 1525 1637 1105 895 815 780 1821 1125 1114 1082 1214 
412 838 202 412 832 859 314 1229 0 696 1111 1171 576 689 267 643 981 439 815 1153 362 1289 399 
1086 1168 863 987 1439 1528 893 1514 725 0 1461 1533 1243 1355 928 646 1343 630 1558 1514 798 1572 942 
1423 414 1201 1351 1806 1874 1270 683 1063 1282 0 166 1616 1728 1266 986 230 861 1902 1204 1222 1289 1305 
1544 528 1322 1473 1905 2012 1392 767 1184 1401 182 0 1738 1852 1387 1108 306 985 2002 1252 1341 1289 1427 
448 1281 538 280 583 485 503 1603 518 1094 1550 1648 0 266 480 1020 1466 808 483 1649 703 1686 314 
521 1458 610 436 739 448 659 1780 674 1247 1727 1828 198 0 552 1165 1643 966 511 1831 859 1906 470 
249 1012 83 514 785 685 560 1341 266 907 1229 1289 499 576 0 784 1099 648 768 1288 608 1402 565 
940 744 712 835 1290 1372 742 1110 574 615 995 1055 1042 1154 777 0 875 249 1353 994 740 1289 789 
1353 555 1069 1275 1727 1793 1194 894 993 1239 230 289 1540 1652 1127 916 0 801 1842 1055 1161 1116 1229 
797 650 587 691 1136 1248 598 888 449 567 885 947 894 999 652 250 781 0 1210 897 608 1116 645 
822 1591 806 504 341 945 796 1866 785 1371 1877 1965 486 522 773 1328 1776 1127 0 2035 1014 1984 607 
1402 771 1100 1351 1806 1841 1270 1190 1063 1282 1066 1113 1616 1728 1158 963 963 857 1902 0 1222 429 1305 
712 1027 531 467 860 994 312 1341 329 797 1268 1366 670 762 577 737 1207 549 942 1335 0 1402 421 
1544 799 1322 1477 1905 2012 1396 1229 1184 1423 1093 1137 1742 1852 1387 1108 963 985 2002 429 1341 0 1431 
603 1097 587 130 528 696 336 1426 480 894 1364 1424 410 502 554 802 1234 614 638 1460 557 1497 0 
0 1333 410 775 1091 734 971 1521 477 1147 1637 1720 550 647 352 1145 1505 928 1022 1706 1035 1746 781 
1563 0 1182 1283 1825 1784 1129 711 1000 1135 497 585 1490 1556 1233 851 759 693 1775 1039 1153 1081 1187 
381 1033 0 767 1091 826 806 1248 350 1012 1353 1436 674 739 128 886 1221 728 1022 1423 864 1463 773 
726 1384 740 0 658 799 434 1572 584 1208 1688 1771 473 575 682 1180 1556 978 681 1757 767 1797 197 
1529 1958 1429 751 0 1507 1134 2126 1297 1677 2206 2377 1074 1075 1373 1674 2107 1485 462 2287 1357 2333 721 
654 1777 797 870 1265 0 1146 2001 865 1615 2086 2259 585 552 739 1557 1993 1341 1158 2123 1383 2169 876 
953 1077 825 448 968 1035 0 1270 491 862 1410 1494 742 815 800 837 1279 658 1022 1466 566 1506 364 
1685 522 1286 1380 1958 1910 1274 0 1143 1278 721 809 1587 1653 1355 978 978 801 1878 1145 1224 1185 1284 
435 959 334 621 1091 899 628 1148 0 726 1254 1338 747 812 309 712 1195 524 1022 1367 686 1407 627 
1512 1182 1111 1184 1723 1685 1060 1382 909 0 1498 1570 1391 1457 1218 821 1355 713 1676 1542 1067 1582 1088 
1800 510 1385 1502 2011 2026 1393 785 1265 1378 0 177 1709 1775 1478 1107 288 898 1991 1254 1324 1294 1406 
1946 660 1567 1655 2187 2173 1542 966 1418 1548 228 0 1860 1959 1630 1251 369 1115 2161 1367 1473 1407 1559 
480 1570 623 347 659 588 628 1758 691 1416 1860 2021 0 364 565 1350 1742 1134 653 1937 915 1988 353 
586 1697 729 497 809 594 778 1888 797 1535 2058 2146 212 0 671 1477 1876 1261 677 2074 1076 2120 503 
275 1125 83 671 945 716 774 1321 268 913 1437 1521 564 629 0 894 1332 706 932 1499 868 1539 677 
1367 875 1053 1088 1632 1594 959 1058 802 724 1193 1248 1300 1366 1119 0 1033 295 1585 1214 1013 1254 992 
1685 753 1304 1388 1966 1910 1282 1049 1151 1310 301 349 1595 1661 1355 1007 0 828 1903 1119 1242 1142 1292 
1132 784 879 869 1440 1446 726 966 617 637 1042 1126 1152 1218 907 316 963 0 1426 1119 778 1142 785 
1197 1939 1114 627 445 1163 991 2109 1120 1785 2206 2355 635 607 1058 1690 2085 1474 0 2287 1302 2333 754 
1946 977 1567 1680 2214 2219 1567 1209 1443 1582 1340 1410 1892 1975 1630 1282 1195 1149 2188 0 1498 499 1584 
953 1125 834 673 1230 1253 462 1321 523 913 1437 1521 940 1038 809 883 1332 704 1233 1499 0 1539 589 
2008 1013 1625 1728 2256 2248 1615 1248 1491 1638 1375 1436 1930 2022 1676 1341 1221 1205 2230 528 1546 0 1632 
802 1263 816 191 773 875 491 1451 660 1060 1567 1650 578 651 758 1052 1435 845 852 1636 736 1676 0 
0 1468 474 712 1072 799 963 1700 551 1289 1727 1786 557 606 384 1217 1647 991 1004 1871 1002 1921 780 
1367 0 1054 1118 1593 1626 980 681 833 1062 508 618 1291 1347 1120 750 659 615 1581 931 995 1015 1112 
399 1117 0 689 1010 934 699 1342 265 918 1355 1414 754 744 128 889 1275 666 991 1479 741 1504 693 
629 1220 694 0 660 793 404 1401 596 1026 1433 1492 461 516 631 940 1353 727 665 1576 697 1601 196 
1050 1696 1045 633 0 1178 963 1924 978 1552 2012 2082 862 926 1004 1420 1863 1209 462 2115 1181 2135 675 
668 1783 884 754 1144 0 1091 2007 948 1621 2077 2147 484 415 807 1489 1896 1296 1100 2201 1266 2221 822 
736 1057 752 380 861 900 0 1267 447 848 1318 1377 568 623 738 781 1238 578 851 1409 493 1434 351 
1579 479 1238 1278 1753 1786 1133 0 1049 1256 754 864 1451 1507 1301 916 830 779 1741 1138 1162 1153 1257 
485 954 306 526 953 1002 453 1166 0 741 1245 1304 702 757 341 712 1165 489 949 1320 476 1379 491 
1357 1153 1044 1145 1620 1653 1016 1401 827 0 1414 1473 1318 1374 1112 751 1334 713 1608 1541 1036 1566 1112 
1747 487 1383 1407 1886 1939 1262 807 1217 1382 0 228 1580 1636 1458 1089 289 911 1875 1244 1287 1269 1410 
1853 610 1496 1517 2020 2060 1372 980 1307 1529 228 0 1690 1746 1549 1241 373 1105 2007 1354 1397 1379 1506 
540 1325 727 336 719 617 589 1557 652 1189 1584 1643 0 280 664 1094 1504 883 690 1706 840 1731 404 
536 1496 752 491 874 556 744 1728 801 1370 1755 1846 221 0 675 1235 1675 1016 666 1896 1001 1921 559 
285 1220 92 637 953 834 756 1407 320 1026 1433 1492 650 641 0 1035 1353 758 953 1576 779 1601 705 
1227 841 941 991 1463 1520 867 1037 702 699 1116 1175 1185 1241 995 0 1036 301 1451 1194 899 1219 924 
1853 888 1462 1492 1985 2030 1347 1228 1282 1508 532 604 1665 1721 1549 1219 0 1073 1955 1283 1372 1308 1481 
910 748 729 753 1234 1277 636 980 501 601 1020 1079 942 1023 764 286 853 0 1222 1095 668 1147 688 
1042 1693 1036 635 449 1166 963 1924 968 1531 2012 2082 732 787 995 1420 1863 1206 0 2115 1178 2135 741 
1853 887 1455 1492 1985 2030 1347 1166 1282 1508 1188 1247 1665 1721 1549 1184 1108 1073 1955 0 1372 502 1481 
1031 1057 762 603 1089 1112 456 1267 475 897 1318 1377 791 846 797 816 1238 593 1109 1409 0 1434 538 
1882 971 1537 1558 2070 2083 1413 1228 1348 1605 1245 1304 1731 1787 1596 1301 1165 1149 2031 531 1438 0 1547 
731 1117 796 191 739 895 419 1342 524 930 1391 1450 563 618 733 858 1311 655 836 1483 712 1508 0 
0 1433 495 685 1098 775 963 1653 505 1294 1653 1777 573 661 394 1190 1502 955 997 1763 1026 1819 715 
1277 0 996 1091 1600 1553 887 645 799 1113 502 656 1253 1337 1108 808 596 621 1528 921 930 924 1016 
536 1168 0 731 1098 994 727 1424 278 1015 1387 1511 809 857 161 895 1236 670 1055 1497 775 1558 721 
704 1254 662 0 639 782 376 1474 531 1068 1474 1598 443 491 650 903 1323 698 637 1533 681 1636 169 
1231 1661 1272 569 0 1296 917 1866 1051 1541 1946 1997 995 1080 1193 1418 1730 1208 535 2018 1172 2071 690 
756 1715 994 725 1178 0 971 1923 963 1603 2009 2060 478 436 898 1479 1784 1269 1107 2072 1220 2121 755 
791 1094 686 345 825 869 0 1308 433 836 1314 1438 530 578 737 738 1163 533 803 1379 502 1483 316 
1514 627 1283 1348 1867 1821 1176 0 1084 1372 778 928 1510 1594 1345 1096 886 885 1785 1201 1193 1232 1276 
556 1004 263 531 1041 1000 497 1251 0 752 1245 1369 736 784 392 692 1094 467 982 1328 505 1384 496 
1298 1221 1003 1107 1616 1569 970 1435 824 0 1441 1565 1269 1353 1129 801 1290 699 1544 1510 993 1612 1050 
1628 573 1397 1457 1981 1973 1285 775 1198 1522 0 226 1619 1703 1459 1223 279 1029 1891 1245 1306 1276 1392 
1773 755 1542 1602 2055 2108 1430 991 1343 1634 242 0 1764 1875 1604 1352 397 1158 2027 1366 1451 1397 1537 
647 1375 754 330 712 679 583 1595 718 1226 1595 1719 0 388 698 1059 1444 855 690 1689 838 1757 360 
644 1510 860 484 866 611 737 1730 841 1372 1730 1835 237 0 786 1215 1579 1002 700 1841 1007 1924 514 
447 1199 101 668 1036 893 822 1424 372 1113 1419 1543 726 779 0 1043 1268 765 973 1542 835 1577 698 
1119 910 861 921 1459 1397 767 1134 679 811 1114 1238 1102 1181 967 0 963 299 1387 1218 802 1267 872 
1497 750 1266 1325 1831 1787 1153 1059 1067 1372 267 350 1487 1571 1328 1096 0 868 1762 1110 1162 1145 1259 
984 834 661 717 1298 1189 567 991 479 619 976 1100 905 976 801 291 837 0 1216 1065 602 1149 672 
1034 1697 1083 663 470 1163 963 1895 1027 1581 1964 2015 665 761 991 1459 1766 1249 0 2062 1207 2104 725 
1674 910 1443 1503 1996 2033 1331 1148 1244 1527 1132 1256 1665 1749 1505 1245 981 1051 1955 0 1352 457 1438 
1014 1083 743 581 1098 1055 422 1296 480 866 1314 1438 766 814 853 770 1163 545 1055 1379 0 1452 526 
1699 916 1468 1528 2037 2049 1356 1189 1269 1570 1147 1271 1690 1774 1530 1288 996 1094 2006 467 1377 0 1463 
744 1190 702 157 762 822 392 1424 536 1015 1410 1534 483 531 690 841 1259 636 756 1473 660 1561 0 
0 1281 491 708 1036 778 892 1573 500 1137 1569 1647 569 713 406 1151 1429 863 974 1775 1002 1730 731 
1257 0 1028 1099 1618 1580 935 682 840 1032 475 691 1279 1406 1150 792 597 626 1558 1027 930 999 1058 
403 1056 0 740 1120 884 715 1320 324 957 1322 1400 761 819 164 931 1182 686 1060 1547 800 1495 741 
668 1121 724 0 594 816 441 1439 527 1010 1397 1475 491 622 724 945 1257 706 648 1619 652 1568 185 
1018 1674 1085 654 0 1228 979 1958 1007 1526 2026 2064 899 1060 1072 1468 1863 1222 470 2108 1149 2152 781 
716 1769 946 848 1205 0 1068 2005 948 1621 2092 2187 509 521 844 1563 1953 1317 1133 2173 1233 2217 865 
721 993 700 337 847 849 0 1264 425 815 1251 1329 524 655 777 750 1111 540 804 1459 452 1407 316 
1394 502 1196 1275 1792 1756 1121 0 995 1240 738 928 1455 1582 1341 985 830 806 1734 1204 1088 1153 1232 
485 893 275 547 1027 1003 413 1149 0 719 1128 1206 738 869 366 665 988 444 974 1349 494 1323 497 
1259 1132 1028 1142 1618 1623 1002 1439 847 0 1420 1498 1322 1449 1207 769 1280 687 1601 1621 983 1587 1058 
1502 489 1304 1378 1883 1899 1224 789 1103 1359 0 278 1558 1685 1441 1112 266 933 1843 1344 1235 1292 1348 
1638 615 1440 1500 1991 2015 1346 966 1239 1500 230 0 1680 1803 1577 1251 382 1099 1973 1459 1357 1407 1484 
557 1297 768 409 746 640 616 1589 647 1170 1585 1663 0 357 685 1151 1445 881 663 1783 814 1746 426 
722 1513 955 602 973 598 809 1866 840 1374 1806 1884 263 0 850 1350 1661 1084 656 1956 1017 2003 619 
347 1096 85 741 1103 828 717 1439 325 957 1397 1475 705 763 0 931 1257 688 1006 1603 802 1568 743 
1125 837 878 945 1471 1434 806 1039 716 742 1077 1155 1133 1260 1068 0 963 291 1405 1239 789 1252 880 
1751 1003 1553 1613 2130 2120 1459 1390 1352 1602 609 731 1793 1927 1675 1360 0 1201 2107 1547 1470 1495 1597 
940 687 667 723 1272 1236 595 966 505 610 932 989 906 1060 791 272 776 0 1197 1080 578 1069 669 
979 1634 1047 613 478 1208 941 1923 979 1486 1978 2016 666 735 1041 1430 1782 1184 0 2091 1113 2135 746 
1591 910 1393 1453 1960 1941 1299 1264 1192 1454 1188 1266 1633 1760 1522 1129 1048 1053 1928 0 1310 480 1437 
910 1016 705 580 1103 1105 362 1264 430 875 1279 1390 767 898 785 784 1182 563 1052 1472 0 1451 526 
1701 960 1503 1563 2064 2062 1409 1264 1302 1554 1251 1329 1743 1855 1624 1320 1111 1153 2041 510 1420 0 1547 
690 1063 726 176 682 818 363 1321 513 907 1322 1400 493 624 746 838 1182 628 773 1541 614 1495 0 
0 1236 455 682 976 719 886 1489 519 1226 1537 1741 550 577 335 1146 1495 918 960 1671 939 1723 680 
1121 0 932 1002 1472 1442 860 626 752 1013 473 600 1156 1278 1011 730 573 576 1478 845 821 873 965 
395 983 0 741 1049 865 671 1238 304 958 1290 1494 724 723 144 903 1230 668 1032 1412 717 1459 739 
613 1149 720 0 649 761 385 1370 543 1013 1418 1622 426 484 602 938 1361 691 634 1507 651 1595 193 
900 1541 999 588 0 1084 917 1794 949 1446 1860 1988 769 849 889 1343 1800 1124 438 1947 1078 2029 662 
687 1690 891 805 1111 0 1047 1960 979 1578 2064 2184 509 511 771 1474 1949 1273 1129 2075 1207 2164 786 
663 952 682 323 798 811 0 1217 426 825 1268 1472 476 534 652 753 1230 539 783 1373 419 1459 304 
1372 454 1220 1242 1684 1673 1092 0 975 1226 717 838 1387 1509 1267 967 825 804 1709 1129 1044 1113 1174 
458 850 269 532 991 934 384 1094 0 709 1157 1305 685 743 319 658 1012 423 1005 1207 430 1325 476 
1129 1065 947 1038 1480 1468 924 1311 764 0 1359 1563 1182 1304 1029 730 1322 651 1504 1445 878 1537 970 
1534 466 1323 1387 1839 1809 1222 768 1137 1368 0 185 1517 1639 1429 1087 294 948 1835 1258 1191 1282 1341 
1636 603 1430 1530 1953 2001 1365 833 1239 1480 202 0 1660 1782 1531 1210 368 1056 1974 1378 1334 1403 1463 
516 1236 721 388 719 613 622 1489 707 1156 1537 1741 0 281 601 1090 1495 818 646 1647 778 1723 369 
556 1450 760 575 919 543 809 1703 837 1361 1751 1896 279 0 640 1231 1709 1006 645 1844 986 1943 556 
342 1065 120 688 986 812 696 1311 329 1013 1359 1563 671 670 0 973 1322 705 961 1480 742 1533 686 
1053 742 852 945 1391 1363 783 995 675 786 1105 1209 1077 1199 909 0 895 264 1397 1064 744 1168 881 
1640 836 1446 1534 1961 2001 1369 1242 1243 1488 519 572 1664 1786 1535 1218 0 1064 1974 1379 1338 1403 1467 
860 647 668 744 1224 1190 599 895 491 609 948 1067 897 1001 721 278 800 0 1212 1006 560 1080 697 
940 1583 1051 624 468 1136 951 1866 997 1483 1910 2038 654 681 977 1388 1863 1166 0 1994 1130 2084 698 
1566 860 1348 1460 1905 1910 1295 1200 1169 1436 1237 1360 1590 1712 1461 1144 1067 997 1899 0 1264 465 1393 
869 930 682 560 1049 1028 384 1200 423 829 1237 1425 713 771 730 738 1132 503 1029 1322 0 1403 504 
1648 874 1454 1542 1973 2001 1377 1200 1251 1533 1237 1380 1672 1794 1543 1263 1087 1109 1982 472 1346 0 1475 
651 1065 758 185 736 799 398 1311 526 930 1359 1563 464 522 640 853 1322 639 771 1456 605 1537 0 
0 1524 389 703 1005 747 772 1611 454 1177 1664 1707 522 605 305 1124 1486 881 957 1691 817 1842 721 
1203 0 921 1055 1533 1516 878 602 820 1012 485 652 1214 1307 1062 672 578 585 1503 863 878 908 983 
366 1242 0 738 1110 905 656 1321 330 1012 1374 1430 723 763 103 920 1209 680 1088 1418 701 1595 748 
609 1371 677 0 671 763 385 1408 581 1012 1461 1498 453 550 606 903 1277 699 642 1499 674 1709 197 
910 1810 977 594 0 1134 882 1967 994 1422 2003 2106 788 951 907 1348 1863 1149 440 2045 1192 2154 616 
681 1830 854 773 1110 0 991 2048 934 1524 2116 2219 468 503 770 1448 1940 1249 1088 2169 1241 2299 791 
688 1167 667 344 842 842 0 1253 439 873 1308 1393 532 629 685 739 1172 536 815 1321 507 1539 320 
1450 472 1150 1286 1781 1764 1118 0 1009 1228 743 918 1462 1555 1279 979 851 835 1751 1118 1154 1214 1214 
468 1129 284 539 1088 995 329 1236 0 817 1237 1322 750 847 350 718 1101 480 1007 1266 374 1478 507 
1203 1268 931 1055 1571 1554 935 1408 818 0 1432 1466 1252 1345 1087 737 1245 667 1541 1438 939 1655 983 
1597 477 1322 1439 1955 1921 1259 773 1156 1367 0 244 1603 1696 1451 1086 327 959 1908 1267 1290 1366 1367 
1830 732 1598 1693 2218 2207 1525 986 1395 1626 336 0 1886 1973 1707 1387 505 1242 2181 1483 1556 1582 1621 
500 1498 686 391 716 613 609 1585 700 1157 1638 1681 0 306 602 1057 1460 858 624 1662 831 1842 409 
576 1719 749 545 870 558 763 1866 811 1301 1865 1959 240 0 665 1225 1681 1021 655 1902 986 2049 563 
263 1293 84 703 1005 802 645 1408 327 1050 1455 1489 620 660 0 1041 1268 754 957 1486 690 1655 721 
1128 808 844 978 1477 1451 841 1080 735 813 1150 1184 1149 1242 991 0 963 318 1447 1090 841 1317 907 
1597 786 1363 1454 1968 1942 1287 1175 1156 1412 430 532 1631 1724 1480 1127 0 1004 1929 1259 1318 1358 1382 
960 692 658 735 1258 1217 617 966 538 656 1043 1077 938 1001 761 277 826 0 1227 1004 617 1185 680 
940 1810 984 622 461 1155 936 1970 1005 1462 2039 2142 674 642 933 1385 1863 1186 0 2098 1192 2184 728 
1654 860 1393 1511 2023 2016 1343 1175 1213 1447 1222 1263 1687 1780 1522 1162 1042 1068 1993 0 1374 472 1439 
834 1175 662 626 1141 1105 350 1253 391 907 1308 1393 814 919 728 773 1172 544 1116 1324 0 1539 571 
1742 1079 1511 1609 2135 2105 1441 1236 1311 1544 1288 1322 1785 1912 1620 1316 1101 1158 2097 499 1472 0 1537 
675 1242 743 153 682 829 363 1321 515 959 1374 1430 519 616 672 815 1209 612 779 1418 665 1595 0 
0 1330 384 634 975 690 863 1547 487 1216 1598 1702 552 586 284 1160 1510 907 906 1720 929 1749 701 
1315 0 1050 1192 1684 1645 1002 683 872 1101 564 663 1336 1432 1194 864 742 687 1639 987 1019 1013 1151 
363 1083 0 652 1069 834 688 1299 280 1017 1350 1438 725 730 112 918 1246 698 1011 1472 734 1501 741 
639 1208 732 0 564 732 413 1394 596 1017 1445 1548 454 517 632 938 1356 704 596 1575 701 1616 207 
1188 1711 1257 633 0 1374 989 2105 1122 1495 2012 2098 1013 1136 1167 1457 1880 1224 414 2090 1174 2108 716 
696 1762 877 772 1135 0 1091 2156 963 1564 2029 2115 490 486 777 1526 1897 1275 1126 2160 1244 2178 839 
710 1060 758 343 844 803 0 1269 482 870 1316 1420 525 588 703 807 1228 581 790 1456 530 1485 310 
1428 528 1197 1335 1825 1788 1140 0 1042 1247 758 857 1479 1575 1302 1036 963 828 1782 1135 1170 1164 1294 
471 932 288 516 1042 931 426 1153 0 757 1217 1304 733 804 358 694 1112 468 972 1325 472 1387 495 
1202 1144 952 1099 1591 1552 970 1388 778 0 1439 1506 1243 1339 1076 737 1314 644 1546 1529 1000 1562 1088 
1578 498 1277 1450 1972 1927 1255 740 1192 1336 0 181 1594 1690 1406 1132 368 933 1912 1248 1261 1277 1420 
1669 625 1407 1576 2053 2056 1392 867 1283 1454 209 0 1720 1839 1536 1254 453 1087 2034 1358 1398 1387 1530 
550 1365 731 364 758 543 630 1582 757 1152 1633 1737 0 327 631 1094 1545 877 680 1751 874 1784 431 
588 1538 769 543 936 520 809 1755 851 1350 1815 1918 261 0 669 1271 1718 1051 647 1941 1053 1946 610 
281 1155 100 650 975 752 761 1388 368 1073 1439 1529 643 648 0 1033 1337 786 921 1539 807 1568 717 
1100 844 850 971 1477 1424 780 1059 659 780 1096 1153 1115 1211 979 0 963 268 1432 1209 803 1250 882 
1447 663 1197 1355 1852 1816 1160 980 1061 1247 270 358 1499 1595 1321 1036 0 843 1815 1135 1173 1122 1312 
940 727 678 776 1304 1254 610 966 487 613 979 1049 967 1026 790 281 963 0 1279 1063 633 1122 712 
979 1692 1048 645 457 1143 975 2070 1057 1476 2012 2080 689 687 958 1457 1880 1205 0 2075 1199 2093 763 
1669 896 1404 1576 2053 2056 1392 1153 1283 1474 1217 1284 1720 1839 1533 1201 1092 1107 2034 0 1398 512 1530 
979 1083 802 633 1129 1121 463 1299 514 934 1350 1435 815 878 861 831 1243 605 1118 1472 0 1501 569 
1695 910 1439 1604 2082 2089 1420 1215 1311 1474 1217 1284 1748 1871 1559 1256 1092 1107 2063 500 1426 0 1558 
721 1090 796 163 644 814 372 1327 520 913 1378 1467 536 599 714 845 1275 619 751 1489 659 1518 0 
0 1287 402 645 989 703 841 1543 431 1155 1578 1645 511 641 290 1102 1438 864 917 1695 888 1808 697 
1182 0 969 1121 1634 1661 970 638 823 1061 476 633 1420 1518 1033 790 689 621 1667 870 968 985 1042 
350 1066 0 700 1093 816 723 1344 312 957 1364 1431 687 754 126 973 1224 703 966 1485 770 1605 752 
630 1201 725 0 617 835 434 1441 577 1034 1470 1537 483 588 641 1033 1330 756 659 1593 699 1713 177 
1311 1759 1371 669 0 1518 1003 2003 1132 1587 2058 2138 1085 1064 1288 1510 1928 1287 380 2106 1259 2278 818 
691 1810 886 802 1183 0 1067 2047 891 1635 2092 2193 506 459 784 1558 1983 1335 1105 2151 1302 2348 828 
726 990 696 398 873 926 0 1270 520 832 1333 1403 579 684 735 828 1196 580 821 1411 460 1531 337 
1471 561 1290 1409 1881 1933 1240 0 1112 1355 806 928 1682 1780 1327 1055 1033 905 1925 1178 1260 1298 1330 
435 930 296 603 1111 917 434 1232 0 755 1283 1376 721 852 315 751 1177 503 1022 1340 481 1470 537 
1388 1379 1207 1285 1798 1850 1177 1635 1029 0 1670 1737 1558 1656 1244 924 1530 876 1817 1715 1195 1986 1206 
1590 626 1409 1533 1983 2087 1374 783 1231 1468 0 260 1809 1954 1446 1167 283 1000 2085 1244 1394 1364 1454 
1672 768 1491 1615 2072 2145 1456 832 1313 1543 217 0 1868 2038 1528 1233 355 1059 2175 1350 1476 1470 1536 
543 1387 738 383 730 638 640 1643 692 1218 1678 1745 0 333 636 1157 1538 928 657 1750 855 1986 409 
664 1608 859 578 931 603 835 1866 864 1434 1910 1982 282 0 757 1359 1759 1136 628 1951 1085 2141 604 
265 1134 118 647 989 747 734 1404 324 1034 1426 1493 597 685 0 1033 1286 751 927 1547 781 1667 699 
1097 813 923 1014 1531 1566 873 1067 747 772 1137 1204 1208 1306 961 0 997 301 1455 1167 867 1319 942 
1446 599 1265 1354 1829 1933 1202 1032 1087 1309 281 402 1627 1725 1302 1026 0 859 1868 1119 1222 1174 1275 
882 720 707 808 1332 1336 659 966 531 616 1094 1161 1004 1076 746 302 963 0 1251 1087 653 1192 725 
1022 1852 1063 668 426 1288 1067 2108 1059 1677 2136 2257 733 721 980 1600 2057 1377 0 2193 1312 2360 817 
1614 845 1433 1557 2002 2087 1398 1170 1255 1504 1193 1260 1831 1990 1470 1167 1053 1020 2115 0 1418 492 1478 
882 1007 748 637 1155 1157 401 1270 467 894 1336 1403 819 927 762 843 1196 595 1064 1422 0 1542 554 
1672 894 1491 1615 2072 2145 1456 1232 1313 1551 1283 1376 1868 2038 1528 1241 1177 1067 2175 480 1476 0 1536 
711 1098 783 189 729 917 382 1344 607 922 1403 1470 564 669 722 918 1263 667 806 1513 640 1648 0 
0 1250 365 818 1212 671 950 1498 450 1395 1558 1695 516 634 274 1220 1421 1063 1068 1716 995 1681 876 
1251 0 995 1348 1823 1777 1157 620 925 1040 453 590 1588 1699 1039 757 618 612 1864 876 1166 942 1267 
380 1044 0 812 1294 832 823 1297 369 1111 1350 1485 709 795 144 1031 1211 826 1170 1490 851 1453 852 
665 1373 747 0 646 855 427 1621 599 1131 1681 1818 494 656 684 916 1544 727 606 1766 752 1808 194 
960 1907 1025 603 0 1359 966 2109 996 1684 2208 2297 797 1027 959 1592 2071 1376 438 2192 1299 2269 654 
659 1760 801 858 1294 0 1152 1998 863 1910 2110 2184 465 480 710 1699 1941 1525 1077 2189 1365 2215 945 
860 1187 742 435 977 1074 0 1409 480 934 1469 1610 751 866 731 726 1336 539 957 1572 533 1592 385 
1481 474 1229 1580 2056 2015 1473 0 1190 1298 730 828 1833 1946 1296 989 963 852 2060 1163 1475 1133 1499 
429 1213 293 632 1137 905 501 1461 0 877 1521 1658 748 865 287 799 1384 612 1049 1596 515 1644 576 
1248 1195 1030 1286 1762 1721 1038 1443 844 0 1503 1640 1542 1643 1090 694 1366 688 1817 1538 1072 1626 1205 
1581 474 1323 1680 2155 2132 1574 718 1290 1461 0 193 1956 2036 1396 1076 291 975 2184 1285 1588 1242 1599 
1717 591 1463 1832 2294 2290 1703 821 1419 1613 194 0 2087 2212 1532 1140 381 1061 2351 1399 1721 1356 1728 
547 1573 690 432 786 616 713 1866 692 1480 1917 1974 0 409 599 1188 1744 995 629 1940 1034 2022 490 
606 1716 748 662 1008 586 966 1958 810 1708 2039 2108 269 0 657 1586 1879 1370 613 2126 1257 2112 720 
271 1084 91 795 1181 723 839 1324 357 1236 1384 1543 600 686 0 1089 1269 918 1056 1529 853 1494 890 
1205 870 959 1151 1627 1678 1032 1106 803 737 1198 1347 1438 1571 1048 0 1073 311 1709 1258 1034 1282 1070 
1539 614 1279 1625 2111 2108 1481 986 1235 1396 273 344 1886 1985 1354 1045 0 922 2137 1163 1483 1133 1544 
993 788 770 970 1384 1483 799 1031 583 651 1138 1273 1198 1331 840 335 1001 0 1469 1225 814 1207 828 
940 1887 999 579 452 1236 966 2109 959 1735 2208 2297 658 640 949 1586 2071 1370 0 2192 1284 2269 705 
1717 860 1434 1832 2294 2290 1703 1152 1419 1637 1212 1347 2087 2212 1526 1146 1073 1085 2351 0 1721 522 1728 
878 1264 742 745 1157 1321 460 1512 460 1010 1572 1709 965 1065 736 891 1435 670 1235 1645 0 1695 587 
1764 930 1516 1913 2376 2340 1782 1213 1498 1693 1257 1392 2191 2303 1579 1220 1118 1141 2394 522 1800 0 1808 
757 1279 839 229 672 943 432 1527 608 1066 1587 1724 626 741 776 854 1450 667 765 1674 750 1710 0 
0 1237 317 709 1208 680 835 1499 412 1348 1544 1608 475 618 259 1234 1418 981 935 1611 882 1618 838 
1178 0 852 1423 1817 1614 1132 598 940 1111 427 529 1484 1545 929 658 566 596 1806 789 1159 817 1341 
307 999 0 645 1208 768 702 1262 262 1220 1302 1376 595 706 85 970 1186 766 957 1380 732 1387 745 
582 1237 572 0 615 817 389 1499 441 1185 1544 1608 455 632 576 1031 1418 766 568 1611 721 1618 175 
854 1752 906 583 0 1232 910 2052 886 1575 2045 2133 745 899 848 1497 1929 1216 407 2098 1240 2196 685 
654 1731 749 855 1267 0 1138 2007 849 1675 2010 2098 483 448 691 1613 1894 1337 991 2098 1388 2126 930 
810 1063 623 475 943 1051 0 1318 409 1032 1363 1449 683 860 708 784 1259 587 948 1461 483 1468 460 
1446 475 1144 1620 2021 1884 1394 0 1138 1401 693 795 1728 1819 1202 967 865 868 2011 1112 1402 1091 1543 
425 1088 214 521 1106 887 461 1377 0 957 1390 1449 655 825 299 792 1259 582 917 1461 482 1468 613 
1165 1166 963 1311 1651 1612 1085 1428 823 0 1473 1537 1424 1543 1020 639 1347 676 1731 1534 1126 1547 1234 
1530 453 1228 1718 2115 1968 1481 710 1236 1529 0 171 1825 1911 1286 1043 279 967 2091 1180 1487 1187 1641 
1660 573 1358 1845 2242 2096 1599 783 1371 1650 189 0 1941 2015 1416 1164 361 1070 2207 1260 1605 1296 1776 
455 1503 550 405 919 539 659 1765 648 1383 1815 1875 0 258 492 1264 1684 989 518 1855 983 1899 476 
555 1670 650 594 971 492 848 1971 750 1506 1979 2067 222 0 592 1411 1863 1130 551 2006 1147 2060 665 
249 1063 83 664 1085 710 729 1318 303 1229 1363 1449 537 648 0 1029 1259 849 896 1461 773 1468 772 
1069 816 803 1254 1645 1515 1019 1099 726 730 1139 1198 1336 1446 875 0 1008 305 1643 1155 1043 1226 1177 
1502 560 1200 1675 2087 1941 1449 972 1193 1529 277 368 1783 1911 1258 995 0 937 2045 1112 1475 1091 1598 
960 674 713 1040 1466 1396 871 966 599 717 1009 1068 1179 1327 785 263 858 0 1476 1112 853 1078 1008 
850 1752 906 579 494 1051 910 2052 882 1579 2045 2133 558 571 844 1497 1929 1216 0 2098 1227 2196 730 
1627 810 1325 1823 2207 2096 1568 1147 1340 1649 1190 1249 1905 1983 1383 1143 1059 1069 2181 0 1574 453 1745 
800 1166 617 662 1094 1209 432 1413 403 1032 1458 1522 849 1009 702 875 1332 678 1154 1525 0 1532 614 
1660 809 1358 1845 2242 2096 1597 1147 1369 1649 1190 1249 1941 2015 1416 1151 1059 1069 2207 429 1603 0 1774 
677 1166 667 144 653 905 352 1428 509 1140 1473 1537 550 727 671 884 1347 687 702 1540 673 1547 0 
0 1222 311 566 874 655 750 1495 421 1083 1493 1557 443 531 253 1012 1371 802 855 1507 729 1635 637 
1069 0 778 1011 1371 1515 830 605 717 957 421 522 1221 1280 836 627 531 512 1458 759 795 787 965 
307 895 0 586 894 743 581 1216 236 892 1207 1271 563 619 85 742 1085 616 875 1225 560 1330 657 
548 1096 548 0 468 757 370 1385 446 1010 1370 1434 368 447 514 868 1248 674 580 1423 622 1500 160 
960 1491 966 472 0 1216 824 1764 934 1351 1762 1828 772 843 914 1278 1640 1087 341 1795 1013 1913 544 
644 1527 733 629 1029 0 876 1800 842 1416 1798 1869 430 375 675 1321 1676 1123 881 1831 1079 1940 689 
740 945 598 370 770 970 0 1216 406 802 1274 1338 578 646 605 695 1152 512 872 1275 430 1383 363 
1343 448 1041 1255 1687 1702 1094 0 1016 1205 662 763 1399 1458 1099 877 815 762 1636 1019 1048 1040 1245 
412 846 219 443 848 859 345 1119 0 708 1149 1213 573 686 267 635 1027 432 867 1198 324 1260 441 
1103 1085 908 1029 1426 1540 887 1385 753 0 1347 1411 1237 1296 972 642 1225 621 1474 1382 831 1496 983 
1445 424 1166 1354 1786 1805 1193 697 1108 1299 0 169 1498 1557 1224 986 279 870 1735 1133 1130 1161 1344 
1572 539 1270 1484 1920 1905 1323 798 1238 1410 183 0 1628 1687 1328 1100 357 985 1869 1198 1260 1229 1474 
447 1171 537 269 623 555 516 1444 531 1066 1442 1506 0 239 479 963 1320 757 510 1500 717 1584 329 
506 1289 595 398 752 493 645 1562 660 1205 1560 1624 199 0 537 1088 1438 886 510 1599 846 1702 458 
249 955 83 529 837 685 600 1233 266 930 1274 1338 505 561 0 802 1152 647 818 1275 579 1383 600 
960 715 711 924 1282 1404 745 988 608 629 1006 1070 1163 1222 769 0 876 264 1390 1020 710 1091 860 
1371 586 1083 1284 1716 1731 1123 966 1034 1234 250 322 1428 1487 1141 916 0 800 1665 1019 1079 1013 1274 
807 642 614 727 1112 1280 588 966 459 565 932 1006 985 1050 662 249 803 0 1240 955 553 1021 681 
805 1464 808 505 341 1023 822 1737 797 1363 1735 1799 486 512 771 1262 1613 1060 0 1768 1026 1899 635 
1468 712 1166 1388 1823 1835 1227 1058 1183 1342 1056 1120 1532 1591 1224 995 896 911 1769 0 1164 429 1378 
773 930 614 536 897 1168 370 1216 395 830 1207 1271 798 866 638 719 1085 516 1051 1275 0 1342 490 
1520 740 1228 1430 1869 1877 1269 1061 1183 1381 1056 1120 1574 1633 1286 1060 963 949 1817 429 1206 0 1420 
618 1085 614 130 548 823 406 1385 512 930 1347 1411 445 513 584 818 1225 635 700 1406 634 1496 0 
0 1162 311 547 805 655 734 1409 412 1117 1452 1527 437 531 253 1012 1327 804 776 1465 716 1521 581 
1038 0 769 968 1337 1367 812 588 683 916 416 514 1095 1159 827 618 517 503 1352 765 740 793 908 
311 840 0 549 832 747 556 1098 214 918 1119 1194 561 623 89 723 994 605 803 1152 538 1226 596 
521 1034 524 0 493 655 367 1285 414 957 1329 1418 341 430 487 814 1218 631 493 1358 537 1400 133 
777 1409 780 472 0 975 758 1669 759 1341 1712 1787 639 742 743 1204 1587 1021 341 1714 929 1781 537 
641 1485 730 638 952 0 868 1745 836 1403 1788 1853 419 365 672 1313 1663 1112 878 1790 1013 1899 665 
602 910 594 316 703 720 0 1200 406 835 1230 1314 427 495 568 695 1114 512 674 1237 371 1296 277 
1280 447 1023 1191 1593 1615 1052 0 926 1157 656 754 1343 1407 1081 859 800 744 1607 1019 986 1040 1167 
412 835 216 426 818 859 342 1094 0 761 1116 1191 573 657 267 651 991 449 789 1162 324 1226 404 
1088 1027 891 987 1362 1367 814 1285 739 0 1329 1418 1095 1159 946 655 1218 620 1352 1334 731 1400 941 
1411 481 1152 1329 1709 1767 1231 724 1064 1301 0 166 1495 1559 1210 1004 251 881 1759 1091 1118 1122 1283 
1485 601 1214 1403 1783 1841 1305 781 1138 1383 188 0 1569 1633 1272 1064 327 949 1835 1159 1189 1187 1357 
446 1143 533 265 574 493 495 1381 512 1048 1425 1508 0 239 478 936 1308 737 483 1454 631 1512 292 
498 1263 587 399 708 440 629 1523 646 1179 1566 1641 180 0 529 1077 1441 871 517 1578 765 1635 426 
249 900 83 513 771 685 588 1200 266 1010 1200 1308 499 561 0 783 1114 658 742 1225 570 1296 547 
940 671 713 838 1229 1252 739 966 572 676 948 1016 982 1044 771 0 824 249 1270 972 667 1061 792 
1302 555 1023 1203 1593 1627 1064 966 955 1168 240 304 1355 1419 1081 871 0 756 1619 958 997 999 1167 
781 596 585 672 1066 1103 562 851 433 562 863 938 811 879 636 249 749 0 1058 900 490 999 626 
801 1439 804 506 341 941 811 1699 783 1367 1742 1818 486 512 767 1268 1617 1066 0 1744 986 1816 608 
1385 706 1100 1303 1683 1741 1205 1023 1038 1278 1014 1089 1469 1533 1158 963 881 856 1733 0 1095 429 1257 
705 824 538 465 880 897 333 1094 322 728 1105 1180 604 672 570 640 980 438 851 1152 0 1226 419 
1485 734 1202 1403 1783 1841 1286 1058 1138 1344 1066 1131 1569 1633 1260 1051 963 933 1835 429 1167 0 1357 
577 987 572 130 554 695 331 1241 454 913 1294 1381 402 470 543 771 1181 588 615 1314 513 1358 0 
0 1156 311 547 807 655 696 1399 412 1032 1426 1480 441 531 253 970 1289 763 794 1443 706 1512 578 
1038 0 769 945 1337 1340 802 588 686 913 414 512 1069 1132 827 618 503 503 1333 759 734 787 908 
307 840 0 559 830 743 516 1098 202 805 1140 1182 561 619 85 723 991 552 817 1142 526 1226 588 
521 1009 524 0 526 630 342 1284 413 886 1309 1351 341 422 487 814 1160 631 513 1334 518 1387 133 
771 1406 774 472 0 928 762 1665 753 1276 1692 1743 636 719 737 1204 1552 1021 341 1713 889 1778 537 
641 1455 730 623 931 0 842 1714 836 1356 1741 1792 396 378 672 1286 1601 1079 879 1762 986 1834 639 
604 890 581 302 709 693 0 1200 406 767 1185 1228 422 485 570 695 1037 512 698 1198 359 1296 277 
1280 445 1023 1182 1579 1569 1052 0 926 1157 652 750 1298 1361 1081 857 791 742 1556 1019 986 1040 1165 
412 784 202 436 820 849 314 1058 0 661 1092 1125 573 641 267 610 963 408 807 1096 324 1160 399 
1078 1020 863 963 1358 1355 814 1284 725 0 1309 1351 1084 1147 928 624 1160 607 1335 1314 731 1387 941 
1380 414 1100 1257 1654 1644 1127 683 1032 1242 0 166 1373 1436 1158 946 230 829 1631 1083 1099 1091 1235 
1485 535 1214 1384 1781 1771 1254 785 1137 1381 189 0 1500 1563 1272 1060 313 949 1758 1159 1224 1187 1355 
446 1121 530 274 573 472 493 1373 509 1010 1400 1445 0 239 478 936 1254 732 483 1416 603 1512 290 
514 1263 603 426 725 438 645 1522 661 1157 1549 1600 199 0 545 1088 1409 884 510 1570 755 1635 442 
249 900 83 513 773 685 560 1200 266 870 1185 1273 503 561 0 783 1082 617 760 1198 570 1296 544 
940 669 711 837 1229 1252 727 966 573 677 948 1006 975 1044 769 0 815 249 1256 972 659 1061 791 
1302 555 1023 1184 1581 1571 1054 966 954 1168 255 314 1300 1363 1081 871 0 756 1558 958 1004 999 1165 
784 596 574 667 1052 1083 552 851 436 561 871 934 800 863 639 249 742 0 1085 887 484 999 621 
797 1436 800 505 341 921 806 1695 779 1332 1722 1773 486 534 763 1267 1582 1060 0 1743 929 1808 603 
1402 706 1100 1294 1691 1681 1164 1023 1054 1276 1004 1065 1410 1473 1158 963 874 856 1668 0 1132 429 1271 
705 811 524 460 846 864 305 1094 322 728 1112 1151 593 656 570 637 963 435 869 1128 0 1187 414 
1485 734 1202 1363 1760 1750 1233 1058 1137 1342 1031 1092 1479 1542 1260 1051 963 933 1737 429 1203 0 1348 
580 966 570 130 548 669 331 1221 452 843 1255 1340 398 461 546 771 1149 588 635 1275 500 1349 0 
