15
5
10800
0
2015
2076
2293
2589
2646
2287
2070
1829
2456
2690
2658
2215
2440
2461
0 551 1952 1786 1532 1143 1163 1123 1723 1996 1271 1134 488 563 1558 
562 0 2130 1986 1762 1352 1366 1332 1921 2167 1474 1337 695 500 1751 
2126 2267 0 266 1984 1259 1363 1334 630 1534 1344 2159 1948 2448 1343 
2217 2358 266 0 1984 1120 1224 1195 499 1400 1205 2215 2019 2539 1218 
1523 1689 1771 1627 0 1000 1083 966 1564 1868 1165 1519 1298 1888 1399 
1271 1420 971 807 1043 0 228 165 744 1079 301 1315 1048 1602 626 
1228 1377 1052 876 1141 227 0 123 813 1079 118 1289 1003 1559 651 
1215 1364 1052 883 1021 167 125 0 820 1109 225 1259 993 1546 702 
1866 2064 619 475 1655 748 852 823 0 1047 833 1880 1655 2245 856 
2092 2242 1419 1275 1911 1032 1084 1107 1041 0 980 2111 1893 2423 470 
1366 1515 995 851 1227 309 118 227 788 968 0 1397 1124 1697 544 
1119 1232 1981 1838 1576 1248 1217 1194 1773 2045 1325 0 694 1414 1608 
465 606 1820 1674 1414 1037 1062 1023 1611 1873 1170 679 0 743 1446 
545 482 2165 2021 1762 1390 1402 1370 1980 2213 1510 1362 732 0 1789 
1755 1947 1073 938 1532 678 636 703 865 449 532 1774 1553 2152 0 
0 688 2160 1997 1740 1328 1438 1368 2010 2336 1633 1313 593 742 1765 
677 0 2363 2200 1967 1551 1646 1591 2225 2533 1855 1531 822 717 1961 
2387 2507 0 345 2144 1167 1310 1260 961 1895 1308 2429 2135 2768 1308 
2164 2284 300 0 1940 910 1126 1072 708 1618 1133 2176 1873 2541 1106 
1891 2074 2185 2022 0 1355 1524 1395 2042 2383 1662 1949 1640 2280 1816 
1421 1596 1151 971 1226 0 352 245 961 1297 430 1403 1158 1731 762 
1515 1690 1254 1048 1364 313 0 134 1026 1269 171 1525 1252 1829 787 
1447 1622 1254 1048 1274 233 159 0 1006 1321 297 1438 1184 1757 814 
2164 2284 802 606 1940 910 1126 1072 0 1320 1133 2176 1873 2541 1106 
2483 2603 1735 1524 2292 1317 1312 1337 1474 0 1190 2545 2231 2892 526 
1725 1916 1372 1161 1592 486 244 344 1167 1176 0 1730 1462 2121 715 
1268 1443 2160 1997 1740 1328 1438 1368 2010 2336 1633 0 815 1578 1765 
573 755 2029 1856 1599 1205 1339 1245 1880 2196 1512 933 0 1009 1643 
662 662 2414 2251 2034 1610 1705 1650 2276 2584 1899 1567 878 0 2012 
2097 2210 1386 1175 1886 869 808 879 1167 557 648 2120 1824 2467 0 
0 648 2042 1880 1686 1196 1370 1298 1894 2159 1435 1211 578 680 1628 
731 0 2415 2253 2122 1576 1750 1640 2242 2516 1823 1541 953 729 1999 
2267 2391 0 344 2041 1085 1181 1225 741 1645 1184 2292 2066 2624 1150 
2113 2239 298 0 1853 943 1034 1062 577 1490 1016 2072 1873 2472 995 
1734 1899 1981 1808 0 1127 1301 1232 1789 2059 1366 1703 1592 2139 1555 
1357 1512 1131 980 1208 0 329 208 889 1248 437 1322 1215 1750 743 
1447 1602 1220 1040 1348 319 0 153 981 1221 230 1386 1305 1855 742 
1433 1588 1252 1072 1258 235 166 0 1020 1298 305 1386 1291 1855 815 
2115 2239 822 632 1955 965 1063 1107 0 1276 1069 2104 1933 2472 1050 
2372 2496 1657 1477 2292 1289 1241 1322 1263 0 1125 2461 2171 2755 600 
1622 1777 1252 1072 1495 464 241 383 1020 1119 0 1591 1480 2049 617 
1206 1361 2142 1980 1759 1307 1481 1372 1986 2239 1546 0 937 1599 1724 
585 699 1961 1774 1577 1108 1282 1213 1761 2023 1347 769 0 925 1527 
663 634 2415 2253 2122 1576 1750 1640 2242 2516 1823 1550 965 0 1999 
1975 2093 1252 1072 1781 884 728 859 1050 527 646 1933 1816 2326 0 
0 699 2286 2168 1760 1301 1428 1333 2096 2438 1510 1296 557 671 1922 
679 0 2516 2398 1970 1546 1669 1578 2326 2666 1755 1509 803 641 2206 
2567 2636 0 366 2389 1557 1589 1629 758 1806 1597 2507 2273 2891 1668 
2672 2831 353 0 2419 1497 1529 1569 562 1608 1537 2662 2428 3079 1558 
1790 1899 2177 2059 0 1195 1322 1227 1988 2320 1404 1779 1556 2140 1810 
1434 1511 1221 1003 1246 0 295 220 983 1297 395 1435 1200 1771 836 
1497 1574 1221 1026 1366 354 0 151 983 1162 174 1522 1263 1856 737 
1497 1574 1284 1078 1266 274 165 0 1047 1270 299 1462 1263 1856 819 
2379 2461 765 617 2143 1119 1169 1209 0 1316 1177 2364 2098 2681 1240 
2550 2619 1714 1508 2298 1347 1217 1337 1355 0 1099 2490 2256 2891 561 
1672 1749 1233 1026 1481 446 218 317 1001 1079 0 1661 1438 2068 635 
1286 1363 2353 2235 1796 1363 1490 1395 2163 2472 1572 0 806 1623 1956 
602 739 2177 2059 1615 1195 1322 1227 1988 2320 1404 814 0 950 1810 
683 694 2652 2534 2090 1646 1769 1678 2462 2774 1862 1586 875 0 2329 
2171 2247 1303 1097 1881 865 772 829 1080 506 664 2073 1860 2467 0 
0 556 2067 1923 1574 1294 1231 1208 1843 2136 1339 1167 516 595 1655 
622 0 2430 2286 1949 1621 1599 1576 2220 2498 1707 1543 854 500 2039 
2331 2390 0 266 2041 1292 1370 1367 690 1525 1351 2286 2068 2527 1351 
2294 2353 266 0 2029 1146 1224 1221 566 1450 1205 2286 2031 2490 1229 
1622 1763 2007 1863 0 1145 1235 1132 1788 2096 1317 1675 1431 1905 1601 
1312 1453 1052 908 1084 0 228 165 899 1188 301 1326 1121 1593 713 
1312 1453 1091 950 1186 227 0 123 922 1079 118 1326 1121 1593 651 
1231 1372 1101 958 1129 167 125 0 922 1140 225 1289 1054 1512 721 
1879 2027 619 475 1670 760 864 835 0 1047 845 1917 1668 2159 900 
2163 2222 1472 1328 1921 1075 1084 1134 1041 0 980 2145 1900 2359 502 
1385 1526 1073 938 1272 309 118 227 922 968 0 1415 1194 1666 544 
1181 1322 2084 1940 1596 1294 1255 1232 1871 2160 1363 0 770 1462 1676 
503 599 1952 1780 1459 1127 1080 1056 1709 1996 1188 699 0 737 1522 
546 482 2440 2296 1984 1641 1619 1596 2230 2534 1727 1583 894 0 2075 
1779 1931 1167 1023 1617 726 635 702 950 483 531 1833 1588 2062 0 
