13
10
5400
0
2234
2224
2425
2560
1991
2333
1951
2310
1829
2005
2090
2463
0 1168 913 1380 926 41 1072 1767 309 175 753 988 435 
1183 0 393 1592 453 1217 963 2034 1021 1142 973 495 779 
930 406 0 1275 112 967 672 1670 731 876 648 174 530 
1344 1548 1225 0 1115 1331 798 1186 1398 1223 648 1057 1083 
953 477 114 1163 0 987 560 1574 755 891 536 67 554 
41 1212 945 1362 961 0 1099 1748 346 162 740 1007 456 
1090 960 672 826 562 1077 0 1229 950 952 381 526 756 
1738 1944 1610 1220 1500 1725 1245 0 1796 1617 1048 1442 1479 
308 1033 713 1450 728 345 948 1874 0 461 819 789 402 
175 1187 940 1286 948 162 1031 1670 462 0 660 921 546 
752 994 639 643 529 739 379 974 825 631 0 471 509 
968 510 182 1117 73 955 524 1498 823 842 487 0 622 
435 798 545 1117 560 456 730 1498 377 546 492 621 0 
0 1453 1151 1905 1159 41 1330 2312 409 175 1135 1226 648 
1450 0 393 1753 453 1487 981 2207 1199 1420 1049 500 960 
1046 437 0 1460 112 1083 674 1876 877 1120 696 179 633 
1666 1774 1406 0 1249 1653 918 1553 1678 1483 718 1193 1374 
1086 509 156 1303 0 1123 562 1765 932 1171 584 67 672 
45 1496 1173 1905 1181 0 1362 2312 446 162 1135 1248 682 
1281 1072 706 981 562 1318 0 1528 1128 1207 394 554 813 
2119 2369 2021 1507 1855 2106 1477 0 2240 1957 1228 1796 1864 
329 1287 963 1739 906 370 1100 2138 0 486 983 973 549 
182 1606 1269 1974 1277 169 1545 2416 569 0 1184 1344 819 
1018 1174 767 792 624 1005 428 1299 1089 846 0 565 695 
1196 543 220 1283 73 1233 539 1765 999 1115 535 0 740 
518 1053 776 1491 752 559 824 1920 500 683 709 802 0 
0 1544 1188 1792 1175 41 1370 2094 492 223 991 1246 544 
1602 0 466 1954 512 1590 1263 2262 1379 1446 1164 626 1061 
1238 553 0 1566 156 1227 957 1883 991 1096 797 270 688 
1621 1923 1543 0 1369 1601 1053 1488 1747 1457 793 1281 1408 
1251 693 239 1410 0 1232 794 1721 1024 1088 641 114 709 
63 1574 1218 1766 1205 0 1387 2059 532 210 965 1276 580 
1337 1350 914 1056 730 1317 0 1488 1189 1173 465 652 861 
2018 2300 1927 1504 1764 2005 1500 0 2131 1814 1196 1676 1791 
461 1352 907 1792 927 498 1190 2094 0 684 991 998 513 
260 1544 1188 1640 1175 225 1302 1974 737 0 858 1192 765 
918 1238 802 753 636 917 501 1232 1074 714 0 528 671 
1157 699 274 1334 110 1140 743 1640 1057 1004 554 0 737 
553 1073 713 1410 719 590 1002 1721 528 711 643 812 0 
0 1504 1160 1668 1147 41 1384 1968 513 228 914 1247 535 
1487 0 453 1813 520 1467 1320 2106 1350 1317 1069 605 992 
1135 560 0 1503 184 1134 948 1879 948 980 752 313 647 
1672 2002 1597 0 1463 1652 1203 1532 1840 1502 912 1365 1474 
1125 624 192 1333 0 1106 785 1702 983 952 583 129 677 
41 1518 1160 1634 1147 0 1425 1968 554 215 890 1229 567 
1294 1309 968 1109 822 1274 0 1464 1250 1124 510 755 923 
1904 2252 1852 1428 1687 1867 1474 0 2118 1726 1139 1589 1698 
428 1310 953 1715 926 467 1247 2016 0 621 974 1029 469 
229 1414 1059 1529 1046 216 1307 1879 739 0 782 1150 731 
842 1147 794 789 669 821 472 1097 1013 641 0 584 662 
1056 670 297 1257 138 1037 712 1610 1099 876 510 0 731 
473 986 683 1370 683 505 857 1741 505 646 625 811 0 
0 1360 1097 1597 1089 41 1336 1986 504 175 868 1140 518 
1505 0 449 1864 552 1492 1324 2237 1328 1346 1135 627 1040 
1105 491 0 1445 169 1098 948 1809 932 952 740 241 611 
1461 1742 1400 0 1232 1448 1094 1296 1642 1302 732 1140 1273 
1135 569 185 1301 0 1126 814 1670 969 980 608 99 659 
41 1360 1097 1558 1089 0 1381 1954 541 162 855 1121 555 
1191 1228 944 921 768 1178 0 1406 1198 1032 429 689 836 
1918 2223 1880 1424 1681 1905 1550 0 2065 1758 1195 1589 1725 
351 1198 877 1655 862 388 1187 2034 0 515 914 947 470 
212 1355 1076 1452 1068 199 1280 1814 695 0 743 1010 680 
786 1025 729 671 563 773 472 1068 1034 657 0 484 573 
1055 608 266 1244 96 1042 736 1578 1032 896 529 0 715 
468 960 693 1268 678 505 856 1668 441 632 571 743 0 
0 1559 1206 1638 1207 42 1335 2024 490 231 895 1232 588 
1638 0 507 1893 543 1644 1235 2166 1414 1442 1162 603 1095 
1174 549 0 1579 176 1151 918 1976 944 987 819 255 678 
1629 1943 1565 0 1411 1606 1074 1539 1664 1404 768 1288 1368 
1194 594 143 1426 0 1171 745 1774 944 987 651 87 681 
41 1606 1253 1629 1254 0 1375 2009 530 218 885 1228 628 
1363 1318 935 1080 777 1350 0 1539 1148 1148 505 768 876 
1995 2306 1988 1480 1808 1982 1528 0 2082 1782 1199 1678 1746 
446 1310 952 1724 940 476 1204 2108 0 654 992 1007 532 
192 1473 1117 1499 1118 175 1210 1857 644 0 731 1055 780 
885 1192 785 820 646 868 484 1083 1021 721 0 599 731 
1162 634 219 1370 80 1139 680 1715 1034 980 586 0 754 
499 997 693 1396 697 529 885 1751 495 652 626 776 0 
0 1730 1284 1662 1287 90 1409 2061 464 288 918 1210 551 
1586 0 474 1856 540 1573 1279 2240 1438 1418 1127 591 1118 
1172 453 0 1512 167 1159 918 1798 989 1004 771 234 698 
1548 1858 1434 0 1287 1535 1037 1414 1788 1380 773 1210 1395 
1148 521 176 1347 0 1135 748 1646 1022 980 604 67 732 
41 1663 1217 1633 1241 0 1387 2020 505 237 918 1185 592 
1316 1273 895 1020 723 1303 0 1461 1264 1148 485 704 892 
2057 2179 1919 1508 1713 2033 1516 0 2175 1824 1214 1636 1864 
470 1503 1050 1745 1074 512 1241 2136 0 680 1018 1127 550 
212 1554 1112 1535 1136 191 1286 1824 662 0 798 1086 760 
894 1176 775 797 603 876 476 1135 1108 713 0 528 703 
1092 553 250 1299 78 1079 697 1583 1084 924 553 0 787 
529 1128 710 1399 728 565 872 1678 521 683 658 795 0 
0 1707 1277 1863 1256 41 1290 2294 391 175 1070 1259 519 
1834 0 472 2063 530 1816 1121 2360 1551 1685 1256 581 1326 
1439 484 0 1629 132 1431 789 1884 1137 1301 924 194 930 
2043 1994 1737 0 1542 2030 1136 1438 2303 1880 971 1514 1821 
1321 555 142 1475 0 1308 657 1681 1160 1178 814 67 918 
41 1737 1311 1863 1290 0 1331 2294 428 162 1070 1292 556 
1496 1197 825 1105 687 1483 0 1398 1425 1353 515 698 1093 
2604 2573 2279 1739 2148 2591 1755 0 2835 2435 1574 2132 2394 
517 1342 911 1846 915 554 1177 2232 0 692 1034 982 531 
315 1860 1448 1846 1427 302 1406 2294 679 0 1070 1371 807 
1158 1295 895 836 766 1145 489 1097 1232 1015 0 707 918 
1284 593 211 1475 73 1271 608 1675 1160 1141 763 0 880 
503 1299 865 1552 858 537 978 1824 463 676 742 814 0 
0 1316 983 1479 998 41 1137 1798 352 175 824 1060 470 
1312 0 393 1619 453 1301 963 1940 1066 1167 991 498 815 
1001 406 0 1362 112 1038 672 1652 752 924 667 174 560 
1406 1595 1298 0 1188 1393 833 1195 1557 1259 693 1130 1241 
1031 477 114 1247 0 1068 560 1549 778 946 555 67 586 
41 1353 1025 1467 1040 0 1162 1782 391 162 811 1102 502 
1127 960 672 883 562 1114 0 1284 1015 980 399 526 754 
1918 2121 1792 1351 1682 1905 1394 0 2042 1754 1193 1624 1713 
360 1090 737 1524 752 397 1001 1859 0 510 877 813 436 
175 1413 1094 1387 1065 162 1093 1707 469 0 718 1007 632 
803 994 659 711 549 790 383 1036 894 656 0 491 597 
1037 510 182 1214 73 1024 524 1512 846 888 506 0 654 
483 994 702 1262 717 506 754 1585 413 623 568 701 0 
0 1172 919 1401 939 41 1073 1731 309 175 778 995 453 
1222 0 393 1592 453 1242 963 1936 1044 1143 972 495 799 
942 406 0 1267 112 978 672 1612 735 880 642 174 540 
1332 1548 1238 0 1131 1319 798 1186 1408 1211 648 1057 1097 
962 477 114 1155 0 999 560 1516 759 889 530 67 564 
41 1187 940 1387 948 0 1123 1731 346 162 765 1010 487 
1090 960 672 826 562 1077 0 1244 934 952 381 526 737 
1712 1944 1615 1231 1508 1699 1239 0 1809 1591 1040 1434 1471 
308 1044 723 1450 738 345 948 1776 0 461 823 799 420 
175 1212 981 1314 979 162 1056 1643 462 0 685 951 600 
754 994 641 643 531 741 379 994 827 633 0 473 518 
961 510 182 1105 73 948 524 1449 826 840 481 0 632 
435 802 548 1120 563 469 732 1516 377 596 499 624 0 
