21
10
5400
0
1082
1388
1388
1366
1295
1282
1158
1423
1441
1067
1063
1117
1247
1196
1043
1023
1464
1076
1074
919
0 1285 1085 940 972 582 718 1432 738 1285 1137 764 1105 601 435 1465 953 1013 808 1112 1472 
1259 0 1082 766 547 827 723 1146 677 1038 1173 1701 1065 757 1608 743 1954 908 1931 1114 1218 
1119 1080 0 518 785 690 594 623 614 440 106 1564 37 620 1468 738 1800 337 1788 36 473 
927 773 564 0 420 487 394 703 371 544 655 1376 560 424 1283 734 1612 243 1600 591 716 
1055 597 799 481 0 555 383 927 360 766 890 1437 782 502 1344 759 1673 643 1661 831 948 
616 848 620 487 517 0 151 977 171 817 711 1012 640 115 945 1030 1238 546 1246 647 994 
703 723 639 395 374 181 0 893 46 734 730 1139 659 266 1023 939 1346 532 1334 666 906 
1474 1158 651 692 888 1039 934 0 922 499 742 1959 634 972 1845 439 2218 638 2185 683 827 
725 677 661 367 346 203 54 865 0 706 752 1139 681 288 1035 915 1370 504 1358 688 878 
1152 848 346 379 575 720 620 449 597 0 412 1600 309 650 1501 571 1848 369 1829 382 451 
1152 1193 113 615 882 753 691 720 711 470 0 1600 123 717 1501 835 1848 434 1829 90 543 
749 1692 1485 1338 1364 1010 1146 1827 1166 1679 1551 0 1505 1001 519 1877 529 1411 595 1512 1878 
1134 1072 37 529 782 705 609 603 629 403 123 1600 0 635 1483 718 1848 348 1829 73 477 
563 797 605 459 485 114 236 951 256 783 696 949 625 0 858 1012 1143 531 1179 632 978 
450 1541 1373 1187 1213 831 982 1675 1002 1528 1421 518 1393 849 0 1719 543 1299 435 1400 1715 
1474 752 828 676 757 1033 968 439 945 828 926 1959 811 972 1845 0 2218 751 2185 860 1063 
863 1823 1616 1469 1495 1111 1247 1968 1267 1817 1683 529 1636 1132 543 2012 0 1542 182 1643 1977 
1055 911 338 237 576 595 506 641 502 506 429 1527 335 532 1404 748 1763 0 1751 365 678 
807 1870 1653 1506 1532 1148 1284 2002 1304 1849 1720 611 1673 1169 432 2039 182 1579 0 1680 2031 
1189 1167 60 562 829 734 638 667 658 438 70 1623 73 664 1530 782 1860 381 1847 0 511 
1526 1215 466 741 939 1099 1004 818 981 384 544 2039 482 1024 1893 934 2248 731 2234 498 0 
0 1617 1274 1226 1285 682 818 1792 841 1615 1286 934 1286 704 547 1834 1159 1269 988 1313 1722 
2035 0 1767 1286 813 1409 1211 1456 1144 1696 1865 2438 1734 1332 2379 968 2848 1514 2813 1813 1890 
1406 1402 0 630 937 758 642 690 665 448 131 1771 37 682 1727 798 2195 355 2116 36 480 
1092 1141 686 0 588 594 463 910 486 712 778 1648 685 503 1591 979 2073 321 1999 708 906 
1264 765 1114 582 0 734 485 1198 470 985 1190 1748 1081 647 1704 1013 2195 857 2095 1156 1180 
730 982 742 633 535 0 151 1268 174 1061 831 1315 757 115 1199 1312 1732 704 1642 764 1236 
855 807 766 553 389 249 0 1268 49 1048 855 1443 781 337 1329 1253 1871 728 1770 788 1246 
1969 1374 708 843 1020 1328 1200 0 1290 499 813 2350 689 1246 2291 469 2746 671 2730 742 860 
894 779 805 525 361 288 60 1226 0 1026 894 1490 820 376 1402 1224 1939 762 1827 827 1222 
1581 1150 375 548 697 955 812 477 835 0 459 1955 338 852 1912 622 2312 414 2315 410 481 
1406 1481 115 729 1020 759 745 787 768 494 0 1771 125 771 1727 895 2195 454 2116 92 552 
913 2154 1868 1696 1740 1129 1276 2401 1366 2219 1869 0 1877 1191 587 2385 729 1781 738 1890 2319 
1406 1366 37 640 895 776 656 662 679 411 138 1771 0 696 1727 770 2195 365 2116 73 484 
664 1110 708 599 620 115 236 1226 259 1026 797 1236 723 0 1125 1282 1653 670 1563 730 1210 
525 2050 1760 1590 1634 1023 1170 2268 1260 2085 1732 649 1769 1085 0 2273 602 1675 454 1799 2221 
1969 900 805 849 965 1334 1200 512 1290 787 912 2362 786 1246 2303 0 2768 768 2743 839 991 
980 2254 1958 1796 1854 1229 1376 2501 1466 2319 1992 557 1980 1291 546 2499 0 1901 186 1980 2434 
1239 1273 368 278 771 700 569 694 592 548 464 1702 367 609 1658 802 2138 0 2061 390 741 
888 2316 1995 1826 1888 1261 1408 2547 1498 2365 2051 653 2013 1323 433 2529 182 1927 0 2017 2478 
1439 1429 60 674 965 802 690 734 713 460 95 1822 73 730 1758 842 2195 399 2143 0 518 
1836 1559 470 971 1097 1208 1192 845 1282 410 555 2228 486 1250 2182 1014 2608 805 2607 502 0 
0 1545 1346 1156 1210 682 822 1736 914 1497 1443 945 1392 701 516 1835 1228 1258 1067 1394 1752 
1567 0 1335 1069 861 1081 1026 1547 951 1308 1462 2004 1347 990 1945 1113 2315 1228 2302 1392 1563 
1339 1363 0 767 967 885 759 870 845 542 176 1783 114 782 1731 1002 2074 527 2080 95 584 
1106 1043 726 0 554 589 463 967 549 731 848 1560 687 486 1508 1004 1833 350 1887 775 923 
1184 807 929 553 0 705 495 1129 468 917 1023 1597 872 602 1545 994 1878 777 1915 979 1132 
777 1014 696 614 674 0 158 1198 244 975 845 1255 749 134 1139 1267 1528 610 1567 764 1243 
860 895 732 650 521 239 0 1231 86 1025 881 1312 785 320 1211 1310 1585 646 1624 800 1269 
1709 1416 826 885 1012 1216 1135 0 1155 720 934 2153 787 1132 2073 610 2454 775 2429 875 1107 
913 820 779 671 463 286 77 1296 0 1049 926 1343 832 367 1297 1301 1616 693 1655 847 1317 
1321 1069 493 518 628 872 762 627 814 0 594 1758 455 769 1706 733 2062 443 2053 543 570 
1479 1458 160 897 1057 1025 889 998 930 585 0 1885 174 917 1848 1071 2203 641 2183 113 686 
896 1955 1766 1567 1608 1112 1269 2151 1289 1905 1827 0 1832 1134 651 2247 795 1678 839 1843 2102 
1293 1299 39 724 870 845 719 802 805 563 166 1730 0 742 1678 919 2013 467 2036 88 623 
725 989 721 639 649 129 273 1219 359 975 870 1217 774 0 1086 1288 1490 635 1529 789 1243 
527 1811 1627 1428 1469 974 1131 1969 1151 1759 1691 676 1673 995 0 2119 733 1539 568 1675 1987 
1800 1114 968 947 1000 1307 1190 638 1210 1008 1078 2248 950 1223 2187 0 2549 919 2524 1025 1251 
1044 2130 1922 1716 1757 1261 1418 2292 1438 2052 2033 733 1931 1283 698 2436 0 1831 243 1975 2239 
1245 1172 452 353 737 768 642 852 728 656 601 1656 466 665 1604 973 1921 0 1990 520 836 
958 2185 1975 1758 1799 1303 1460 2313 1480 2080 2156 803 1984 1325 501 2462 220 1891 0 2028 2267 
1393 1397 92 829 1009 958 821 950 914 534 97 1834 106 844 1785 1033 2203 573 2137 0 635 
1908 1551 578 1016 1161 1390 1277 1115 1297 518 679 2322 584 1306 2254 1295 2623 971 2598 646 0 
0 1535 1416 1193 1149 741 876 1687 926 1546 1541 840 1415 783 530 1856 1135 1254 928 1442 1721 
1570 0 1294 990 677 1055 851 1437 791 1296 1425 1990 1284 972 1979 1178 2279 1161 2234 1330 1471 
1279 1273 0 717 860 762 667 768 702 575 140 1666 46 697 1663 934 2061 469 1981 36 592 
1120 995 700 0 500 582 487 850 522 666 818 1448 686 517 1445 943 1775 362 1778 734 827 
1120 704 879 507 0 590 419 1035 411 845 1028 1526 865 525 1523 965 1875 730 1847 929 1020 
748 995 754 637 552 0 159 1109 194 958 888 1113 779 147 1077 1267 1437 676 1445 784 1124 
825 828 782 560 393 221 0 1067 61 878 918 1210 807 332 1194 1199 1537 704 1540 812 1069 
1702 1392 801 871 988 1220 1093 0 1128 705 932 2139 787 1104 2055 664 2419 775 2391 835 1015 
871 767 828 532 365 267 60 1035 0 850 982 1230 853 378 1258 1171 1557 735 1560 858 1020 
1342 1027 469 511 596 822 727 554 762 0 547 1724 455 757 1721 716 2100 443 2044 503 507 
1407 1392 138 845 1004 890 795 896 830 628 0 1792 171 825 1789 1046 2192 597 2081 118 676 
865 1972 1758 1536 1562 1105 1271 2129 1307 1945 1881 0 1757 1137 680 2256 671 1596 752 1784 2141 
1314 1273 60 741 826 798 703 734 738 599 169 1701 0 733 1698 896 2079 498 2008 94 650 
673 934 755 589 533 134 267 1073 302 892 889 1056 780 0 1001 1235 1365 677 1350 785 1069 
525 1813 1627 1405 1431 968 1134 1988 1170 1817 1752 654 1626 1006 0 2095 709 1465 493 1653 1990 
1782 1042 886 922 931 1300 1173 594 1195 919 1028 2190 872 1184 2131 0 2470 860 2442 929 1092 
1043 2077 1873 1669 1695 1238 1404 2237 1440 2040 1991 656 1880 1270 696 2364 0 1729 227 1902 2234 
1120 1133 454 383 699 630 535 785 570 632 588 1526 476 565 1523 953 1875 0 1847 484 793 
1011 2107 1910 1700 1726 1269 1435 2269 1471 2095 2028 732 1917 1301 504 2396 248 1760 0 1939 2289 
1342 1322 62 769 931 814 719 820 754 603 104 1722 98 749 1719 1000 2100 521 2044 0 620 
1867 1524 579 954 1130 1351 1224 1052 1244 520 664 2303 624 1235 2231 1199 2583 943 2555 611 0 
0 1538 1291 1140 1122 725 874 1702 900 1473 1381 864 1289 746 550 1777 1143 1167 975 1324 1636 
1422 0 1228 968 692 982 826 1440 748 1211 1317 1885 1211 882 1825 1033 2251 1102 2214 1262 1374 
1309 1312 0 734 931 845 733 817 759 554 106 1756 64 757 1697 951 2161 496 2074 36 511 
1123 935 664 0 510 585 473 845 499 685 758 1433 657 497 1374 919 1737 333 1748 700 828 
1123 741 806 544 0 561 466 1012 399 827 900 1410 799 473 1351 1088 1714 690 1725 842 967 
810 961 684 578 570 0 174 1151 200 955 776 1084 728 157 1069 1264 1371 641 1382 706 1102 
898 778 684 569 396 197 0 1094 52 917 776 1160 728 302 1130 1199 1458 641 1469 706 1046 
1654 1396 784 892 1005 1198 1097 0 1049 710 878 2107 777 1086 2065 646 2426 805 2425 820 1017 
946 726 746 561 388 259 94 1083 0 899 838 1218 790 364 1177 1191 1522 703 1533 768 1046 
1274 1011 426 525 626 809 737 575 739 0 504 1728 449 721 1669 749 2059 487 2063 458 517 
1291 1396 180 853 1008 958 852 894 878 620 0 1706 145 876 1647 1042 2029 614 2041 120 587 
898 1946 1691 1542 1513 1123 1291 2082 1323 1896 1781 0 1689 1148 617 2185 659 1567 755 1724 2053 
1291 1271 69 710 862 826 714 758 740 553 128 1736 0 738 1677 934 2059 469 2069 105 541 
767 935 650 544 522 131 269 1094 295 917 742 1050 694 0 1014 1199 1333 607 1355 672 1046 
489 1709 1467 1318 1289 898 1082 1849 1114 1645 1557 629 1465 922 0 1951 704 1343 525 1500 1815 
1731 1016 875 922 1002 1275 1163 577 1134 955 967 2193 868 1163 2165 0 2512 896 2511 915 1102 
1111 2108 1854 1713 1684 1294 1462 2269 1494 2078 1945 683 1865 1319 668 2364 0 1738 217 1877 2240 
1221 1181 445 365 753 696 584 810 610 684 539 1623 439 608 1564 951 1967 0 1948 478 827 
916 2108 1854 1713 1684 1294 1462 2269 1494 2078 1945 769 1865 1319 461 2364 235 1738 0 1877 2240 
1357 1363 106 809 991 922 813 857 839 592 70 1765 99 837 1706 1007 2161 568 2074 0 559 
1759 1527 494 968 1116 1303 1186 1075 1138 484 573 2265 537 1191 2228 1191 2584 983 2583 526 0 
0 1528 1319 1166 1205 656 824 1725 863 1664 1411 841 1342 708 524 1817 1148 1220 944 1341 1788 
1476 0 1341 997 711 1020 934 1496 910 1435 1435 1993 1328 917 1800 1093 2214 1138 2234 1375 1559 
1330 1285 0 623 892 832 738 791 777 563 106 1800 55 759 1615 934 1997 480 2021 36 515 
1126 923 691 0 518 565 471 877 510 707 782 1526 686 492 1341 951 1692 294 1740 726 845 
1177 712 893 528 0 636 431 1051 427 943 991 1638 888 563 1453 975 1810 730 1857 929 1079 
783 1067 773 608 697 0 244 1208 283 1124 867 1125 800 116 1058 1309 1405 757 1463 802 1221 
853 898 755 590 453 247 0 1208 105 1106 849 1305 782 336 1123 1295 1471 739 1519 784 1195 
1704 1379 798 847 1024 1262 1161 0 1189 749 889 2128 793 1161 2043 590 2463 809 2483 833 1017 
953 813 851 663 442 343 102 1208 0 1119 945 1397 878 432 1216 1305 1563 835 1611 880 1221 
1400 1044 478 520 662 919 815 605 830 0 562 1889 481 836 1699 730 2105 482 2125 510 514 
1419 1379 123 733 1024 937 848 895 887 573 0 1940 154 869 1740 1030 2214 590 2171 97 585 
913 1976 1749 1566 1589 1109 1273 2206 1311 2022 1842 0 1772 1136 714 2219 765 1648 768 1771 2171 
1337 1258 53 626 870 843 749 769 788 535 132 1822 0 770 1631 894 2029 483 2049 84 519 
732 1018 754 568 679 143 307 1161 346 1074 848 1071 781 0 974 1274 1336 717 1386 783 1171 
564 1734 1560 1377 1400 926 1090 1970 1128 1892 1652 644 1583 951 0 2041 685 1459 509 1582 2009 
1744 986 935 897 939 1302 1201 594 1234 1052 1029 2147 914 1201 2082 0 2482 944 2502 966 1171 
1062 2175 1904 1719 1742 1262 1426 2347 1464 2180 2003 673 1947 1289 696 2366 0 1808 232 1933 2287 
1242 1136 449 278 736 703 609 803 648 677 540 1675 444 630 1490 934 1859 0 1894 484 815 
1032 2276 1993 1830 1857 1361 1525 2422 1563 2255 2081 808 2036 1388 508 2459 217 1893 0 2016 2362 
1371 1346 63 673 939 882 788 841 827 541 70 1859 103 809 1677 970 2063 530 2083 0 553 
1823 1547 534 1077 1199 1371 1270 1079 1308 508 620 2221 577 1270 2170 1254 2556 1013 2576 566 0 
0 1571 1265 1146 1225 675 829 1793 871 1685 1355 847 1300 701 504 1853 1156 1234 972 1285 1767 
1576 0 1354 977 731 1071 1002 1543 977 1435 1444 1983 1366 961 1974 1103 2270 1216 2330 1374 1594 
1333 1335 0 674 886 809 670 732 712 519 106 1678 37 702 1637 972 1956 449 1946 36 526 
1181 1006 718 0 506 616 477 883 519 777 810 1538 732 509 1497 974 1830 382 1797 740 946 
1282 753 921 542 0 700 461 1075 471 992 1014 1624 890 617 1583 1033 1922 789 1889 948 1120 
787 1104 724 634 673 0 211 1217 253 1108 816 1226 747 184 1169 1350 1516 706 1485 746 1254 
890 827 703 613 462 239 0 1217 67 1089 795 1319 726 340 1284 1324 1609 685 1578 725 1228 
1837 1560 865 970 1118 1354 1239 0 1264 737 952 2258 837 1244 2265 619 2527 892 2605 894 1120 
976 760 758 645 445 294 71 1217 0 1089 850 1392 781 395 1351 1354 1682 740 1651 780 1242 
1449 1104 466 529 648 939 787 550 829 0 534 1799 463 819 1758 775 2128 518 2069 498 552 
1427 1429 113 777 1003 919 773 829 815 559 0 1753 134 805 1712 1066 2050 552 2028 90 604 
877 1997 1684 1589 1670 1104 1281 2282 1306 2103 1774 0 1719 1150 631 2294 711 1653 746 1704 2206 
1344 1308 58 681 856 816 677 702 719 553 123 1691 0 709 1650 936 1991 456 1962 75 578 
754 1006 679 589 649 141 294 1169 336 1089 771 1187 702 0 1130 1303 1420 661 1419 701 1193 
539 1867 1549 1454 1535 958 1135 2138 1160 1967 1639 598 1584 1015 0 2158 630 1518 510 1569 2074 
1835 1128 1213 945 990 1343 1228 589 1253 1258 1303 2258 1193 1233 2265 0 2527 1055 2603 1240 1424 
1038 2134 1838 1743 1844 1258 1435 2444 1460 2283 1927 649 1873 1304 695 2447 0 1808 250 1857 2383 
1282 1184 404 313 735 761 622 799 664 691 496 1647 414 654 1606 1032 1933 0 1915 426 872 
990 2264 1985 1862 1941 1365 1542 2591 1567 2430 2074 730 2016 1411 507 2545 202 1929 0 2004 2530 
1386 1396 60 724 931 859 720 776 762 557 70 1729 81 752 1688 997 2036 499 1999 0 565 
1862 1560 520 970 1118 1376 1261 1030 1286 449 588 2279 529 1266 2275 1244 2548 967 2605 552 0 
0 1838 1383 1449 1468 716 972 2012 1024 1921 1387 846 1419 757 496 2214 986 1352 808 1405 1863 
1771 0 1482 972 719 1112 997 1469 912 1558 1560 2247 1455 1091 2213 948 2453 1167 2520 1511 1761 
1421 1499 0 650 1066 895 800 864 880 627 108 1707 63 911 1735 1171 1936 360 1976 40 536 
1245 1089 723 0 590 636 541 1012 616 1035 797 1540 718 534 1568 977 1756 366 1805 757 1171 
1415 769 1137 595 0 731 509 1273 460 1243 1215 1761 1110 742 1789 977 1991 848 2031 1166 1446 
847 1224 843 683 704 0 242 1410 322 1353 919 1139 841 139 1255 1378 1355 744 1403 877 1336 
927 938 858 698 462 243 0 1427 80 1371 935 1336 856 321 1364 1404 1552 759 1600 892 1351 
1888 1602 700 854 1075 1274 1305 0 1330 730 790 2313 685 1214 2297 602 2519 679 2586 739 1050 
965 868 896 717 421 281 83 1405 0 1349 973 1341 894 359 1369 1377 1557 797 1605 929 1387 
1672 1322 453 634 894 1074 1019 550 1075 0 505 2136 446 973 2121 900 2342 476 2409 475 650 
1353 1621 115 755 1181 1011 926 982 993 646 0 1639 154 1003 1667 1302 1857 465 1909 92 588 
1107 2666 2184 2236 2279 1562 1813 2857 1835 2680 2153 0 2220 1587 621 2875 557 2218 648 2206 2646 
1421 1505 53 656 1066 939 808 844 888 564 142 1707 0 922 1735 1171 1936 366 1976 92 536 
761 1256 856 665 804 152 342 1396 422 1340 926 1059 854 0 1168 1374 1255 757 1327 890 1351 
535 2318 1847 1891 1915 1247 1489 2518 1541 2349 1827 614 1883 1225 0 2621 590 1818 441 1869 2315 
1999 1127 1095 950 1026 1367 1376 581 1381 1218 1173 2421 1068 1307 2406 0 2627 1032 2694 1124 1479 
1064 2851 2332 2393 2447 1734 1980 3041 2022 2809 2345 596 2368 1759 630 3032 0 2374 193 2354 2797 
1382 1304 370 296 886 784 689 810 769 731 459 1668 355 682 1696 939 1886 0 1944 409 830 
877 2666 2184 2236 2267 1558 1800 2857 1835 2680 2153 664 2220 1583 478 2875 182 2218 0 2206 2646 
1421 1594 60 700 1118 963 850 916 975 609 70 1707 102 959 1735 1247 1936 410 1976 0 549 
2050 1875 531 1175 1395 1437 1509 961 1566 539 610 2384 562 1377 2369 1493 2590 891 2657 567 0 
0 1457 1202 1072 1079 670 821 1593 866 1449 1219 768 1238 693 468 1680 960 1180 859 1224 1613 
1370 0 1196 859 588 874 817 1182 749 1226 1287 1706 1216 794 1631 760 1911 1003 1934 1223 1390 
1257 1210 0 535 812 722 649 698 694 446 106 1561 37 642 1486 809 1755 366 1785 36 473 
1055 824 579 0 456 499 437 916 442 715 670 1379 582 430 1304 778 1573 258 1603 606 951 
1087 604 840 508 0 545 436 1090 384 917 935 1398 860 465 1323 857 1592 664 1622 867 1130 
730 886 649 524 564 0 161 1177 206 1023 740 1087 669 115 1045 1091 1274 575 1307 676 1129 
845 820 694 560 444 209 0 1177 86 1007 785 1194 714 296 1154 1127 1388 620 1418 721 1164 
1561 1248 663 711 875 1069 1005 0 967 499 754 1908 646 993 1845 468 2105 656 2146 695 865 
875 734 724 474 358 239 78 1090 0 917 815 1225 744 326 1163 1045 1419 617 1449 751 1130 
1288 880 346 410 574 758 701 473 649 0 412 1605 309 678 1530 628 1799 395 1829 382 516 
1265 1270 113 638 931 772 752 795 797 476 0 1592 123 745 1517 910 1786 469 1829 90 543 
939 1958 1735 1592 1585 1194 1335 2112 1360 1957 1779 0 1755 1214 520 2180 529 1674 613 1762 2146 
1266 1145 37 543 792 734 661 678 706 409 123 1580 0 654 1505 789 1774 374 1805 73 477 
685 815 625 492 506 114 242 1148 287 955 716 1008 645 0 984 1044 1205 551 1246 652 1095 
447 1657 1440 1297 1290 893 1055 1799 1080 1655 1489 518 1460 917 0 1909 568 1379 459 1467 1827 
1620 801 852 754 851 1120 1052 439 1077 832 945 1959 835 1052 1910 0 2174 769 2185 884 1127 
967 2074 1843 1697 1690 1299 1440 2213 1465 2088 1895 529 1863 1319 543 2273 0 1779 182 1868 2284 
1152 1033 338 244 676 610 548 715 593 547 429 1465 335 541 1390 779 1659 0 1689 365 756 
822 2074 1843 1697 1690 1299 1440 2213 1465 2088 1895 619 1863 1319 432 2273 182 1779 0 1868 2284 
1288 1222 60 585 856 772 699 742 744 444 70 1605 73 692 1530 853 1799 416 1829 0 511 
1654 1340 472 808 972 1162 1085 844 1047 416 550 1987 488 1086 1936 1072 2181 793 2212 504 0 
0 1307 1112 954 1007 582 718 1451 738 1304 1129 742 1143 601 435 1491 948 1013 808 1134 1474 
1298 0 1103 799 573 864 740 1151 694 1065 1194 1684 1089 788 1595 753 1977 944 1909 1135 1230 
1111 1080 0 518 807 690 618 623 638 466 106 1506 37 614 1417 738 1786 337 1728 36 473 
927 775 577 0 427 487 422 703 403 553 668 1338 560 418 1249 740 1618 269 1560 609 706 
954 623 724 407 0 530 384 850 361 700 815 1348 707 454 1259 783 1628 586 1570 756 853 
616 853 620 487 517 0 151 977 171 826 711 1040 640 115 945 1030 1314 546 1246 647 994 
703 732 639 395 374 181 0 894 46 744 730 1139 659 280 1035 969 1392 532 1334 666 897 
1491 1174 679 752 931 1070 980 0 957 539 770 1877 662 994 1784 457 2170 666 2095 711 829 
725 686 661 367 346 203 54 866 0 716 752 1139 681 302 1048 948 1414 504 1356 688 869 
1189 858 346 420 586 738 648 449 625 0 412 1565 309 662 1476 574 1848 377 1787 382 439 
1152 1214 113 615 931 753 715 720 735 496 0 1565 123 711 1476 835 1848 434 1787 90 543 
745 1686 1489 1329 1355 1010 1146 1833 1166 1683 1545 0 1514 992 519 1893 529 1402 595 1511 1854 
1128 1072 37 529 787 705 633 603 653 429 123 1542 0 629 1453 718 1822 348 1764 73 477 
563 799 607 468 521 114 236 951 256 799 698 959 627 0 869 1012 1211 533 1195 634 954 
435 1544 1380 1187 1213 823 982 1688 1002 1541 1397 518 1411 843 0 1721 543 1299 435 1402 1711 
1468 779 720 704 825 1040 979 440 989 763 811 1859 703 971 1761 0 2134 707 2079 752 927 
859 1798 1601 1441 1467 1086 1222 1949 1242 1795 1660 529 1626 1104 543 2001 0 1514 182 1623 1973 
1055 900 338 249 592 595 530 641 528 532 429 1469 335 526 1380 756 1749 0 1691 365 685 
807 1835 1632 1472 1498 1117 1253 1998 1273 1849 1691 611 1657 1135 432 2036 182 1545 0 1654 1992 
1189 1188 60 562 851 734 662 667 682 464 70 1565 73 658 1476 782 1848 381 1787 0 511 
1539 1274 466 798 972 1118 1030 826 1007 396 544 1940 482 1042 1845 955 2200 755 2146 498 0 
