21
5
10800
0
997
902
1080
1317
1270
1097
1397
1179
1442
1284
1303
1174
1324
1183
936
1172
1339
919
1268
1052
0 921 793 1861 1844 1079 1178 554 882 136 1527 1593 388 1244 1294 1960 1509 615 842 1191 743 
866 0 810 1977 1958 506 1321 413 688 928 1638 1704 731 314 1405 2068 1620 397 1067 1342 760 
785 818 0 1415 1374 676 711 514 307 832 1079 1147 561 1007 832 1452 1021 623 640 732 67 
1821 1911 1322 0 1318 1923 1282 1633 1619 1861 778 594 1444 2083 736 1396 789 1742 1253 1392 1347 
1735 1833 1243 1310 0 1845 1213 1555 1540 1775 1019 1130 1365 1997 824 477 719 1664 1199 1338 1268 
976 484 642 1965 1936 0 1321 612 512 1014 1629 1695 752 490 1396 2059 1611 732 1066 1342 686 
1163 1275 671 1330 1265 1281 0 1001 977 1203 952 1069 793 1448 713 1396 910 1108 530 344 696 
529 410 537 1671 1682 663 1040 0 470 576 1375 1403 360 724 1142 1762 1354 123 797 1056 487 
859 552 315 1671 1668 410 1019 457 0 910 1361 1403 640 693 1128 1762 1343 580 951 1053 359 
134 959 823 1892 1880 1127 1212 584 912 0 1551 1617 418 1282 1318 1979 1533 641 860 1233 773 
1489 1593 1020 778 1058 1599 936 1314 1301 1529 0 856 1119 1766 273 1111 581 1423 948 1077 1026 
1593 1697 1118 614 1114 1703 1072 1418 1415 1633 912 0 1223 1911 785 1196 582 1527 1052 1191 1143 
379 728 579 1508 1469 791 789 357 668 423 1158 1240 0 1011 916 1547 1123 438 622 810 529 
1209 314 980 2177 2119 495 1486 727 846 1246 1812 1888 933 0 1579 2254 1794 711 1247 1507 939 
1268 1345 762 736 847 1351 696 1078 1059 1308 275 714 884 1518 0 947 439 1187 703 842 787 
1893 1987 1397 1471 496 2004 1356 1708 1694 1937 1169 1240 1519 2148 979 0 871 1825 1336 1475 1422 
1020 1109 519 917 820 1084 482 826 816 1057 555 642 641 1270 322 890 0 946 461 600 544 
540 397 618 1837 1844 786 1178 123 593 587 1499 1565 441 711 1266 1932 1481 0 931 1191 568 
844 1083 676 1326 1293 1063 529 785 943 882 960 1069 617 1243 724 1396 896 894 0 562 659 
1171 1275 676 1398 1326 1281 344 1007 977 1211 1019 1130 798 1448 785 1404 978 1116 563 0 701 
737 784 53 1419 1374 717 721 466 348 784 1079 1151 512 1007 842 1452 1070 575 643 742 0 
0 1205 976 2145 2138 1352 1467 759 1047 143 1889 1799 487 1553 1541 2208 1648 781 1093 1524 961 
1235 0 976 2375 2343 735 1673 623 810 1312 2080 2050 1043 397 1747 2390 1863 597 1324 1730 1019 
923 1078 0 1496 1550 816 861 630 333 1030 1253 1186 691 1173 906 1628 1074 741 837 912 94 
2106 2242 1494 0 1539 2137 1517 1851 1858 2148 985 665 1627 2384 916 1617 861 1949 1438 1640 1528 
2062 2204 1449 1502 0 2101 1454 1793 1800 2104 1262 1199 1582 2348 1030 653 821 1896 1438 1640 1483 
1301 644 757 2314 2296 0 1619 795 536 1378 2065 1989 1012 620 1693 2343 1800 936 1301 1676 781 
1457 1631 810 1454 1539 1592 0 1256 1131 1571 1179 1144 1012 1793 849 1617 1018 1369 722 489 829 
672 518 722 1957 1987 884 1331 0 635 716 1727 1644 507 937 1386 2070 1493 156 1045 1373 668 
1139 712 406 1924 1953 499 1270 594 0 1216 1699 1616 861 827 1358 2049 1465 741 1163 1324 430 
159 1245 1019 2200 2186 1423 1490 790 1121 0 1916 1822 518 1624 1564 2228 1671 833 1140 1547 1007 
1877 2003 1271 1052 1328 1914 1168 1607 1622 1932 0 995 1404 2175 432 1406 677 1720 1204 1396 1305 
1778 1939 1204 721 1272 1864 1136 1550 1555 1855 1084 0 1333 2101 871 1346 567 1663 1120 1324 1238 
505 1101 785 1633 1654 1093 1001 553 844 527 1399 1323 0 1291 1058 1732 1217 634 846 1064 765 
1456 443 1144 2547 2519 604 1845 954 977 1533 2216 2222 1217 0 1895 2566 2062 1018 1493 1909 1187 
1457 1631 825 951 1090 1592 736 1256 1167 1571 392 778 1012 1793 0 1191 487 1369 857 1016 844 
2331 2432 1700 1759 760 2327 1710 2042 2100 2373 1528 1449 1897 2574 1285 0 1069 2138 1644 1832 1734 
1207 1396 581 970 988 1357 517 1011 912 1321 685 616 764 1558 343 1108 0 1115 600 709 600 
699 520 805 2031 2075 1051 1396 150 782 743 1790 1707 590 937 1449 2114 1556 0 1120 1453 751 
1078 1439 832 1454 1539 1400 704 1045 1155 1192 1164 1144 828 1601 844 1617 1015 1154 0 718 851 
1423 1603 787 1472 1539 1564 410 1228 1094 1537 1202 1162 978 1765 867 1617 1041 1345 649 0 806 
840 1026 91 1493 1539 910 847 555 423 884 1244 1183 677 1131 892 1617 1063 666 823 890 0 
0 1132 891 2095 2115 1162 1344 689 992 136 1812 1719 446 1388 1474 2163 1596 697 1098 1403 881 
1097 0 998 2204 2280 683 1511 496 817 1143 1896 1895 965 398 1628 2328 1750 468 1233 1570 986 
945 999 0 1464 1518 758 791 655 316 1010 1229 1151 701 1108 892 1600 1026 795 703 830 84 
2006 2207 1414 0 1518 2055 1478 1779 1777 2051 925 618 1558 2291 975 1600 864 1884 1398 1537 1443 
1896 2128 1338 1460 0 1968 1393 1703 1701 1941 1159 1147 1482 2200 916 639 776 1794 1313 1452 1367 
1175 613 761 2204 2280 0 1511 760 531 1221 1896 1895 990 587 1628 2328 1750 893 1233 1570 801 
1333 1517 747 1443 1397 1389 0 1132 1103 1378 1143 1130 937 1615 808 1479 966 1223 598 456 790 
637 512 685 1884 1904 792 1206 0 568 727 1632 1544 463 930 1299 2017 1421 146 943 1265 675 
1008 686 420 1924 1944 480 1200 597 0 1053 1675 1587 835 820 1342 2036 1464 707 1098 1251 460 
134 1191 957 2095 2146 1216 1359 751 1033 0 1827 1749 469 1442 1504 2197 1626 759 1134 1418 940 
1650 1829 1096 984 1215 1699 1095 1452 1459 1695 0 949 1224 1955 307 1281 665 1543 1051 1227 1125 
1682 1871 1114 667 1202 1728 1200 1481 1477 1727 1033 0 1256 1955 840 1267 564 1572 1073 1251 1143 
553 1003 715 1613 1627 928 896 528 771 587 1336 1300 0 1168 1003 1709 1150 637 697 940 722 
1402 440 1108 2435 2505 630 1746 920 972 1448 2177 2160 1180 0 1904 2553 2000 890 1477 1812 1166 
1406 1560 803 874 1120 1432 774 1183 1173 1451 302 804 995 1658 0 1173 522 1274 771 961 846 
2082 2290 1493 1619 661 2130 1557 1856 1857 2127 1311 1306 1637 2366 1133 0 953 1972 1477 1616 1522 
1169 1278 538 949 1015 1196 554 922 854 1214 581 634 723 1422 321 1049 0 1046 499 674 581 
655 511 786 2004 2059 950 1322 171 715 745 1757 1669 564 930 1424 2123 1546 0 1052 1381 776 
1159 1278 745 1443 1368 1170 575 922 1037 1175 1143 1130 749 1396 803 1450 953 1028 0 626 788 
1331 1517 746 1443 1518 1389 445 1132 1102 1376 1191 1130 937 1615 852 1600 1023 1223 627 0 789 
866 1003 58 1460 1518 816 777 590 374 956 1229 1147 667 1131 878 1600 1023 730 689 816 0 
0 1126 1169 2216 2241 1505 1456 867 1264 166 1878 1888 486 1474 1547 2283 1756 796 1165 1472 1143 
1135 0 1032 2355 2422 709 1646 553 861 1203 2052 2052 1068 405 1737 2493 1961 530 1388 1662 1036 
1005 1072 0 1495 1571 786 874 686 327 1073 1301 1198 760 1094 953 1617 1085 802 794 854 85 
2065 2377 1464 0 1552 2316 1443 1990 1765 2126 941 615 1653 2528 990 1598 872 2111 1438 1550 1489 
2029 2312 1410 1495 0 2254 1400 1922 1711 2090 1219 1198 1599 2466 995 662 821 2011 1426 1538 1435 
1250 658 676 2277 2314 0 1546 792 527 1318 1948 1974 1034 618 1637 2373 1849 952 1344 1562 728 
1444 1654 789 1450 1552 1572 0 1220 1089 1489 1168 1153 1011 1844 825 1598 1030 1370 724 521 817 
694 510 720 2095 2098 849 1311 0 600 750 1747 1747 526 929 1415 2152 1624 162 1050 1327 711 
1066 707 340 1908 1936 498 1159 567 0 1134 1595 1595 860 800 1263 2006 1472 708 1141 1213 392 
150 1178 1169 2216 2264 1505 1471 884 1264 0 1879 1925 503 1526 1562 2352 1771 875 1165 1487 1163 
1862 2148 1234 993 1406 2065 1211 1724 1535 1923 0 1035 1423 2279 404 1452 718 1853 1222 1323 1259 
1862 2148 1215 726 1427 2049 1230 1705 1516 1892 1050 0 1404 2254 924 1473 625 1834 1199 1298 1240 
551 1126 781 1648 1705 1153 1003 595 949 595 1432 1351 0 1367 1100 1751 1255 697 834 1047 809 
1479 447 1137 2540 2585 642 1835 1006 983 1547 2224 2237 1226 0 1942 2633 2139 970 1562 1884 1198 
1488 1776 844 869 1077 1626 870 1342 1143 1533 365 784 1068 1926 0 1256 497 1492 837 961 872 
2248 2611 1635 1698 697 2466 1614 2185 1938 2309 1416 1402 1825 2678 1226 0 1045 2285 1609 1721 1660 
1267 1424 577 935 1050 1371 639 989 876 1312 645 642 788 1579 339 1118 0 1147 571 676 605 
724 501 829 2216 2273 1062 1475 201 801 780 1886 1925 626 900 1566 2352 1775 0 1240 1491 820 
1215 1484 837 1488 1571 1439 686 1049 1136 1260 1242 1191 869 1639 916 1617 1058 1197 0 673 865 
1488 1703 837 1562 1638 1619 532 1269 1136 1533 1314 1265 1045 1926 978 1684 1152 1419 763 0 865 
988 1082 55 1504 1575 822 882 669 363 1056 1301 1207 748 1140 960 1621 1085 785 802 862 0 
0 921 817 1934 1888 1192 1271 554 912 136 1611 1656 411 1235 1378 1960 1519 615 947 1294 767 
894 0 849 2068 2029 588 1375 439 717 937 1708 1753 803 314 1475 2059 1616 397 1150 1398 799 
853 852 0 1462 1425 676 787 534 307 889 1168 1167 576 1011 922 1485 1030 643 684 780 67 
1936 2008 1391 0 1321 2008 1315 1714 1688 1980 778 603 1615 2201 824 1381 829 1825 1334 1465 1416 
1903 1973 1359 1374 0 1983 1269 1682 1640 1947 1079 1163 1583 2188 897 484 782 1791 1262 1393 1384 
1068 489 645 2068 2029 0 1375 644 512 1104 1708 1753 794 503 1475 2059 1616 760 1117 1398 689 
1239 1479 714 1380 1304 1381 0 1181 1012 1279 996 1085 837 1687 752 1364 942 1284 568 345 739 
559 410 574 1787 1711 770 1142 0 470 599 1453 1492 381 724 1220 1771 1355 123 868 1164 524 
936 583 318 1761 1685 410 1104 460 0 961 1417 1466 673 724 1184 1745 1329 583 999 1096 362 
134 959 847 1965 1910 1211 1271 584 957 0 1634 1679 441 1273 1401 1960 1542 641 979 1294 797 
1629 1697 1066 908 1124 1708 988 1409 1339 1669 0 864 1310 1911 273 1159 586 1518 1042 1164 1091 
1676 1744 1129 626 1171 1755 1064 1456 1425 1716 925 0 1357 1979 784 1196 567 1565 1072 1193 1154 
386 737 629 1610 1521 1014 916 366 718 426 1279 1315 0 1054 1046 1581 1162 447 721 912 579 
1226 314 994 2182 2241 498 1525 753 849 1262 1852 1891 1009 0 1611 2169 1752 711 1264 1548 945 
1328 1537 826 764 949 1470 731 1249 1101 1368 275 722 1009 1745 0 1009 444 1358 824 912 851 
2077 2130 1522 1620 496 2139 1445 1855 1849 2121 1234 1346 1746 2333 1104 0 964 1961 1435 1566 1547 
1069 1301 543 892 944 1211 481 995 840 1109 580 616 666 1509 347 932 0 1099 527 609 568 
568 415 667 1897 1852 877 1271 123 593 604 1570 1615 476 729 1337 1909 1478 0 987 1294 617 
982 1279 744 1441 1358 1290 610 989 1051 1022 1091 1146 718 1487 850 1418 999 1098 0 604 769 
1227 1479 706 1441 1358 1373 348 1179 1004 1267 1079 1146 829 1687 846 1418 990 1284 624 0 731 
807 878 53 1479 1425 717 797 488 348 843 1168 1184 532 1041 930 1485 1053 597 694 790 0 
