21
5
10800
0
997
902
1080
1317
1270
1097
1397
1179
1442
1284
1303
1174
1324
1183
936
1172
1339
919
1268
1052
0 770 985 501 761 1197 633 587 748 1209 479 765 650 677 484 919 865 724 345 913 864 
780 0 1206 1209 109 633 1341 1292 533 774 450 1216 1358 1379 1183 546 1629 1437 620 263 1300 
1015 1171 0 1361 1228 1639 1493 1482 1329 394 939 1398 1510 1569 1373 636 1823 1627 1022 1112 1482 
471 1159 1343 0 1145 1556 264 374 1112 1567 831 1045 281 693 458 1316 881 582 699 1315 1165 
757 108 1138 1188 0 662 1320 1261 480 851 427 1210 1337 1348 1152 623 1598 1406 597 347 1294 
1209 636 1612 1627 660 0 1759 1748 883 1314 876 1652 1776 1846 1639 1078 2118 1917 1048 691 1736 
597 1279 1461 264 1282 1693 0 402 1247 1685 968 1174 85 755 561 1436 948 462 825 1420 1294 
524 1197 1369 374 1200 1611 402 0 1138 1593 858 1124 419 551 357 1328 739 412 726 1338 1212 
887 571 1429 1296 498 643 1428 1420 0 1190 687 1326 1445 1507 1311 953 1757 1565 551 780 1410 
1180 886 394 1571 977 1379 1703 1692 1196 0 799 1623 1720 1779 1583 328 2021 1842 1137 740 1707 
521 516 885 863 507 912 998 940 620 803 0 931 1015 1033 835 514 1263 1141 474 657 999 
741 1197 1429 1035 1200 1611 1167 1125 1126 1621 889 0 1184 1237 1042 1332 1487 1270 715 1338 471 
614 1297 1478 281 1300 1711 85 419 1261 1702 991 1184 0 772 578 1443 970 417 842 1438 1336 
788 1472 1667 720 1475 1888 852 771 1433 1927 1145 1350 869 0 439 1619 616 922 1022 1613 1482 
467 1130 1343 477 1116 1527 601 480 1086 1567 801 1045 618 439 0 1287 655 617 669 1272 1136 
890 604 636 1333 689 1136 1465 1454 934 328 510 1332 1482 1541 1345 0 1791 1599 847 496 1416 
827 1490 1685 820 1493 1905 915 793 1442 1927 1165 1400 933 555 662 1637 0 942 1031 1631 1505 
695 1360 1547 593 1363 1774 462 407 1311 1771 1034 1268 417 722 528 1499 916 0 897 1501 1366 
376 608 1059 761 633 1059 893 836 411 1116 443 758 913 931 733 788 1128 973 0 749 842 
945 263 1206 1385 348 693 1517 1506 716 740 614 1398 1534 1593 1397 496 1848 1651 735 0 1482 
815 1295 1478 1104 1298 1709 1236 1214 1205 1696 968 473 1253 1291 1095 1407 1541 1359 789 1436 0 
0 958 1153 563 942 1494 758 652 857 1426 619 894 775 822 572 1168 1101 836 385 1118 1007 
1008 0 1321 1465 112 824 1661 1544 709 1011 593 1560 1696 1650 1473 744 1874 1722 787 390 1582 
1202 1473 0 1607 1480 2038 1815 1686 1574 457 1169 1740 1838 1792 1615 826 2001 1877 1250 1336 1762 
535 1347 1494 0 1354 1872 347 457 1266 1767 1028 1174 364 854 589 1574 1111 759 771 1506 1290 
973 130 1359 1437 0 898 1633 1516 653 1049 561 1525 1668 1622 1445 783 1841 1694 780 481 1547 
1477 940 1882 1959 824 0 2119 2017 1017 1708 1076 2004 2151 2148 1941 1457 2330 2227 1283 1015 2075 
742 1530 1683 359 1537 2067 0 520 1520 2050 1218 1307 85 976 739 1739 1196 592 1013 1689 1531 
555 1360 1528 486 1367 1875 555 0 1285 1821 1042 1174 572 681 444 1574 970 478 791 1519 1290 
1147 736 1682 1552 654 795 1748 1631 0 1521 899 1638 1783 1737 1560 1270 1955 1822 677 1015 1660 
1485 1059 473 1888 1153 1777 2062 1967 1309 0 1054 1987 2094 2128 1895 408 2310 2168 1322 994 2051 
651 691 993 1033 660 1179 1229 1117 774 1025 0 1188 1264 1231 1046 680 1431 1295 611 877 1208 
856 1428 1612 1181 1435 1959 1377 1271 1384 1894 1148 0 1412 1377 1200 1668 1577 1449 854 1587 555 
808 1589 1742 425 1596 2119 134 586 1590 2050 1271 1383 0 1031 805 1798 1271 568 1083 1748 1581 
793 1576 1729 852 1583 2103 1000 767 1564 2050 1258 1395 1035 0 599 1785 740 970 1057 1735 1580 
522 1331 1494 639 1338 1855 786 561 1255 1767 1017 1174 803 598 0 1545 916 745 758 1490 1270 
1133 834 779 1620 880 1527 1834 1699 1086 413 678 1709 1854 1815 1628 0 2008 1887 1082 796 1731 
891 1670 1843 956 1677 2214 1098 865 1665 2110 1352 1550 1133 655 791 1885 0 1054 1158 1832 1690 
727 1520 1676 717 1527 2067 572 437 1497 2048 1206 1343 499 853 616 1732 1111 0 990 1679 1498 
452 718 1153 805 730 1269 1000 903 472 1340 484 893 1035 1083 824 994 1282 1097 0 913 971 
1131 379 1359 1572 464 918 1768 1651 870 1022 723 1692 1808 1757 1580 730 1960 1852 924 0 1714 
1109 1663 1849 1441 1670 2187 1637 1546 1637 2110 1373 609 1672 1652 1475 1919 1874 1724 1130 1832 0 
0 876 1086 566 887 1382 698 671 793 1326 546 869 720 774 561 1120 932 849 358 1049 982 
930 0 1340 1351 123 812 1529 1430 610 894 560 1462 1553 1617 1318 753 1758 1645 818 339 1519 
1086 1338 0 1466 1334 1857 1644 1558 1464 447 1053 1615 1668 1745 1446 760 1907 1773 1117 1394 1672 
551 1259 1511 0 1255 1770 288 444 1241 1751 968 1174 310 849 612 1553 1019 724 757 1451 1322 
903 115 1327 1298 0 857 1476 1406 574 930 537 1429 1500 1593 1294 784 1734 1621 795 429 1486 
1430 824 1877 1884 842 0 2045 1964 1015 1607 1074 1994 2070 2172 1880 1464 2350 2163 1291 866 2070 
693 1406 1624 298 1402 1918 0 487 1392 1872 1095 1324 90 892 655 1665 1063 651 899 1598 1486 
564 1259 1511 507 1255 1770 540 0 1241 1751 968 1174 562 622 385 1553 825 466 758 1451 1322 
1105 710 1675 1499 626 792 1677 1591 0 1354 879 1564 1701 1778 1479 1211 1930 1822 679 987 1621 
1365 1000 427 1745 1066 1692 1898 1836 1243 0 967 1883 1923 2063 1725 396 2196 2101 1320 913 1923 
593 631 939 954 642 1134 1141 1080 780 889 0 1026 1165 1255 941 605 1396 1284 564 789 1154 
838 1331 1595 1141 1327 1845 1319 1249 1309 1837 1067 0 1343 1436 1137 1606 1577 1464 812 1523 564 
716 1434 1660 321 1430 1968 91 510 1414 1904 1143 1342 0 918 678 1701 1070 605 922 1626 1486 
808 1511 1731 811 1507 2039 955 783 1492 2050 1212 1505 979 0 476 1772 661 960 1000 1703 1562 
490 1203 1419 539 1199 1714 671 528 1167 1659 872 1174 693 464 0 1467 759 706 684 1395 1255 
1056 796 756 1556 860 1497 1734 1648 1053 400 631 1614 1758 1853 1536 0 1989 1871 1036 710 1671 
937 1637 1877 939 1633 2125 1109 912 1629 2106 1339 1617 1133 692 819 1893 0 1107 1137 1840 1674 
746 1460 1662 727 1456 1979 597 432 1435 1904 1167 1453 550 804 567 1703 989 0 943 1652 1519 
443 740 1173 803 751 1248 955 912 435 1265 496 852 979 1005 798 1073 1162 1107 0 898 982 
1105 348 1340 1519 456 849 1697 1611 897 894 734 1622 1721 1798 1499 699 1975 1842 963 0 1679 
917 1399 1660 1220 1395 1918 1398 1348 1392 1904 1167 583 1422 1535 1236 1674 1676 1563 891 1591 0 
0 945 1144 645 944 1500 791 703 847 1426 645 978 844 898 627 1237 1089 863 417 1083 1037 
1002 0 1288 1493 126 802 1678 1653 670 941 633 1493 1755 1753 1566 761 1962 1869 853 345 1625 
1157 1465 0 1534 1553 2061 1719 1694 1617 455 1083 1604 1796 1794 1607 782 2006 1952 1179 1405 1736 
582 1479 1505 0 1492 1997 322 455 1232 1787 1045 1207 375 916 643 1606 1132 699 794 1598 1339 
959 114 1342 1468 0 833 1653 1628 607 995 595 1463 1730 1728 1541 797 1940 1842 815 433 1595 
1512 887 1855 1952 838 0 2132 2133 1014 1628 1097 1961 2174 2196 2005 1475 2404 2317 1303 896 2112 
759 1653 1674 337 1666 2136 0 506 1422 2035 1243 1379 121 995 699 1794 1183 601 984 1772 1511 
597 1479 1505 542 1492 1997 599 0 1242 1787 1049 1227 652 740 435 1636 946 430 802 1598 1359 
1091 676 1636 1468 593 753 1653 1628 0 1406 891 1463 1730 1728 1541 1264 1940 1842 600 980 1595 
1469 1214 476 1854 1302 1636 2060 2037 1568 0 970 1918 2102 2111 1917 419 2319 2219 1387 888 2056 
630 672 955 1095 681 1210 1280 1164 804 950 0 1144 1357 1295 1099 680 1516 1378 582 825 1245 
890 1529 1585 1213 1542 2034 1398 1347 1288 1872 1156 0 1475 1447 1260 1705 1668 1561 845 1648 569 
784 1671 1699 362 1684 2167 93 531 1442 2035 1279 1417 0 1013 724 1830 1211 547 1004 1790 1549 
815 1707 1707 863 1720 2214 1002 773 1461 2035 1287 1463 1019 0 506 1838 627 942 1023 1830 1595 
534 1382 1433 634 1395 1916 765 550 1174 1715 1009 1171 794 523 0 1590 964 710 739 1501 1284 
1154 885 782 1602 969 1443 1787 1762 1259 385 670 1615 1825 1906 1675 0 2071 1992 1093 693 1747 
971 1878 1959 1027 1882 2364 1168 939 1629 2210 1475 1612 1245 724 879 2049 0 1166 1191 2050 1744 
753 1634 1647 763 1647 2136 592 461 1403 2035 1238 1379 566 896 591 1767 1079 0 965 1753 1511 
469 795 1144 893 804 1218 1048 946 430 1346 537 939 1125 1130 868 1124 1331 1166 0 940 984 
1223 386 1288 1640 477 887 1834 1800 934 885 801 1653 1869 1920 1713 688 2167 2019 988 0 1785 
949 1593 1674 1297 1606 2106 1482 1462 1362 2035 1220 604 1559 1562 1375 1794 1783 1676 924 1712 0 
0 918 1138 565 939 1392 697 650 747 1287 579 771 714 825 547 1023 934 859 362 1093 911 
849 0 1206 1287 109 633 1419 1447 533 824 509 1333 1436 1466 1275 595 1638 1575 665 270 1409 
1133 1197 0 1491 1279 1764 1623 1657 1497 403 959 1530 1640 1676 1485 658 1848 1785 1185 1184 1606 
511 1286 1469 0 1294 1719 264 387 1148 1693 967 1116 281 808 541 1464 932 687 763 1433 1267 
826 108 1281 1260 0 662 1392 1431 480 908 486 1333 1409 1450 1259 672 1622 1559 647 354 1409 
1235 662 1652 1665 681 0 1797 1835 882 1362 890 1678 1820 1865 1659 1136 2020 1961 1066 691 1754 
637 1398 1557 264 1406 1835 0 415 1277 1781 1113 1199 85 870 569 1569 977 557 889 1545 1364 
562 1299 1469 447 1307 1732 475 0 1196 1693 988 1162 492 695 394 1475 817 423 784 1446 1267 
893 574 1501 1340 506 690 1472 1499 0 1269 723 1370 1489 1518 1327 1043 1690 1627 554 780 1446 
1260 886 402 1655 977 1374 1787 1821 1217 0 826 1694 1808 1865 1649 328 2009 1921 1239 740 1770 
569 587 993 1022 640 1156 1154 1144 777 841 0 1023 1171 1180 973 548 1352 1265 542 769 1108 
745 1299 1469 1083 1307 1732 1215 1261 1161 1693 994 0 1232 1276 1145 1408 1448 1389 745 1446 471 
654 1398 1582 281 1406 1835 85 432 1301 1808 1113 1216 0 887 586 1594 997 512 928 1545 1409 
772 1491 1669 783 1499 1925 851 747 1421 1967 1206 1347 868 0 483 1681 579 969 1010 1638 1446 
449 1233 1383 503 1241 1666 593 489 1086 1607 871 1045 610 493 0 1338 708 698 671 1380 1125 
1009 604 693 1483 689 1130 1615 1649 934 328 586 1479 1632 1668 1477 0 1848 1777 968 496 1555 
1017 1721 1959 1035 1729 2160 1097 976 1664 2183 1436 1576 1114 815 931 1918 0 1203 1253 1881 1710 
702 1416 1618 641 1424 1849 462 424 1340 1872 1131 1268 417 835 534 1630 948 0 929 1563 1409 
386 630 1218 848 653 1102 982 921 411 1167 461 807 999 1013 812 879 1221 1133 0 810 891 
973 263 1206 1404 348 693 1536 1570 728 765 626 1463 1553 1589 1398 521 1761 1698 747 0 1539 
912 1463 1644 1226 1471 1898 1358 1421 1339 1888 1178 527 1375 1440 1249 1656 1612 1549 928 1610 0 
