23
5
10800
0
997
902
1080
1317
1270
1097
1397
1179
1442
1284
1303
1174
1324
1183
936
1172
1339
919
1268
1052
921
1496
0 227 515 1063 1544 1175 846 1981 1308 1933 1456 1659 1252 621 1545 666 1712 1078 729 1322 1472 662 871 
249 0 608 1236 1725 1355 1027 2171 1489 2122 1637 1844 1425 833 1725 843 1903 1258 912 1502 1653 874 1116 
486 608 0 692 1163 804 482 1600 926 1552 1089 1287 880 338 1181 302 1340 707 365 957 1091 363 1005 
1019 1222 753 0 1062 687 514 1504 824 1456 1009 1192 278 834 1088 483 1245 590 435 834 994 704 1541 
1557 1760 1291 1025 0 371 801 668 384 619 926 822 1214 1341 172 989 875 646 1006 354 253 1211 2067 
1195 1398 888 652 380 0 444 1036 370 1003 842 678 840 1004 376 632 731 275 637 147 532 853 1692 
808 1023 545 487 730 402 0 1180 493 1130 705 856 675 640 772 289 914 304 294 549 658 510 1283 
2026 2225 1730 1486 668 1044 1207 0 784 493 1344 1101 1675 1785 840 1434 1223 1127 1439 961 671 1655 2452 
1268 1471 1011 786 381 372 513 823 0 760 638 534 981 1128 433 743 587 421 748 240 309 968 1765 
1912 2111 1639 1412 619 962 1133 493 701 0 1193 962 1601 1694 762 1343 1074 1037 1348 878 535 1564 2407 
1479 1682 1213 959 919 822 678 1326 678 1182 0 596 1140 1263 971 915 659 770 918 804 843 1133 2016 
1879 2078 1600 1351 980 867 1072 1099 647 963 592 0 1540 1655 1033 1304 278 916 1309 849 792 1525 2407 
1119 1322 855 280 1163 789 616 1600 926 1552 1110 1289 0 944 1164 585 1342 692 537 936 1091 806 1616 
596 781 318 836 1325 951 627 1771 1098 1723 1251 1449 1026 0 1321 393 1502 852 481 1098 1262 356 1052 
1450 1653 1184 936 195 283 727 824 341 736 886 782 1140 1254 0 899 835 523 916 254 248 1124 1952 
636 821 366 465 935 578 256 1383 696 1335 855 1066 653 385 971 0 1119 481 88 725 861 255 1116 
2026 2225 1735 1467 1178 1060 1188 1294 835 1150 610 288 1656 1790 1230 1439 0 1127 1444 1042 992 1660 2457 
1064 1267 790 554 599 267 281 1097 418 1049 630 749 742 885 595 534 802 0 539 323 583 755 1541 
662 847 399 457 969 612 290 1427 730 1379 889 1106 645 460 983 88 1159 515 0 759 895 330 1165 
1300 1503 1061 791 347 148 583 971 238 955 789 625 983 1128 343 771 678 346 776 0 425 992 1797 
1479 1682 1213 959 232 490 683 675 266 538 808 704 1168 1270 314 915 757 591 918 430 0 1140 2016 
616 801 338 673 1140 786 464 1577 905 1529 1066 1278 861 357 1164 230 1331 689 318 935 1068 0 1069 
977 1180 1014 1546 2035 1661 1339 2478 1795 2429 1946 2151 1735 1059 2034 1127 2204 1564 1215 1814 1997 1090 0 
0 328 645 1125 1681 1330 979 2325 1387 2206 1628 1783 1337 718 1754 692 1863 1238 777 1540 1598 762 1027 
311 0 683 1316 1900 1495 1163 2497 1557 2388 1798 2012 1528 981 1929 861 2023 1403 946 1710 1768 1043 1309 
620 719 0 725 1297 890 555 1961 1022 1855 1274 1424 912 493 1273 289 1506 763 374 1127 1233 508 1128 
1230 1444 865 0 1267 836 640 1908 993 1855 1267 1387 340 980 1243 555 1469 709 516 1042 1204 780 1738 
1848 2082 1540 1276 0 522 1075 918 523 816 1303 1064 1488 1640 254 1264 1146 812 1261 473 367 1487 2301 
1303 1560 1006 778 556 0 572 1232 479 1233 1122 822 954 1108 462 712 884 305 736 278 613 933 1906 
1028 1285 704 579 896 500 0 1438 591 1419 916 982 790 821 929 398 1068 373 422 722 802 623 1596 
2422 2651 2099 1836 891 1250 1547 0 949 580 1805 1493 2054 2185 1041 1840 1575 1435 1827 1221 834 2065 2858 
1466 1723 1184 971 504 516 667 1047 0 955 913 634 1170 1278 540 884 696 597 915 413 410 1125 1976 
2370 2599 2047 1781 897 1193 1495 646 895 0 1727 1329 2009 2144 989 1769 1449 1383 1766 1164 753 2024 2805 
1702 1949 1420 1190 1208 1053 885 1805 922 1638 0 857 1402 1520 1281 1144 861 1028 1141 1076 1125 1367 2207 
1978 2207 1672 1408 1128 909 1122 1512 789 1318 895 0 1620 1772 1201 1396 389 989 1393 898 1045 1619 2436 
1370 1627 1109 493 1495 1070 873 2129 1201 2022 1470 1597 0 1170 1519 788 1679 975 749 1311 1412 1020 1906 
752 1062 463 971 1547 1129 789 2181 1253 2083 1470 1649 1170 0 1578 471 1731 1028 583 1363 1464 445 1309 
1667 1924 1385 1125 252 355 933 1047 423 890 1224 982 1337 1485 0 1109 1068 645 1106 306 287 1332 2174 
753 1015 421 537 1128 689 354 1723 839 1663 1068 1217 748 467 1131 0 1299 562 112 907 1045 269 1226 
1945 2174 1618 1354 1057 878 1068 1579 739 1385 860 341 1566 1718 1130 1342 0 970 1339 848 971 1565 2369 
1230 1487 954 695 810 350 396 1342 505 1346 873 848 912 1058 735 629 925 0 653 431 716 854 1738 
800 1023 468 522 1208 778 443 1805 922 1743 1177 1316 733 555 1188 111 1398 651 0 1008 1125 357 1309 
1524 1781 1242 990 497 236 793 1172 330 1156 1094 763 1202 1327 403 951 825 526 961 0 554 1174 1997 
1724 1970 1442 1190 348 618 899 905 345 675 1122 890 1402 1542 384 1166 958 829 1163 569 0 1389 2207 
756 1062 434 731 1296 883 548 1961 1022 1855 1267 1408 912 448 1272 230 1490 756 342 1127 1233 0 1309 
1161 1418 1260 1726 2327 1924 1574 2893 1995 2815 2262 2436 1942 1297 2339 1270 2447 1822 1346 2155 2223 1331 0 
0 276 641 1157 1645 1263 976 2236 1390 2158 1601 1767 1370 666 1694 713 1837 1139 809 1508 1642 736 1005 
279 0 667 1291 1795 1417 1108 2363 1540 2348 1751 1907 1504 910 1871 861 1981 1293 976 1662 1792 973 1210 
556 638 0 701 1224 825 530 1788 965 1725 1193 1342 947 463 1250 283 1398 752 379 1096 1221 429 1063 
1168 1320 791 0 1166 750 564 1730 900 1667 1169 1273 316 944 1138 539 1329 677 458 1030 1163 744 1550 
1902 1995 1439 1199 0 474 998 873 468 793 1199 982 1412 1588 188 1205 1049 779 1191 398 296 1421 2259 
1421 1461 953 707 462 0 534 1225 458 1177 1050 778 947 1139 408 712 853 305 732 230 594 920 1905 
922 1195 616 543 799 448 0 1383 553 1315 866 944 757 779 828 380 1000 355 384 663 730 585 1402 
2373 2586 2048 1825 926 1265 1538 0 999 584 1765 1368 2004 2154 1034 1821 1496 1486 1806 1263 858 2062 2805 
1528 1598 1089 883 423 476 616 996 0 955 797 600 1133 1246 478 848 675 583 868 348 354 1079 1952 
2211 2346 1800 1569 792 1111 1289 598 778 0 1516 1126 1782 1923 878 1566 1243 1279 1552 1050 609 1782 2620 
1764 1840 1325 1113 1110 1002 815 1660 837 1597 0 806 1326 1474 1168 1091 860 976 1070 1000 1104 1307 2150 
2020 2192 1611 1389 1059 911 1109 1415 774 1209 862 0 1602 1760 1117 1377 337 1026 1363 858 1033 1593 2410 
1331 1409 898 302 1259 857 671 1854 1004 1760 1271 1378 0 1107 1293 646 1434 784 565 1116 1256 851 1722 
677 927 463 936 1448 1071 752 2051 1193 1942 1400 1570 1174 0 1500 447 1626 965 556 1310 1445 408 1210 
1789 1886 1350 1113 215 379 929 990 421 831 1143 944 1326 1499 0 1116 1000 684 1102 303 288 1332 2150 
694 929 395 513 1012 630 335 1605 771 1512 971 1187 727 449 1035 0 1243 557 109 845 986 255 1210 
1934 2038 1504 1294 966 821 1039 1543 683 1337 797 330 1507 1653 1029 1270 0 943 1256 767 903 1486 2297 
1233 1366 844 603 752 331 347 1335 506 1262 819 875 817 1044 711 608 958 0 628 420 683 813 1606 
717 949 418 515 1078 684 389 1660 825 1595 1036 1203 729 525 1070 90 1259 611 0 899 1033 331 1210 
1596 1666 1157 889 419 219 716 1154 353 1121 980 714 1133 1285 365 894 789 480 916 0 551 1118 1969 
1810 1905 1371 1172 307 644 871 825 358 623 1102 855 1385 1520 375 1137 937 838 1123 568 0 1353 2183 
771 1037 492 734 1248 851 556 1852 990 1749 1222 1378 975 442 1291 251 1434 778 360 1116 1245 0 1293 
1127 1366 1141 1587 2132 1724 1415 2729 1852 2768 2057 2231 1800 1193 2137 1218 2305 1600 1290 1930 2102 1238 0 
0 288 646 1176 1806 1288 965 2419 1567 2389 1684 1958 1339 696 1677 711 2012 1234 801 1483 1859 769 1005 
288 0 799 1413 2018 1528 1225 2668 1819 2660 1945 2218 1576 944 1926 955 2272 1474 1058 1723 2159 1002 1253 
607 648 0 716 1380 854 545 1995 1101 1951 1259 1491 932 443 1239 293 1559 803 383 1074 1363 469 1170 
1241 1419 889 0 1334 803 637 1895 1015 1863 1254 1405 354 1028 1193 628 1473 752 578 1030 1277 845 1683 
1915 2117 1558 1269 0 505 1048 816 511 796 1332 1029 1432 1639 281 1237 1097 806 1235 475 367 1442 2310 
1327 1491 1010 733 475 0 545 1176 457 1213 1119 858 932 1186 398 749 847 305 725 219 641 968 1769 
1097 1291 717 583 972 458 0 1438 586 1415 888 984 841 877 841 443 1049 395 427 677 857 701 1537 
2513 2697 2202 1876 895 1268 1553 0 976 588 1769 1414 2058 2283 1031 1859 1521 1473 1859 1218 849 2072 2982 
1505 1693 1202 988 480 452 648 969 0 955 875 674 1147 1367 513 965 663 608 959 325 403 1170 1957 
2407 2591 2096 1806 828 1205 1484 579 888 0 1646 1215 1987 2205 979 1772 1367 1404 1770 1144 734 1994 2867 
1842 2012 1502 1216 1343 1138 883 1767 959 1617 0 852 1379 1583 1346 1181 841 1121 1179 1104 1236 1386 2272 
2375 2559 2064 1775 1425 1194 1455 1395 989 1245 855 0 1967 2170 1429 1743 342 1320 1741 1160 1102 1959 2807 
1269 1464 959 334 1394 867 701 1995 1102 1951 1326 1492 0 1083 1253 692 1560 816 642 1086 1364 920 1711 
746 1004 465 988 1627 1097 776 2246 1369 2197 1483 1759 1147 0 1486 468 1827 1041 578 1292 1631 440 1253 
1673 1894 1370 1066 252 315 856 1014 395 875 1196 944 1229 1451 0 1049 965 616 1047 285 346 1254 2163 
835 1010 447 519 1197 658 349 1722 862 1699 1090 1277 777 448 1056 0 1345 607 110 877 1118 272 1286 
2392 2576 2081 1836 1545 1359 1536 1537 1181 1387 842 417 2058 2205 1549 1764 0 1485 1762 1325 1222 1994 2867 
1260 1429 916 669 773 318 380 1420 529 1397 886 944 912 1083 696 685 958 0 661 387 819 920 1702 
813 1010 425 515 1247 719 410 1827 927 1788 1157 1319 773 527 1106 113 1387 668 0 942 1207 351 1253 
1578 1766 1275 1010 495 257 793 1176 331 1166 1108 846 1176 1400 418 998 835 553 989 0 599 1203 2080 
1842 2012 1502 1216 325 641 880 847 328 642 1108 944 1379 1583 417 1181 895 840 1179 611 0 1386 2272 
843 1090 468 718 1383 857 548 1995 1101 1951 1259 1491 932 434 1242 240 1559 806 350 1076 1363 0 1370 
1117 1344 1273 1745 2412 1904 1557 3100 2212 3066 2345 2597 1935 1301 2320 1289 2651 1806 1390 2115 2567 1384 0 
0 275 583 1118 1634 1260 893 2102 1408 2056 1560 1844 1307 714 1630 707 1844 1176 770 1407 1575 733 956 
278 0 658 1275 1819 1441 1088 2283 1589 2234 1741 1967 1464 970 1817 886 2019 1357 953 1588 1756 981 1167 
521 641 0 679 1185 806 465 1763 1073 1714 1147 1475 868 380 1181 279 1507 709 342 957 1240 389 1005 
1132 1334 819 0 1111 736 551 1739 1049 1690 1111 1451 278 944 1107 515 1483 639 455 883 1216 784 1552 
1570 1798 1300 1095 0 375 844 695 392 646 1047 893 1284 1409 173 1002 951 650 1036 355 253 1257 2065 
1217 1445 946 700 380 0 469 1076 388 1003 907 748 889 1082 376 665 800 275 656 147 532 944 1656 
886 1122 601 534 793 419 0 1439 668 1339 816 1101 723 751 789 326 1133 322 311 566 845 595 1359 
2047 2284 1762 1533 712 1073 1271 0 800 493 1432 1103 1722 1879 881 1503 1243 1200 1485 978 675 1726 2499 
1359 1587 1089 871 400 390 568 898 0 760 741 596 1071 1238 456 812 648 497 797 242 325 1086 1798 
1983 2220 1698 1467 663 976 1205 493 732 0 1314 973 1656 1818 776 1439 1107 1138 1421 914 548 1662 2435 
1551 1779 1281 1053 1032 846 737 1320 708 1182 0 605 1242 1397 1088 1022 668 838 1004 828 960 1245 2031 
1883 2120 1580 1365 982 879 1103 1099 655 963 641 0 1554 1696 1039 1321 278 992 1303 861 792 1544 2297 
1199 1427 910 280 1201 825 640 1798 1108 1749 1191 1510 0 1059 1197 604 1542 728 544 974 1275 873 1638 
636 870 418 898 1363 1029 672 1895 1192 1855 1360 1594 1099 0 1359 428 1626 919 516 1176 1359 356 1116 
1469 1697 1199 987 195 286 755 852 343 736 1021 853 1176 1326 0 919 906 561 951 254 248 1174 1908 
677 912 392 525 985 637 296 1614 905 1565 952 1331 714 437 981 0 1363 540 88 784 1091 281 1165 
2047 2284 1760 1509 1181 1081 1247 1288 843 1150 659 288 1698 1879 1233 1501 0 1182 1483 1063 994 1724 2499 
1132 1360 830 584 599 267 281 1216 458 1130 740 821 773 1004 595 555 873 0 540 323 638 824 1552 
730 977 445 467 1022 631 290 1591 898 1542 952 1331 656 525 1018 88 1363 534 0 778 1068 369 1216 
1359 1587 1089 839 347 148 608 1036 254 955 842 689 1034 1238 343 808 741 384 795 0 425 1086 1798 
1493 1721 1223 1032 232 501 729 676 274 538 925 775 1221 1359 315 984 827 658 973 436 0 1207 1952 
662 896 415 738 1199 850 509 1798 1108 1749 1178 1510 929 383 1195 265 1542 753 353 1006 1275 0 1165 
1010 1238 1143 1574 2101 1727 1374 2580 1872 2531 2047 2268 1763 1145 2097 1185 2320 1643 1248 1874 2062 1170 0 
