53
5
10800
0
545
410
592
493
453
520
473
393
474
569
471
503
497
481
547
398
564
375
459
408
418
411
566
367
451
595
366
447
510
569
505
398
423
400
453
479
437
519
563
434
575
391
546
473
567
551
397
545
524
559
379
412
0 692 1202 715 549 939 876 306 745 426 466 780 1360 28 479 801 512 579 878 590 652 819 693 661 798 553 1103 1248 625 528 340 590 576 1275 451 883 711 1105 875 318 1126 1349 341 497 1079 887 692 825 921 670 676 938 487 
699 0 1393 717 859 347 1125 623 346 548 728 993 1508 671 741 1005 810 444 338 694 973 1129 1138 981 110 735 1315 728 669 838 682 505 507 1466 711 1109 976 574 1088 697 1274 1559 603 807 1303 367 152 481 379 415 841 417 609 
1230 1392 0 1622 1174 1627 632 1167 1305 1049 1357 727 1006 1203 1370 543 1126 1202 1566 1497 1177 1433 1760 1208 1498 803 576 1942 1532 1153 986 957 1465 476 962 714 1602 1814 794 1032 728 688 1081 1122 912 1581 1380 1254 1607 1510 845 1631 1110 
712 758 1655 0 1096 643 1342 678 841 699 387 1220 1774 684 476 1267 1040 665 816 133 1199 1347 867 1188 813 962 1541 1315 94 1075 938 726 360 1728 932 1349 708 1211 1315 935 1540 1840 786 1044 1543 983 738 990 365 345 1070 1033 760 
549 797 1066 1065 0 1059 748 560 707 494 786 652 1267 522 799 673 189 604 990 940 171 496 936 150 905 425 991 1363 975 56 321 422 867 1166 252 755 1031 1230 747 233 999 1171 449 68 950 1002 797 657 1048 915 548 1052 555 
940 345 1683 643 1096 0 1370 858 534 783 945 1248 1809 912 1013 1295 1048 679 267 675 1199 1355 1376 1196 337 990 1569 723 629 1075 938 740 621 1756 955 1377 1245 914 1343 935 1568 1851 838 1044 1571 689 418 668 305 529 1080 680 844 
825 974 643 1221 760 1218 0 763 900 645 938 430 706 798 951 184 711 797 1157 1088 772 1032 1342 803 1079 398 608 1527 1135 739 581 546 1080 713 548 356 1183 1394 436 627 472 744 677 708 544 1166 971 843 1198 1113 440 1216 706 
307 618 1147 686 576 865 826 0 637 317 474 744 1339 279 487 751 539 470 804 561 679 846 866 688 724 486 1080 1175 596 555 367 500 547 1220 478 833 719 1025 839 345 1105 1293 145 524 1024 813 618 735 845 641 640 863 378 
758 345 1289 855 736 537 982 612 0 385 802 893 1475 731 815 900 687 331 476 777 839 998 1207 836 440 635 1228 905 766 715 559 382 631 1362 588 985 1054 747 988 620 1241 1455 526 684 1179 540 290 271 517 539 718 590 430 
443 491 1017 703 513 738 701 297 389 0 487 619 1218 416 500 626 464 236 677 609 616 771 890 613 597 361 954 1048 613 492 327 262 561 1166 365 708 732 893 714 305 963 1147 211 461 896 686 491 519 718 605 515 736 61 
419 748 1289 378 784 927 982 428 801 482 0 890 1449 391 89 897 735 635 938 337 887 1043 480 884 854 632 1228 1318 348 763 607 646 596 1362 636 985 321 1174 988 594 1215 1455 500 732 1179 957 748 881 649 581 786 1007 543 
755 905 686 1153 690 1176 389 694 831 576 868 0 792 728 881 256 641 728 1115 1020 674 950 1278 705 1010 269 533 1462 1067 669 511 477 999 756 478 255 1174 1329 95 557 705 787 608 638 397 1101 929 748 1156 1036 317 1151 637 
1354 1527 1046 1757 1289 1762 707 1302 1440 1184 1492 803 0 1327 1505 741 1241 1337 1701 1632 1309 1548 1923 1340 1633 938 1151 2085 1667 1268 1110 1086 1600 1220 1077 691 1737 1949 757 1156 510 1293 1216 1237 456 1716 1515 1383 1742 1645 972 1766 1245 
28 664 1157 687 524 913 851 278 717 398 438 755 1339 0 451 776 487 551 850 562 627 794 666 636 770 528 1080 1220 597 503 315 562 548 1230 426 858 683 1089 850 293 1105 1324 316 472 1055 859 664 797 891 642 651 925 459 
428 757 1296 467 793 1006 982 437 810 491 89 899 1475 400 0 911 744 644 956 426 896 1052 443 893 863 641 1228 1318 437 772 616 655 671 1369 645 997 334 1181 995 603 1241 1462 509 741 1191 957 757 890 738 670 795 1007 552 
875 1027 506 1275 810 1272 173 814 951 696 1000 286 772 848 1013 0 761 848 1211 1142 794 1072 1396 825 1133 389 464 1577 1189 789 631 597 1131 576 598 422 1245 1444 381 677 538 607 728 758 610 1216 1025 868 1252 1165 437 1266 757 
678 911 1202 1176 282 1176 857 697 816 603 895 761 1339 651 917 782 0 713 1115 1046 395 307 1085 361 1015 534 1085 1462 1086 321 442 531 976 1275 361 864 1174 1329 856 400 1105 1331 586 320 1057 1101 929 766 1156 1021 657 1151 664 
595 412 1147 687 580 659 819 424 336 240 639 737 1339 568 652 744 531 0 598 593 683 838 1048 680 518 479 1080 972 597 559 403 226 512 1220 432 826 884 814 832 457 1105 1293 362 528 1019 607 412 529 639 556 562 657 301 
667 189 1374 716 827 398 1047 591 267 516 696 962 1508 639 709 986 778 412 0 662 936 1088 1110 935 281 703 1308 824 637 806 650 473 475 1447 679 1055 945 670 1057 665 1274 1540 571 775 1249 463 151 401 378 383 809 513 577 
587 693 1493 133 994 675 1180 553 756 600 346 1096 1612 559 435 1105 964 580 751 0 1092 1271 785 1089 748 835 1417 1261 47 973 810 641 295 1566 839 1187 667 1105 1191 797 1378 1659 661 942 1381 898 673 906 397 280 979 960 661 
653 905 1147 1165 168 1176 813 664 811 598 890 701 1339 626 917 738 286 708 1115 1043 0 593 1085 45 1010 466 1030 1462 1075 150 425 526 976 1220 356 820 1174 1329 796 337 1105 1293 553 218 1010 1101 929 761 1156 1015 576 1151 659 
822 1061 1315 1311 418 1296 996 833 963 739 1034 897 1506 795 1047 920 465 849 1235 1186 531 0 1122 497 1167 670 1228 1611 1221 457 578 667 1131 1388 497 1012 1279 1478 995 546 1272 1481 722 456 1206 1250 1049 906 1276 1176 793 1300 800 
693 1126 1707 858 911 1361 1394 787 1167 841 480 1272 1833 666 443 1319 890 1004 1300 786 1020 1122 0 986 1232 1014 1593 1676 820 946 929 1020 1027 1780 1006 1401 664 1543 1367 911 1592 1878 859 941 1595 1315 1114 1255 1161 1054 1168 1365 906 
669 890 1157 1163 150 1140 841 681 800 587 879 745 1339 642 892 766 268 697 1079 1030 61 575 1085 0 996 513 1080 1462 1075 149 426 515 976 1230 345 848 1174 1329 840 356 1105 1306 570 200 1045 1101 890 750 1120 1012 623 1151 648 
756 110 1445 797 918 336 1132 680 405 605 785 1057 1564 728 798 1057 867 501 418 747 1023 1174 1194 1041 0 792 1378 695 722 895 739 562 560 1518 768 1139 1031 624 1152 754 1330 1611 660 864 1333 417 243 539 459 468 898 467 666 
486 750 824 995 421 999 511 497 664 424 716 416 1006 459 729 436 372 561 938 866 447 679 1082 478 856 0 749 1318 901 400 242 325 824 894 209 518 962 1174 511 288 758 940 386 369 706 957 750 614 984 868 312 1007 485 
1120 1283 570 1519 1060 1518 567 1062 1199 945 1254 527 1164 1093 1267 434 1010 1090 1457 1394 1052 1317 1657 1083 1389 630 0 1838 1429 1039 872 838 1364 640 839 620 1499 1700 622 935 928 527 969 1008 808 1472 1271 1110 1498 1409 678 1522 1006 
1248 716 1978 1282 1404 721 1655 1155 887 1088 1288 1533 2118 1220 1301 1580 1356 1004 834 1250 1507 1663 1691 1504 693 1275 1854 0 1225 1383 1225 1044 1063 2066 1250 1662 1533 526 1628 1241 1863 2148 1147 1352 1858 361 764 982 944 971 1380 383 1149 
622 668 1562 94 994 629 1249 588 751 609 357 1129 1681 594 446 1174 964 575 726 47 1099 1271 819 1095 723 870 1450 1235 0 973 813 636 270 1635 842 1256 678 1105 1224 826 1447 1728 696 942 1450 893 648 898 351 255 978 960 670 
528 776 1042 1050 56 1037 727 539 686 473 765 631 1218 501 778 652 228 583 972 921 148 535 977 149 882 404 966 1344 963 0 300 401 846 1166 231 734 1010 1211 726 212 999 1158 428 76 928 983 776 636 1048 890 527 1033 534 
524 792 849 1061 459 1059 536 535 702 489 781 440 1018 497 794 461 410 599 980 933 448 717 1138 479 898 213 773 1363 971 438 0 366 862 1166 247 543 1031 1230 535 326 783 951 424 407 731 1002 792 652 1048 915 336 1052 550 
620 471 962 765 506 718 636 503 411 313 677 554 1164 593 690 561 457 278 657 686 609 764 1082 606 577 296 887 1028 675 485 329 0 541 1166 358 643 922 873 649 422 883 1056 417 454 831 666 471 362 698 585 351 716 358 
571 519 1418 359 855 637 1125 537 615 558 604 1017 1534 543 641 1030 806 440 577 294 973 1119 1038 958 574 754 1338 1071 269 834 678 501 0 1491 707 1109 873 967 1112 764 1300 1584 645 803 1303 758 499 749 424 217 837 808 619 
1300 1457 470 1687 1235 1692 755 1232 1370 1114 1422 791 1306 1273 1435 622 1187 1267 1631 1562 1245 1494 1836 1276 1563 867 640 2007 1597 1214 1056 1017 1530 0 1023 778 1667 1878 858 1102 1072 752 1146 1183 967 1646 1445 1320 1672 1575 910 1696 1175 
505 545 849 809 407 792 536 360 455 242 534 454 1018 477 547 461 358 352 731 684 510 665 951 507 651 196 787 1102 719 386 230 170 615 1166 0 543 779 950 549 323 783 951 274 355 731 740 545 405 772 659 350 790 303 
949 1112 699 1347 873 1347 364 876 1026 758 1086 256 659 922 1099 325 824 915 1286 1222 885 1138 1489 920 1218 511 727 1662 1257 852 694 659 1199 769 661 0 1331 1529 210 740 626 800 790 821 318 1301 1100 960 1327 1244 553 1351 819 
664 1000 1572 703 1042 1242 1259 673 1050 727 325 1145 1691 636 334 1184 1010 880 1181 662 1145 1317 668 1158 1106 877 1466 1550 673 1021 852 891 920 1645 881 1266 0 1417 1240 839 1457 1738 745 990 1460 1189 995 1128 974 917 1041 1239 788 
1079 551 1806 1154 1239 846 1488 1029 722 936 1118 1366 1922 1051 1131 1413 1191 818 785 1075 1342 1498 1521 1339 536 1108 1687 523 1064 1218 1060 879 935 2066 1085 1495 1363 0 1461 1072 1686 1990 978 1187 1689 314 599 691 826 866 1227 330 997 
850 1000 732 1247 785 1253 397 789 930 671 1000 95 746 823 1013 351 736 823 1192 1114 769 1043 1376 800 1106 364 628 1550 1161 764 606 572 1086 802 573 209 1245 1417 0 652 659 833 703 733 351 1189 1006 843 1233 1131 412 1239 732 
318 646 991 887 233 893 670 329 625 305 612 574 1164 291 625 595 255 458 832 762 336 559 936 356 752 347 909 1220 797 212 134 415 748 1166 245 677 857 1049 669 0 928 1093 218 181 865 841 646 650 873 796 470 891 366 
1065 1245 709 1450 996 1480 392 1008 1139 881 1185 686 472 1038 1198 456 964 1042 1419 1325 1015 1271 1588 1046 1351 634 864 1795 1360 975 817 782 1303 1166 784 592 1430 1662 672 863 0 981 921 944 780 1434 1233 1081 1460 1348 676 1484 942 
1261 1393 693 1623 1174 1628 738 1168 1361 1050 1358 728 1231 1234 1371 605 1126 1203 1567 1498 1188 1433 1761 1219 1499 804 491 1948 1533 1153 1017 957 1484 763 962 715 1603 1814 795 1063 1009 0 1082 1122 912 1582 1381 1254 1608 1533 846 1632 1111 
331 552 1042 746 449 799 720 145 531 211 518 638 1218 304 531 645 412 364 738 621 552 719 936 561 658 380 971 1147 656 428 240 394 607 1166 351 727 763 962 733 218 999 1147 0 397 918 747 552 629 779 701 534 797 272 
497 745 1017 1010 68 994 696 508 655 442 734 600 1218 470 747 621 227 552 938 884 221 534 977 200 851 373 933 1318 920 76 269 370 815 1166 200 703 980 1174 695 181 963 1118 397 0 891 957 745 605 984 859 496 1007 503 
998 1166 757 1385 931 1401 422 950 1075 816 1118 397 456 971 1131 383 882 972 1340 1260 944 1201 1521 975 1272 569 785 1716 1295 912 752 717 1240 827 719 323 1363 1583 351 798 684 858 848 879 0 1355 1154 1017 1381 1285 611 1405 877 
877 355 1602 961 1042 650 1289 801 526 726 924 1175 1721 849 926 1214 1010 622 589 873 1145 1317 1314 1158 340 918 1496 361 862 1021 860 683 728 1675 889 1296 1174 346 1270 875 1487 1768 781 990 1490 0 403 618 630 670 1023 76 787 
853 375 1588 565 1022 247 1275 777 453 702 858 1153 1707 825 895 1200 966 598 186 597 1125 1273 1287 1120 375 889 1474 792 551 1001 836 659 546 1661 865 1282 1174 856 1248 851 1473 1754 757 970 1476 649 0 587 227 454 1001 699 763 
811 457 1202 971 697 649 878 694 271 519 868 785 1360 784 881 803 648 484 588 932 800 986 1278 797 552 527 1174 961 920 676 520 439 761 1275 549 885 1174 707 880 613 1126 1349 608 645 1079 609 402 0 629 669 579 659 564 
1607 1123 2337 1482 1769 1128 2053 1475 1201 1434 1647 1893 2464 1579 1660 1950 1721 1348 934 1481 1873 2029 2053 1881 1215 1634 2215 1679 1456 1748 1590 1409 1294 2411 1615 2033 1895 1619 1988 1600 2234 2444 1502 1717 2221 1391 1085 1335 0 1202 1745 1441 1495 
668 413 1452 344 897 531 1139 634 509 634 589 1057 1571 640 678 1064 848 482 471 279 1003 1174 1082 1002 468 796 1378 965 254 876 720 543 204 1525 749 1146 910 914 1152 806 1337 1618 712 845 1340 705 393 643 344 0 879 755 695 
669 802 828 1061 604 1059 515 608 742 490 782 350 1006 642 795 406 555 609 990 933 566 862 1186 597 915 183 683 1363 971 583 425 391 872 898 392 522 1031 1230 445 471 762 940 522 552 710 1002 802 581 1048 922 0 1052 551 
891 369 1614 973 1060 664 1301 815 540 740 924 1194 1733 863 934 1226 1010 636 603 887 1163 1317 1325 1158 354 936 1515 383 876 1039 874 697 742 1687 932 1308 1174 410 1289 889 1499 1780 795 1008 1502 98 417 648 644 684 1036 0 801 
504 536 1080 764 574 783 762 358 434 61 548 680 1278 477 561 687 525 281 722 670 677 832 951 674 642 422 1030 1102 674 553 388 307 606 1166 426 769 793 939 775 366 1009 1191 272 522 958 731 536 564 763 650 576 781 0 
0 871 1440 990 734 1151 1047 401 894 552 583 955 1551 56 598 1080 665 685 1030 808 849 1011 768 809 1012 678 1376 1614 857 769 487 717 827 1425 600 1092 876 1397 1073 448 1292 1516 452 712 1308 1140 825 1005 1088 922 863 1242 613 
851 0 1644 1018 1106 493 1241 712 443 721 879 1156 1718 835 894 1285 972 624 423 939 1228 1338 1435 1178 134 872 1561 960 955 1064 827 638 693 1629 893 1287 1210 719 1274 950 1459 1720 756 1018 1503 505 220 640 489 548 1080 623 782 
1417 1521 0 1907 1357 1822 751 1334 1524 1176 1460 837 1197 1395 1465 700 1217 1342 1693 1671 1350 1583 1969 1386 1682 875 692 2297 1730 1315 1075 1017 1744 502 1030 798 1738 2014 946 1143 843 874 1237 1269 993 1781 1491 1434 1750 1689 910 1886 1239 
956 1065 1964 0 1421 971 1579 868 1134 1063 562 1508 2141 936 693 1623 1281 930 830 262 1528 1647 1214 1487 1140 1209 1913 1798 196 1379 1183 945 558 2066 1192 1625 963 1584 1626 1251 1797 2053 995 1333 1828 1327 1011 1323 614 500 1355 1429 1124 
651 978 1249 1403 0 1268 867 724 844 639 933 706 1316 626 937 796 228 791 1147 1191 200 611 936 164 1139 500 1239 1715 1250 65 391 504 1133 1234 300 855 1210 1498 818 307 1021 1350 665 76 1054 1241 945 801 1204 1096 631 1343 700 
1079 495 1883 969 1342 0 1477 932 631 960 1123 1406 1988 1057 1128 1521 1202 847 327 977 1449 1568 1641 1408 447 1107 1817 938 929 1300 1104 861 816 2066 1113 1523 1401 1152 1524 1172 1695 1956 987 1254 1739 905 504 828 411 671 1286 890 1016 
1023 1157 819 1556 881 1450 0 957 1056 791 1083 577 889 979 1088 317 767 993 1329 1327 869 1127 1601 900 1318 471 829 1920 1386 910 642 613 1356 800 598 459 1361 1674 573 711 597 1001 840 827 647 1417 1127 1001 1386 1301 504 1519 852 
401 775 1378 894 765 1071 982 0 798 444 614 857 1433 376 629 1018 675 563 930 717 880 1011 1118 840 886 594 1321 1489 766 800 497 633 736 1363 610 991 910 1272 989 467 1174 1454 152 731 1216 1051 729 944 1007 814 782 1153 505 
916 442 1482 1129 898 693 1125 776 0 567 953 1002 1551 899 956 1123 784 475 556 999 1015 1163 1475 995 553 712 1413 1123 987 917 651 534 838 1467 717 1146 1210 951 1120 770 1292 1558 811 844 1362 690 353 403 622 693 900 808 620 
567 685 1294 969 698 986 880 444 610 0 595 723 1316 551 610 809 584 325 842 819 813 955 1146 776 796 460 1239 1391 863 731 451 433 800 1279 517 868 888 1189 835 539 1057 1350 324 644 1092 941 639 796 913 843 648 1043 61 
661 978 1544 543 1058 1258 1141 687 1011 651 0 1067 1618 645 131 1185 940 784 1137 469 1165 1306 655 1128 1136 777 1472 1693 500 1016 768 816 939 1529 834 1187 409 1476 1185 876 1359 1620 661 970 1403 1219 935 1117 999 865 986 1321 712 
910 1056 849 1431 780 1344 490 846 941 677 973 0 1050 880 978 381 666 868 1223 1202 730 1025 1497 761 1217 284 737 1790 1261 813 541 499 1234 829 497 342 1251 1573 112 610 778 1028 726 726 482 1316 1021 889 1280 1177 338 1418 738 
1530 1634 1181 2018 1469 1921 770 1447 1637 1289 1573 1013 0 1508 1578 866 1329 1455 1832 1784 1489 1695 2105 1525 1795 991 1308 2404 1851 1427 1187 1131 1845 1352 1142 899 1862 2123 959 1255 561 1443 1350 1381 506 1916 1604 1547 1869 1815 1039 1988 1352 
39 829 1404 969 709 1118 1022 359 852 510 541 899 1492 0 556 1043 640 643 991 766 824 1011 745 784 962 636 1352 1558 815 744 462 675 785 1389 575 1049 834 1341 1020 423 1233 1480 427 687 1265 1084 783 978 1073 863 824 1186 571 
663 978 1544 677 1058 1258 1141 689 1011 653 134 1067 1618 647 0 1185 940 786 1137 603 1176 1306 576 1128 1136 779 1472 1693 634 1016 770 818 1047 1529 836 1187 427 1476 1185 878 1359 1620 663 970 1403 1219 935 1117 1129 1036 986 1321 714 
1071 1190 641 1586 954 1483 228 995 1102 836 1123 379 970 1027 1128 0 812 1013 1362 1357 923 1183 1641 959 1351 492 631 1946 1416 934 687 658 1431 621 643 456 1401 1707 491 756 661 829 885 872 644 1450 1160 1035 1419 1376 546 1552 897 
764 1174 1440 1612 403 1467 1047 837 1089 859 1157 950 1551 739 1162 1080 0 994 1346 1383 518 383 1225 478 1335 720 1364 1937 1442 438 611 724 1390 1425 520 1092 1435 1691 1068 496 1292 1516 846 445 1308 1434 1144 1005 1403 1335 851 1536 927 
799 559 1367 932 716 853 946 584 509 343 827 793 1378 783 842 879 602 0 716 791 831 1011 1389 794 670 530 1274 1233 835 749 469 280 713 1352 535 951 1141 1087 906 588 1119 1443 512 662 1157 807 513 710 782 708 718 925 404 
747 248 1531 969 1008 517 1128 608 304 617 775 1056 1605 731 790 1172 856 520 0 857 1122 1230 1298 1092 382 768 1461 1018 856 966 723 534 623 1516 789 1174 1061 800 1174 842 1346 1607 652 921 1390 586 177 501 446 478 971 704 678 
734 972 1816 235 1312 991 1401 676 993 859 425 1330 1898 718 556 1445 1172 759 855 0 1419 1538 1118 1378 1076 1031 1735 1693 70 1270 1074 813 493 1789 1083 1447 834 1476 1448 1082 1619 1899 810 1224 1663 1219 935 1203 639 435 1243 1321 927 
779 1097 1367 1529 188 1390 971 852 979 771 1059 838 1417 754 1064 1018 356 930 1269 1300 0 739 1225 45 1258 616 1303 1860 1359 186 523 636 1287 1352 432 988 1337 1614 962 455 1158 1443 801 231 1216 1357 1067 944 1326 1232 762 1459 832 
1114 1392 1716 1791 618 1685 1313 1109 1347 1066 1351 1172 1790 1070 1356 1350 659 1191 1564 1562 733 0 1400 693 1553 943 1577 2166 1621 653 826 948 1593 1701 735 1359 1629 1875 1290 795 1531 1792 1066 660 1575 1652 1362 1257 1621 1538 1096 1754 1129 
842 1354 2025 1156 1069 1647 1601 1035 1415 1098 630 1530 2141 826 548 1645 996 1210 1526 1023 1181 1264 0 1128 1515 1231 1930 2121 1082 1092 1177 1234 1426 2066 1158 1647 866 1834 1648 1027 1829 2080 1118 1154 1856 1614 1324 1575 1579 1431 1464 1716 1161 
757 1097 1367 1497 166 1390 962 830 957 749 1059 816 1396 732 1064 936 334 915 1269 1268 61 717 1225 0 1258 610 1274 1860 1327 164 501 614 1287 1352 410 972 1337 1614 941 433 1137 1443 779 209 1179 1357 1067 906 1326 1232 741 1459 810 
950 123 1741 1050 1208 457 1338 800 531 809 973 1267 1842 930 978 1382 1068 712 445 1007 1327 1434 1497 1274 0 968 1672 938 967 1166 976 726 712 1726 1013 1384 1251 792 1385 1044 1556 1840 844 1120 1600 578 343 728 511 567 1154 696 870 
621 893 1069 1316 496 1188 683 684 757 552 834 522 1142 596 849 612 382 704 1067 1090 587 765 1389 574 1061 0 1040 1639 1149 529 257 417 1041 1166 213 671 1141 1422 634 326 835 1195 535 442 859 1165 847 714 1124 1006 447 1267 613 
1379 1492 726 1877 1291 1785 782 1305 1515 1147 1431 725 1316 1335 1436 673 1151 1333 1664 1642 1284 1517 1929 1320 1653 824 0 2249 1701 1249 998 972 1729 706 964 747 1709 1979 837 1066 1013 719 1187 1203 952 1752 1462 1425 1721 1674 857 1858 1210 
1507 859 2375 1736 1789 1022 1985 1346 1137 1392 1550 1889 2488 1485 1555 1967 1649 1260 1170 1626 1907 2032 2083 1872 878 1577 2358 0 1640 1747 1551 1314 1512 2364 1560 2031 1838 617 2003 1619 2194 2441 1444 1701 2189 455 969 1222 1228 1340 1724 497 1453 
784 972 1848 172 1312 951 1434 708 993 885 451 1363 1921 768 582 1478 1172 782 786 76 1419 1538 1128 1378 995 1064 1768 1693 0 1270 1074 811 435 2066 1083 1480 860 1476 1481 1130 1652 1932 842 1224 1696 1219 891 1203 570 377 1243 1321 948 
714 997 1294 1403 96 1292 879 787 856 651 933 718 1316 689 949 808 324 803 1171 1191 232 707 1225 201 1158 512 1239 1715 1250 0 403 516 1133 1279 312 867 1210 1498 830 319 1057 1350 677 107 1064 1241 969 813 1228 1120 643 1343 712 
683 964 1048 1369 558 1258 612 746 819 614 896 451 1051 658 917 541 444 766 1137 1164 559 827 1400 590 1125 255 966 1693 1223 591 0 454 1100 1166 275 600 1210 1476 563 388 764 1138 597 504 788 1219 935 776 1194 1073 376 1321 675 
721 575 1165 969 603 869 790 636 492 430 749 643 1256 705 764 719 489 386 732 874 718 872 1273 681 686 380 1154 1286 873 636 356 0 695 1166 422 778 1030 1096 755 475 970 1301 516 549 975 823 529 449 798 690 475 925 483 
804 765 1716 550 1172 913 1313 728 821 872 866 1242 1790 788 881 1357 1025 675 774 519 1284 1391 1428 1231 784 943 1647 1553 466 1133 878 689 0 1701 972 1359 1141 1371 1360 1019 1531 1792 862 1087 1575 1114 694 1063 665 288 1121 1216 942 
1473 1577 568 1962 1417 1878 848 1390 1580 1232 1516 876 1378 1451 1521 739 1277 1398 1749 1727 1391 1643 2055 1427 1738 921 731 2344 1786 1375 1135 1074 1800 0 1090 837 1794 2070 985 1203 1119 940 1293 1329 1045 1838 1547 1490 1812 1745 978 1910 1295 
593 680 1048 1096 511 986 620 508 544 339 621 463 1142 577 636 549 397 491 837 894 626 780 1174 589 791 200 983 1391 949 544 264 204 800 1166 0 608 922 1189 575 383 772 1146 388 457 796 941 634 501 903 795 388 1043 400 
1132 1239 866 1619 1008 1532 461 1036 1177 887 1176 343 860 1093 1181 426 863 1063 1411 1390 1017 1230 1694 1053 1400 567 925 1996 1449 966 738 709 1452 846 694 0 1454 1756 300 807 670 1040 933 921 374 1499 1209 1090 1468 1397 600 1601 948 
937 1203 1836 932 1363 1496 1427 946 1264 936 389 1356 1913 906 388 1471 1223 1066 1375 858 1470 1589 846 1429 1364 1057 1761 1953 889 1321 1125 1056 1263 2066 1134 1473 0 1720 1474 1136 1645 1905 921 1275 1689 1463 1173 1397 1243 1265 1290 1565 999 
1286 662 2152 1557 1580 1094 1735 1134 915 1180 1329 1664 2255 1264 1334 1779 1440 1051 983 1414 1687 1806 1851 1646 681 1365 2147 695 1415 1538 1342 1105 1287 2141 1351 1781 1607 0 1782 1410 1961 2216 1232 1492 1987 379 769 813 1073 1113 1515 467 1241 
1023 1157 987 1552 882 1450 541 933 1039 779 1068 102 1018 979 1073 483 768 965 1329 1327 832 1127 1586 863 1318 386 839 1920 1386 910 643 601 1356 1166 599 314 1346 1674 0 712 750 1131 828 828 454 1417 1127 989 1386 1301 440 1519 840 
396 957 1165 1316 351 1258 767 469 812 561 886 606 1256 371 917 696 333 759 1137 1090 466 656 936 466 1112 410 1130 1693 1149 384 155 472 1100 1166 268 755 1210 1476 718 0 928 1301 359 297 957 1219 935 769 1194 1073 531 1321 622 
1192 1306 796 1681 1100 1599 432 1075 1283 969 1241 760 540 1148 1246 528 972 1126 1478 1452 1058 1338 1759 1094 1467 642 1008 2058 1511 1058 813 784 1528 1166 769 630 1519 1814 744 882 0 1138 1022 1012 818 1566 1276 1193 1535 1473 675 1668 1032 
1498 1602 883 1980 1438 1898 925 1415 1605 1257 1541 925 1396 1476 1546 816 1298 1423 1774 1752 1443 1664 2075 1479 1763 955 631 2374 1813 1396 1156 1099 1827 863 1111 869 1822 2100 1033 1224 1137 0 1318 1350 1092 1868 1572 1515 1839 1770 1005 1940 1320 
430 736 1294 998 651 1032 886 188 759 316 641 729 1316 405 656 815 541 527 893 815 766 941 1178 733 847 466 1239 1452 864 684 363 505 834 1279 476 874 938 1235 841 333 1057 1350 0 597 1092 1019 690 802 962 894 654 1121 377 
647 956 1191 1360 90 1216 812 720 789 584 866 651 1256 622 881 741 284 736 1095 1131 274 667 1225 238 1098 445 1160 1662 1190 138 336 449 1070 1176 245 800 1141 1445 763 252 970 1301 610 0 999 1188 879 746 1152 1049 576 1290 645 
1184 1298 941 1667 1080 1591 517 1069 1245 949 1227 504 595 1148 1232 482 940 1101 1470 1438 1043 1306 1745 1079 1459 623 966 2058 1497 1038 794 765 1503 1166 750 440 1505 1814 461 863 726 1084 996 992 0 1558 1268 1167 1527 1448 656 1660 1012 
1131 485 1942 1368 1421 921 1537 982 729 1019 1176 1466 2086 1109 1181 1581 1281 915 795 1205 1528 1647 1694 1487 504 1167 1866 510 1226 1379 1183 945 1100 2066 1192 1583 1454 466 1584 1251 1755 2026 1042 1333 1799 0 592 840 861 945 1338 162 1080 
959 451 1776 794 1247 340 1373 811 507 820 1031 1302 1865 937 1036 1417 1107 723 203 852 1349 1473 1533 1313 450 1003 1707 1095 777 1205 1003 737 692 1761 1013 1419 1309 1087 1420 1082 1591 1862 855 1159 1635 789 0 704 269 547 1157 906 881 
1008 641 1463 1331 881 892 1058 913 375 692 1031 979 1551 979 1036 1102 767 683 755 1188 1011 1127 1555 960 752 695 1413 1233 1189 910 634 536 1054 1448 700 1111 1309 885 1097 753 1292 1539 794 827 1327 878 552 0 821 922 763 940 745 
986 464 1776 982 1247 481 1373 824 520 833 1031 1302 1865 948 1036 1417 1107 736 216 985 1366 1473 1533 1313 567 1003 1707 1209 937 1205 1003 750 705 1761 1033 1419 1309 1087 1420 1082 1591 1862 868 1159 1635 802 393 717 0 560 1165 925 894 
849 585 1693 491 1162 731 1290 773 641 850 835 1219 1767 833 926 1334 1025 653 594 460 1271 1391 1445 1231 604 921 1624 1344 407 1120 856 667 258 1678 943 1336 1210 1189 1337 1019 1508 1769 885 1074 1552 921 514 838 509 0 1108 1023 927 
907 978 1069 1403 777 1268 655 843 924 674 953 427 1142 877 958 584 663 790 1147 1201 691 1025 1477 722 1139 281 951 1715 1260 810 538 496 1133 1166 494 643 1231 1498 539 607 807 1184 723 723 831 1241 945 736 1204 1096 0 1343 735 
1138 499 1964 1403 1421 940 1572 996 743 1040 1176 1501 2141 1116 1181 1616 1281 930 809 1260 1528 1647 1694 1487 518 1202 1908 564 1261 1379 1183 945 1128 2066 1192 1618 1454 585 1619 1251 1790 2046 1061 1333 1828 179 606 854 875 959 1355 0 1101 
638 756 1367 1025 769 1049 946 515 654 71 666 794 1378 622 681 880 655 396 930 890 884 1025 1209 847 867 531 1274 1477 925 802 522 477 871 1352 588 951 962 1260 906 610 1119 1443 395 715 1157 1022 710 840 983 899 719 1124 0 
0 742 1362 946 588 1047 946 327 816 462 524 849 1420 34 546 873 567 617 940 737 703 896 735 714 889 597 1328 1457 773 544 389 604 831 1399 504 993 808 1206 944 325 1146 1450 356 516 1194 1020 726 882 1001 915 765 1095 523 
792 0 1596 981 965 482 1162 676 500 674 814 1093 1637 764 836 1126 935 571 405 846 1092 1303 1360 1092 147 809 1484 917 837 944 774 591 672 1633 845 1206 1181 702 1188 833 1363 1684 669 914 1402 449 195 626 458 524 966 503 735 
1391 1528 0 1877 1272 1841 707 1282 1445 1202 1519 846 1149 1364 1563 676 1226 1349 1709 1695 1399 1594 1982 1399 1646 931 694 2190 1739 1251 1128 1062 1671 545 1058 840 1797 1972 944 1180 761 857 1196 1220 1047 1784 1517 1429 1802 1659 942 1836 1263 
915 1003 2039 0 1276 978 1540 851 1070 945 484 1475 2011 887 632 1504 1230 877 795 208 1403 1598 1130 1403 1067 1185 1888 1698 177 1255 1102 897 521 2066 1159 1584 894 1447 1570 1124 1741 2101 976 1224 1780 1262 966 1256 612 478 1285 1337 1006 
573 870 1138 1251 0 1182 784 644 819 564 855 690 1263 546 877 714 310 673 1058 1089 179 664 1085 175 988 473 1145 1569 1136 56 355 453 1038 1175 276 833 1181 1318 785 260 999 1278 517 68 1036 1133 854 731 1150 995 606 1208 625 
1065 455 1954 970 1242 0 1464 997 727 959 1150 1399 1924 1037 1194 1428 1196 847 337 992 1369 1564 1624 1369 437 1109 1790 876 933 1221 1068 867 829 2066 1125 1508 1428 1135 1494 1065 1665 2019 948 1190 1704 819 506 853 424 681 1253 785 1020 
840 1017 708 1360 805 1319 0 782 981 676 1058 479 757 813 1102 226 727 830 1195 1201 827 1104 1482 858 1135 419 714 1709 1245 761 592 548 1179 734 559 391 1336 1458 540 642 485 826 683 733 588 1273 1003 888 1287 1162 429 1348 737 
321 648 1199 912 637 936 834 0 722 329 536 756 1318 294 558 764 584 523 842 703 752 941 963 763 795 483 1204 1345 739 593 438 490 769 1236 519 883 820 1135 851 374 1044 1283 145 565 1092 867 632 768 895 843 672 925 390 
949 470 1502 1156 852 706 1125 790 0 527 1058 995 1549 922 1102 1032 774 460 615 1006 975 1151 1497 981 617 713 1396 1183 1038 808 638 466 905 1539 709 1109 1336 944 1090 737 1275 1590 691 780 1305 689 405 404 668 777 874 743 572 
504 569 1112 886 566 854 738 329 478 0 526 660 1258 476 548 668 488 298 763 706 681 842 1023 692 716 387 1115 1291 700 522 352 298 703 1166 423 787 810 1044 755 394 963 1192 230 494 995 788 553 632 816 722 576 842 61 
520 852 1493 494 886 1182 1058 522 927 572 0 984 1549 492 148 1023 808 727 1058 403 1001 1183 591 996 988 707 1389 1546 438 842 672 714 801 1530 743 1109 410 1295 1079 731 1275 1581 567 814 1305 1110 836 1011 898 758 896 1185 633 
814 984 864 1343 779 1287 544 749 955 643 982 0 991 787 1023 378 701 797 1163 1181 749 1093 1458 780 1102 300 729 1674 1228 735 566 515 1135 890 533 373 1260 1423 95 616 808 958 650 707 512 1238 971 855 1255 1123 338 1313 704 
1430 1553 1089 1919 1311 1850 714 1307 1470 1227 1544 1053 0 1403 1588 775 1265 1374 1734 1720 1438 1633 1982 1438 1671 968 1237 2216 1764 1290 1167 1087 1696 1301 1097 864 1822 2007 1007 1219 526 1334 1221 1259 504 1830 1542 1454 1820 1684 983 1873 1288 
28 715 1362 912 563 1017 925 300 789 435 497 824 1396 0 519 848 542 590 928 710 678 871 708 689 862 570 1319 1431 746 519 364 577 804 1399 479 971 781 1184 923 300 1122 1450 331 491 1180 972 699 855 975 885 740 1047 496 
505 837 1493 633 871 1144 1047 507 912 557 139 970 1549 477 0 1023 793 712 1015 542 994 1183 495 981 970 692 1389 1546 577 827 657 699 951 1530 728 1090 423 1295 1065 716 1275 1581 552 799 1286 1110 821 989 1045 897 881 1185 618 
928 1097 590 1462 889 1402 228 866 1033 760 1093 327 862 897 1137 0 811 915 1278 1313 895 1198 1559 926 1215 446 572 1789 1344 845 676 632 1251 616 643 428 1371 1538 422 726 590 708 767 817 625 1353 1086 981 1370 1239 484 1428 821 
678 978 1264 1353 329 1283 888 748 927 668 1006 794 1379 651 1050 818 0 777 1159 1191 466 354 1085 448 1096 577 1255 1666 1238 383 459 557 1112 1301 380 933 1284 1415 889 403 1105 1352 621 361 1157 1230 967 835 1251 1107 710 1305 729 
683 465 1264 834 682 750 894 508 422 305 705 816 1379 655 727 824 604 0 659 654 797 956 1243 808 612 543 1255 1183 648 638 468 276 651 1301 539 946 1024 939 914 567 1105 1352 409 610 1157 684 449 681 712 655 684 738 366 
731 226 1537 924 931 470 1125 615 390 613 753 1032 1575 703 775 1067 849 510 0 785 1036 1235 1266 1038 368 748 1423 997 763 883 713 530 598 1574 784 1144 1067 796 1127 772 1301 1625 608 855 1340 543 169 516 432 450 925 597 674 
707 827 1752 230 1098 964 1318 643 906 742 364 1253 1793 679 512 1282 1052 707 786 0 1225 1420 963 1225 970 963 1644 1546 59 1077 944 727 434 1789 984 1362 774 1295 1348 975 1519 1871 766 1046 1558 1110 811 1083 603 414 1100 1185 803 
716 1017 1362 1402 174 1319 937 787 966 707 1058 832 1417 689 1102 857 436 816 1195 1240 0 790 1257 45 1135 613 1319 1709 1285 164 498 596 1179 1399 419 993 1336 1458 930 403 1143 1450 660 227 1180 1273 1003 874 1287 1162 712 1348 768 
892 1199 1512 1531 514 1504 1125 938 1077 853 1183 984 1549 865 1227 1042 567 953 1380 1369 651 0 1257 633 1317 762 1389 1902 1413 568 644 742 1285 1549 565 1144 1461 1640 1079 622 1275 1600 806 546 1340 1455 1188 1038 1472 1273 895 1530 927 
728 1302 2039 1141 989 1607 1540 915 1395 1036 699 1475 2011 701 612 1504 899 1165 1483 979 1143 1226 0 1102 1420 1185 1888 1995 1026 1030 1042 1178 1326 2066 1057 1584 751 1743 1570 911 1741 2101 1018 1013 1780 1558 1291 1476 1508 1350 1389 1633 1097 
705 1003 1362 1380 159 1319 925 776 957 696 1058 822 1396 678 1102 846 418 805 1195 1218 76 772 1257 0 1121 605 1319 1698 1265 161 487 585 1179 1399 408 971 1336 1447 923 392 1122 1450 649 212 1180 1262 1003 863 1287 1134 738 1337 757 
880 115 1700 1029 1062 420 1266 764 588 762 904 1183 1741 852 988 1230 1011 659 459 918 1189 1379 1421 1189 0 897 1574 886 910 1041 862 679 744 1737 936 1310 1244 790 1278 935 1467 1788 757 1010 1506 537 291 714 512 596 1046 591 823 
514 827 962 1208 479 1134 597 555 776 521 812 505 1149 487 834 527 401 630 1014 1046 560 755 1191 591 970 0 970 1546 1093 435 266 410 1011 1166 233 646 1181 1295 600 316 809 1051 428 407 843 1110 811 688 1096 976 421 1185 582 
1286 1398 692 1727 1159 1703 704 1152 1316 1072 1389 658 1258 1259 1433 613 1113 1220 1579 1565 1286 1481 1863 1286 1516 777 0 2089 1609 1138 1023 940 1542 718 963 714 1667 1839 753 1075 999 692 1066 1107 912 1654 1387 1300 1671 1530 815 1729 1133 
1528 917 2351 1708 1684 926 1947 1427 1169 1423 1598 1895 2410 1500 1642 1949 1638 1254 1091 1595 1814 2053 2051 1814 919 1576 2299 0 1616 1663 1510 1321 1434 2338 1567 2000 1877 668 1990 1521 2189 2439 1413 1632 2211 495 1002 1249 1234 1309 1695 499 1484 
760 840 1834 192 1133 913 1386 696 921 778 378 1321 1862 732 526 1350 1087 720 748 53 1260 1455 979 1260 940 1031 1712 1546 0 1112 944 740 404 2066 989 1430 788 1295 1416 1023 1587 1934 819 1081 1626 1110 824 1090 565 361 1100 1185 839 
552 849 1118 1219 56 1182 763 623 798 543 834 669 1258 525 856 693 298 652 1058 1069 171 652 1085 177 988 452 1145 1546 1104 0 334 432 1011 1166 255 812 1181 1295 764 239 999 1216 496 94 1012 1110 833 710 1119 989 585 1185 604 
558 871 935 1251 523 1182 554 599 820 565 856 460 1013 531 878 484 445 674 1058 1089 530 799 1236 561 988 243 922 1569 1136 479 0 405 1038 1166 277 603 1181 1318 555 360 766 1008 472 451 800 1133 855 732 1150 995 376 1208 626 
688 563 1088 1010 605 848 709 576 522 433 761 631 1204 661 783 639 527 366 757 872 720 881 1266 731 710 358 1077 1269 866 561 391 0 764 1166 462 758 1080 1044 726 490 928 1168 477 533 950 782 547 454 810 716 423 836 478 
747 673 1642 472 959 849 1208 673 747 711 662 1124 1683 719 810 1172 935 553 758 337 1086 1303 1350 1086 738 840 1515 1373 309 938 765 573 0 1679 836 1252 1121 1135 1219 864 1409 1730 736 914 1448 892 638 956 594 225 948 994 772 
1391 1528 506 1877 1272 1841 825 1282 1445 1202 1519 841 1379 1364 1563 671 1226 1349 1709 1695 1399 1594 1982 1399 1646 931 689 2190 1739 1251 1128 1062 1671 0 1058 835 1797 1972 941 1180 1105 852 1196 1220 1042 1784 1517 1429 1802 1659 942 1836 1263 
548 594 939 980 465 879 556 394 543 288 579 478 1013 521 601 486 387 397 788 793 580 741 1038 591 741 205 922 1297 829 421 251 177 795 1166 0 605 863 1065 573 350 768 1043 295 393 802 813 578 455 841 747 394 867 349 
1112 1266 876 1587 1022 1571 476 1029 1184 936 1249 418 871 1085 1293 444 962 1075 1447 1425 1149 1330 1723 1149 1384 660 882 1963 1469 1001 833 789 1394 1166 800 0 1527 1707 333 883 747 974 927 970 444 1522 1255 1169 1539 1382 670 1597 997 
844 1170 1862 957 1192 1475 1411 846 1263 896 459 1346 1885 816 472 1375 1146 1043 1351 862 1319 1514 769 1319 1288 1056 1737 1888 897 1171 1018 1047 1225 2066 1075 1455 0 1611 1441 1048 1612 1981 891 1140 1651 1426 1159 1345 1315 1216 1260 1501 961 
1275 670 2159 1530 1457 1087 1678 1183 958 1178 1345 1613 2120 1247 1389 1642 1411 1032 974 1395 1584 1779 1836 1584 678 1323 2045 653 1416 1436 1283 1099 1234 2146 1340 1722 1623 0 1708 1268 1914 2236 1160 1405 1955 403 757 819 1096 1141 1473 407 1239 
980 1143 865 1492 931 1448 465 913 1077 806 1150 163 885 953 1194 433 864 953 1324 1330 913 1235 1615 944 1261 463 871 1840 1374 898 729 678 1285 891 696 294 1428 1584 0 779 736 958 813 870 433 1399 1132 1038 1416 1273 501 1474 867 
351 831 1138 1164 265 1134 775 425 840 476 780 681 1258 324 802 705 260 694 1014 1005 380 614 936 391 970 464 1145 1546 1049 221 221 474 1032 1175 297 824 1094 1295 776 0 999 1278 303 193 1027 1110 815 752 1112 995 597 1185 537 
1085 1263 815 1577 1006 1568 398 1029 1167 936 1239 711 520 1058 1283 459 962 1058 1444 1415 1133 1330 1713 1133 1381 651 929 1963 1459 985 824 780 1390 1166 791 623 1517 1704 772 874 0 1043 921 954 820 1519 1252 1151 1536 1378 661 1594 997 
1410 1528 856 1877 1291 1841 837 1282 1445 1202 1519 853 1379 1383 1563 746 1245 1349 1709 1695 1418 1613 1982 1418 1646 932 589 2190 1739 1270 1147 1062 1671 882 1077 847 1797 1972 951 1199 1105 0 1196 1239 1054 1784 1517 1429 1802 1659 952 1836 1263 
337 615 1118 968 510 900 765 145 680 260 564 687 1258 310 586 695 489 490 809 778 625 834 1023 636 762 414 1145 1321 814 466 311 421 837 1170 426 814 848 1087 782 247 999 1278 0 438 1012 834 599 699 862 810 603 888 321 
521 818 1110 1189 84 1134 732 592 767 512 803 638 1258 494 825 662 267 621 1002 1040 250 621 1085 246 970 421 1115 1519 1074 80 303 401 991 1166 224 781 1121 1268 733 208 963 1192 465 0 984 1083 802 679 1096 976 554 1158 573 
1099 1264 869 1577 1022 1569 469 1029 1167 936 1239 580 504 1072 1283 437 962 1058 1445 1415 1149 1330 1713 1149 1382 653 875 1963 1459 1001 826 782 1391 895 793 431 1517 1705 495 876 740 974 921 970 0 1520 1253 1151 1537 1379 663 1595 997 
1029 430 1917 1236 1219 818 1443 925 749 936 1109 1378 1920 1001 1153 1407 1173 820 727 1097 1346 1541 1583 1346 438 1088 1769 468 1118 1198 1045 840 1011 2066 1102 1487 1387 467 1473 1048 1644 2004 921 1167 1683 0 517 851 780 889 1223 88 997 
950 436 1762 827 1133 301 1328 825 600 823 1006 1263 1809 923 1050 1292 1087 720 210 811 1260 1455 1486 1260 435 973 1654 1017 762 1112 944 740 702 1799 984 1372 1284 1040 1358 986 1529 1891 818 1081 1568 753 0 726 263 554 1100 807 884 
893 587 1471 1276 810 823 1022 781 360 675 1058 957 1549 866 1102 1001 732 616 732 1160 925 1110 1486 935 719 671 1389 1183 1181 766 596 504 1011 1508 667 1090 1336 805 1052 695 1275 1559 682 738 1286 768 522 0 785 894 773 822 728 
915 409 1724 970 1098 445 1290 798 573 796 982 1238 1765 886 1023 1254 1044 693 183 868 1225 1412 1458 1225 516 948 1629 1183 840 1077 896 713 675 1761 965 1334 1260 993 1333 957 1491 1871 791 1046 1530 726 352 699 0 527 1080 780 857 
857 537 1684 476 1006 691 1250 783 661 786 666 1169 1725 829 814 1214 962 598 600 341 1133 1330 1350 1133 580 885 1560 1319 313 985 810 618 240 1721 881 1294 1121 1098 1264 935 1451 1772 781 954 1490 854 480 827 527 0 992 925 847 
758 891 962 1272 723 1209 576 693 850 587 878 389 1062 731 900 506 645 694 1085 1110 663 1045 1400 694 1005 244 901 1593 1157 679 510 459 1047 1166 477 625 1244 1342 484 560 788 1051 594 651 822 1157 875 703 1177 1021 0 1232 648 
1029 425 1895 1225 1219 813 1418 925 744 936 1099 1353 1908 1001 1143 1382 1173 815 722 1086 1346 1541 1573 1346 433 1063 1744 459 1107 1198 1045 835 1011 2066 1102 1462 1377 574 1448 1048 1619 1981 921 1167 1658 125 512 851 775 884 1216 0 997 
565 614 1158 946 627 899 799 390 523 61 587 721 1318 537 609 729 549 343 808 767 742 906 1038 753 761 448 1151 1321 761 583 413 343 764 1195 484 848 871 1087 816 455 1003 1278 291 555 1054 833 598 677 861 767 637 887 0 
0 844 1466 982 646 1172 1085 409 971 550 550 962 1562 28 587 1012 627 667 1072 788 769 941 751 776 1026 694 1450 1590 844 607 448 725 888 1471 563 1098 824 1406 1092 392 1309 1536 413 576 1315 1161 834 985 1131 993 897 1225 611 
842 0 1718 1029 1047 453 1349 716 475 749 872 1192 1809 814 917 1264 966 599 421 948 1139 1327 1484 1165 149 921 1664 917 897 1020 824 627 680 1723 893 1362 1191 725 1322 958 1548 1788 797 985 1579 495 218 611 486 542 1040 582 810 
1448 1722 0 1983 1358 2040 838 1447 1533 1274 1548 876 1306 1419 1573 684 1252 1417 1903 1762 1401 1613 2053 1432 1872 958 684 2427 1838 1331 1126 1078 1825 531 1066 841 1845 2160 947 1184 808 802 1374 1296 1048 1993 1690 1433 1971 1753 979 2070 1335 
952 1139 2031 0 1384 950 1664 855 1195 957 534 1487 2142 923 717 1579 1278 894 1037 236 1476 1639 1289 1502 1223 1214 1944 1695 174 1357 1130 943 523 2066 1199 1677 999 1675 1617 1259 1864 2121 1013 1322 1928 1430 1076 1327 572 514 1398 1494 1018 
673 990 1357 1376 0 1277 874 735 885 641 935 768 1390 646 956 818 221 746 1177 1186 194 585 1085 171 1165 524 1267 1716 1247 62 397 502 1190 1362 300 904 1256 1433 875 320 1137 1427 602 72 1120 1287 969 759 1268 1106 703 1351 702 
1142 518 2031 948 1384 0 1664 1024 720 1054 1180 1487 2142 1113 1205 1579 1278 900 340 984 1476 1639 1766 1502 471 1214 1944 927 903 1357 1130 943 822 2066 1199 1677 1491 1227 1617 1259 1864 2121 1119 1322 1928 868 505 856 394 684 1398 890 1115 
965 1222 757 1493 836 1498 0 938 1070 770 1064 529 779 931 1089 244 753 927 1398 1321 960 1126 1570 963 1397 454 773 1957 1381 797 634 591 1343 861 584 424 1375 1611 506 700 528 961 839 766 644 1513 1190 934 1489 1280 490 1577 831 
393 729 1380 899 696 1032 992 0 846 449 580 918 1475 366 617 934 626 552 941 710 819 1010 1065 826 875 617 1374 1468 766 657 447 634 772 1385 562 1023 854 1284 1052 442 1222 1450 195 626 1240 1039 719 906 1014 879 845 1103 510 
993 493 1548 1233 912 726 1179 874 0 611 1037 1075 1631 964 1062 1094 833 473 651 1079 1026 1208 1623 1034 639 786 1547 1222 1095 877 699 502 912 1553 768 1192 1348 1015 1205 825 1378 1618 864 846 1409 790 436 356 716 763 925 877 647 
537 667 1347 968 663 954 851 432 582 0 567 775 1328 509 604 795 580 337 872 793 786 956 1139 791 813 482 1314 1392 812 624 446 339 791 1362 515 881 841 1227 882 497 1075 1427 349 593 1089 963 657 698 986 837 710 1027 61 
518 942 1532 531 931 1242 1163 577 1023 622 0 1057 1615 490 183 1078 864 739 1142 428 1046 1228 654 1068 1114 766 1529 1661 441 912 730 797 842 1537 799 1176 420 1477 1187 804 1362 1602 656 877 1393 1232 934 1081 1005 833 1034 1296 683 
855 1100 953 1404 754 1376 519 854 989 689 985 0 939 828 1010 365 671 843 1276 1209 849 1063 1506 880 1275 283 670 1830 1270 715 552 510 1286 1166 502 343 1296 1529 110 618 783 1049 757 684 503 1391 1068 856 1367 1214 353 1455 750 
1495 1780 1109 2048 1405 2102 746 1505 1591 1332 1606 1019 0 1466 1631 822 1299 1475 1970 1821 1458 1660 2113 1489 1872 987 1343 2489 1903 1378 1173 1136 1851 1362 1113 845 1877 2218 981 1231 535 1427 1421 1343 488 2067 1748 1491 2022 1828 1034 2144 1393 
36 816 1443 968 619 1124 1060 382 939 522 522 935 1562 0 559 990 600 639 1028 760 742 941 732 749 993 666 1410 1565 816 580 421 697 860 1448 536 1095 796 1381 1065 365 1309 1513 386 549 1312 1136 806 956 1107 969 870 1200 583 
497 895 1510 661 912 1200 1163 556 1023 601 130 1040 1588 469 0 1056 843 718 1100 558 1036 1228 554 1044 1072 745 1512 1650 571 887 709 776 986 1515 778 1149 404 1466 1170 783 1335 1580 635 856 1366 1221 885 1050 1071 958 988 1285 662 
1053 1327 664 1548 906 1603 230 1018 1130 844 1158 361 873 1019 1183 0 827 1004 1503 1353 1024 1197 1648 1032 1502 466 605 2060 1414 871 708 665 1421 714 658 454 1469 1691 468 774 622 821 944 840 674 1618 1295 1029 1594 1358 536 1682 916 
731 1138 1380 1459 352 1414 1009 847 1007 758 1064 885 1475 704 1089 934 0 863 1314 1264 504 364 1085 465 1313 641 1373 1869 1325 414 514 619 1287 1385 417 1036 1375 1553 1022 435 1222 1450 719 394 1253 1429 1106 876 1405 1229 820 1493 819 
748 516 1357 917 684 796 925 543 521 323 778 847 1407 720 815 867 601 0 721 744 807 1010 1360 812 662 554 1349 1241 763 645 467 270 686 1362 536 951 1097 1069 980 593 1154 1427 480 614 1163 813 506 664 786 704 674 900 384 
803 242 1640 968 1004 455 1271 677 380 710 833 1159 1723 775 870 1186 937 560 0 866 1098 1298 1453 1124 391 872 1631 1034 818 977 785 588 601 1645 854 1284 1191 856 1289 935 1470 1710 758 942 1501 626 165 516 445 463 998 713 771 
771 971 1905 189 1239 950 1532 668 1053 755 435 1355 2021 743 618 1447 1133 720 1037 0 1331 1494 1085 1357 1141 1082 1822 1695 56 1212 985 784 457 2066 1052 1545 855 1518 1485 1086 1731 1985 810 1177 1762 1273 944 1201 574 448 1241 1337 816 
825 1142 1357 1493 241 1418 925 868 1033 774 1064 782 1407 798 1089 877 373 879 1318 1321 0 737 1257 45 1317 569 1314 1881 1381 198 530 635 1309 1362 433 972 1375 1561 889 443 1154 1427 735 297 1180 1433 1110 892 1409 1245 696 1497 835 
999 1327 1540 1618 510 1603 1171 998 1153 946 1209 1040 1623 965 1234 1086 557 1013 1503 1423 662 0 1300 623 1502 799 1512 2060 1484 572 672 777 1421 1545 575 1184 1520 1714 1170 678 1370 1610 877 552 1401 1618 1295 1052 1594 1358 997 1682 1007 
798 1549 2031 1192 1014 1827 1664 1026 1576 1100 630 1518 2142 770 583 1579 937 1240 1725 1034 1149 1256 0 1114 1724 1261 1966 2285 1058 1058 1091 1291 1467 2066 1105 1677 750 2048 1648 942 1864 2121 1168 1040 1928 1863 1517 1559 1605 1438 1472 1940 1161 
807 1142 1380 1493 223 1418 992 869 1033 775 1064 829 1450 780 1089 934 355 880 1318 1321 61 719 1257 0 1317 616 1349 1881 1381 207 531 636 1309 1385 434 1023 1375 1561 964 475 1197 1450 736 279 1240 1433 1110 893 1409 1245 743 1497 836 
944 146 1847 1055 1209 423 1478 823 582 856 985 1301 1916 915 1010 1393 1103 706 459 983 1283 1464 1575 1309 0 1028 1773 874 925 1182 942 734 709 2066 1002 1491 1296 821 1431 1100 1677 1945 916 1147 1708 591 364 718 524 571 1174 678 933 
572 883 1090 1302 471 1200 654 607 804 560 840 551 1150 545 877 598 388 665 1100 1112 594 752 1257 599 1069 0 1029 1618 1173 432 269 421 1084 1166 219 684 1191 1356 658 335 858 1166 474 401 912 1189 873 678 1191 1037 471 1253 621 
1368 1657 702 1875 1256 1931 748 1355 1471 1182 1456 644 1328 1339 1481 600 1150 1352 1842 1670 1315 1511 2017 1346 1834 749 0 2393 1731 1229 1046 977 1751 705 964 739 1767 2109 751 1104 1025 673 1290 1194 957 1959 1625 1371 1904 1688 819 2036 1243 
1545 874 2395 1772 1791 926 2053 1423 1177 1448 1580 1930 2500 1516 1605 2006 1685 1290 1113 1606 1897 2096 2082 1909 914 1621 2311 0 1634 1764 1537 1351 1537 2416 1606 2102 1862 658 2016 1666 2247 2501 1536 1729 2337 499 974 1194 1258 1328 1825 561 1509 
802 990 1905 143 1275 891 1532 699 1063 786 472 1355 2021 774 655 1447 1169 751 1037 63 1367 1530 1139 1393 1077 1082 1822 1652 0 1248 1021 796 403 2066 1090 1545 892 1532 1485 1123 1731 1985 841 1213 1762 1287 969 1207 519 394 1241 1351 847 
716 1003 1357 1377 91 1282 890 751 912 657 964 784 1390 689 970 834 273 762 1182 1186 162 637 1085 183 1178 540 1314 1731 1247 0 413 518 1190 1362 316 939 1256 1446 891 326 1137 1427 618 109 1131 1302 974 775 1273 1106 719 1366 718 
645 990 1050 1351 544 1277 620 680 877 633 927 514 1150 618 956 564 461 738 1177 1156 625 825 1375 656 1165 329 987 1716 1217 505 0 481 1144 1166 292 650 1256 1433 621 408 824 1129 547 474 870 1287 969 751 1268 1085 449 1351 694 
747 567 1213 984 605 847 782 662 534 453 777 699 1268 719 814 726 522 349 772 867 728 886 1360 733 713 406 1267 1311 850 566 388 0 714 1218 457 812 1097 1091 806 514 1019 1302 579 535 1021 864 557 408 837 732 419 936 489 
819 796 1764 512 1125 921 1395 716 918 803 837 1218 1842 791 917 1310 1019 628 845 428 1217 1380 1484 1243 840 945 1690 1559 380 1098 853 656 0 1769 942 1408 1191 1381 1348 991 1594 1840 858 1063 1625 1136 735 1081 575 285 1067 1200 864 
1448 1722 537 1983 1358 2040 840 1447 1533 1274 1548 878 1390 1419 1573 686 1252 1417 1903 1762 1401 1613 2053 1432 1872 958 686 2427 1838 1331 1126 1078 1825 0 1066 843 1845 2160 947 1184 1137 804 1374 1296 1048 1993 1690 1433 1971 1753 979 2070 1335 
591 664 1044 1078 487 944 593 506 585 341 621 517 1150 563 658 537 404 446 869 878 610 768 1196 615 810 224 993 1392 944 448 270 202 811 1166 0 623 895 1157 624 396 797 1115 423 417 843 963 654 459 959 829 452 1027 402 
1116 1382 925 1618 986 1658 443 1114 1224 946 1209 387 853 1087 1234 424 937 1068 1558 1423 1092 1298 1739 1115 1557 605 933 2105 1484 959 785 742 1476 1166 735 0 1520 1786 286 851 704 976 1018 923 424 1673 1350 1124 1649 1413 641 1737 1007 
775 1260 1883 948 1275 1536 1507 834 1306 879 407 1330 2021 747 440 1422 1169 1022 1407 835 1367 1530 771 1393 1435 1057 1809 1997 848 1248 1021 1078 1261 2066 1090 1520 0 1796 1460 1088 1706 1963 944 1213 1737 1551 1228 1346 1233 1232 1284 1615 948 
1323 669 2225 1576 1569 1088 1850 1201 965 1237 1358 1672 2281 1294 1383 1764 1463 1073 977 1410 1661 1843 1940 1687 707 1399 2102 692 1438 1542 1315 1134 1343 2246 1384 1881 1669 0 1809 1444 2028 2331 1314 1507 2129 424 764 794 1107 1158 1519 433 1298 
999 1260 925 1533 878 1536 450 979 1114 813 1125 124 860 965 1150 431 795 968 1436 1338 994 1182 1648 1002 1435 407 794 1997 1399 839 676 634 1380 1166 626 271 1436 1663 0 742 711 1000 881 808 431 1551 1228 985 1527 1317 477 1615 874 
420 990 1278 1314 264 1277 812 480 890 570 865 706 1328 393 917 756 305 751 1177 1120 387 637 977 394 1165 521 1267 1716 1181 225 192 507 1190 1283 305 842 1191 1433 813 0 1033 1328 347 194 1048 1287 969 764 1268 1106 641 1351 631 
1178 1450 781 1683 1053 1726 435 1184 1307 1005 1274 758 545 1149 1299 511 972 1145 1626 1488 1145 1333 1799 1171 1625 669 1029 2169 1549 1026 849 806 1544 1166 799 639 1585 1875 721 935 0 1177 1081 991 859 1741 1418 1207 1717 1481 705 1806 1066 
1723 2028 1090 2288 1633 2350 1123 1730 1815 1557 1842 1166 1630 1694 1850 1012 1527 1700 2218 2061 1686 1920 2281 1717 2137 1215 844 2705 2143 1606 1401 1361 2064 1166 1341 1095 2145 2430 1248 1459 1377 0 1649 1571 1312 2366 2008 1716 2270 2047 1263 2443 1618 
405 722 1357 1029 536 1023 864 175 839 327 622 788 1390 378 659 808 466 545 929 836 659 830 1152 666 868 495 1314 1468 892 497 287 526 898 1362 402 894 896 1284 895 282 1137 1427 0 466 1120 1039 712 783 1014 950 723 1103 388 
657 945 1278 1327 72 1242 831 692 842 598 878 725 1328 630 917 775 253 703 1142 1156 247 617 1085 224 1119 481 1267 1687 1217 85 354 459 1108 1283 257 861 1191 1400 832 267 1075 1348 559 0 1089 1258 934 716 1233 1072 660 1322 659 
1188 1472 982 1709 1087 1748 518 1184 1307 1026 1300 604 478 1159 1325 499 1019 1167 1648 1514 1179 1380 1836 1205 1647 680 1020 2199 1575 1060 860 817 1566 1166 810 483 1611 1875 503 935 779 1071 1100 1025 0 1763 1440 1207 1739 1503 716 1847 1087 
1105 450 1996 1363 1343 835 1623 990 736 1033 1158 1446 2079 1076 1183 1538 1237 860 760 1197 1435 1598 1744 1461 488 1173 1891 469 1225 1316 1089 888 1092 2066 1158 1636 1469 502 1576 1218 1829 2080 1089 1281 1878 0 545 848 825 950 1357 126 1094 
1019 457 1911 826 1275 290 1546 892 595 946 1064 1369 2021 990 1089 1461 1169 775 215 854 1367 1530 1658 1393 443 1096 1833 996 792 1248 1021 803 697 2066 1090 1559 1375 1082 1499 1150 1745 2000 987 1213 1776 841 0 731 280 559 1289 925 1007 
974 552 1466 1341 832 785 1096 889 386 724 1037 991 1562 945 1062 1012 749 658 710 1197 960 1123 1570 963 698 702 1457 1114 1225 793 615 516 1089 1471 684 1114 1348 750 1121 741 1309 1536 806 762 1331 790 495 0 775 876 790 818 785 
1782 1210 2769 1756 2008 1194 2406 1660 1360 1682 1838 2256 2932 1753 1850 2359 1925 1524 962 1744 2113 2306 2272 2098 1346 1870 2638 1869 1686 1980 1771 1585 1544 2966 1841 2455 2145 1878 2342 1907 2600 2853 1773 1946 2690 1626 1138 1480 0 1334 2081 1690 1743 
886 650 1779 487 1125 774 1410 783 764 829 812 1233 1870 858 987 1325 1019 636 699 403 1217 1380 1506 1243 694 960 1705 1393 355 1098 861 664 245 1784 942 1423 1256 1249 1363 991 1609 1861 933 1063 1640 1005 589 947 462 0 1081 1069 890 
813 971 1077 1377 712 1252 632 812 948 647 935 395 1150 786 970 536 629 734 1152 1186 766 1010 1468 797 1146 241 841 1716 1247 673 510 468 1144 1166 460 662 1256 1454 502 576 836 1166 715 642 882 1287 944 722 1243 1085 0 1351 708 
1114 458 2030 1363 1361 843 1640 990 744 1033 1158 1463 2079 1085 1183 1555 1255 868 768 1197 1453 1616 1744 1479 496 1190 1928 507 1225 1334 1107 896 1108 2066 1176 1653 1469 617 1593 1236 1864 2094 1089 1299 1897 148 553 856 833 950 1374 0 1094 
602 725 1357 1021 728 1032 920 497 635 65 632 840 1390 574 669 860 645 402 929 858 851 1034 1196 856 871 547 1349 1468 877 689 511 392 856 1362 580 951 910 1284 974 562 1137 1427 414 658 1160 1039 715 751 1014 890 775 1103 0 
0 885 1318 830 605 1146 970 320 850 485 507 888 1480 28 520 911 561 627 1095 674 715 841 703 700 995 601 1285 1476 721 610 388 642 737 1353 503 986 864 1338 986 330 1205 1393 354 579 1257 1115 876 889 1079 831 736 1165 546 
757 0 1504 812 971 364 1162 643 374 655 781 1096 1653 729 794 1097 896 496 358 731 1078 1205 1187 1050 110 787 1497 775 706 973 769 560 510 1539 796 1176 1183 682 1191 770 1378 1579 653 942 1447 446 158 500 434 418 905 496 716 
1326 1477 0 1717 1196 1716 669 1209 1409 1094 1400 770 1143 1299 1409 587 1144 1260 1665 1584 1195 1453 1786 1226 1586 840 611 2050 1631 1175 1035 973 1578 473 986 729 1668 1925 804 1073 761 684 1122 1144 950 1683 1463 1270 1726 1625 858 1733 1155 
794 763 1746 0 1189 652 1404 731 885 820 387 1321 1863 766 476 1339 1137 721 835 133 1292 1446 867 1291 813 1038 1722 1309 94 1168 1022 785 360 1781 1039 1418 793 1338 1416 1032 1620 1840 846 1137 1689 1115 761 1016 374 345 1126 1165 881 
577 1019 1182 1161 0 1251 813 616 755 564 837 731 1335 550 850 749 189 660 1200 1028 171 496 936 162 1128 444 1188 1588 1075 56 373 458 998 1217 277 829 1183 1381 826 247 1060 1251 503 72 1019 1227 998 705 1261 969 579 1277 625 
965 345 1693 731 1158 0 1351 845 553 857 1017 1268 1838 937 1026 1286 1106 698 267 750 1261 1415 1406 1260 337 985 1669 723 704 1137 977 762 627 1728 1016 1365 1285 1025 1363 975 1567 1768 855 1106 1636 689 429 680 331 535 1104 680 927 
859 1112 662 1280 768 1351 0 766 912 664 942 456 714 832 951 192 699 807 1300 1147 749 1015 1347 796 1221 399 676 1679 1194 773 586 532 1105 713 536 353 1210 1506 428 636 475 763 675 742 568 1318 1098 815 1361 1115 417 1368 725 
315 776 1240 754 668 1059 853 0 697 332 481 800 1396 287 494 789 599 510 975 598 753 906 876 763 885 477 1208 1404 645 648 426 502 661 1275 512 869 838 1266 895 368 1121 1296 145 617 1057 1043 767 749 1011 755 648 1093 393 
840 365 1380 951 804 604 1047 721 0 432 864 981 1565 812 877 974 735 338 511 883 914 1043 1270 899 466 656 1388 996 858 809 608 399 662 1415 635 1059 1183 814 1076 720 1290 1455 630 778 1330 634 311 271 587 570 741 684 462 
470 665 1115 837 588 935 760 329 423 0 517 707 1263 443 530 696 519 236 856 704 698 826 936 683 774 384 1119 1307 724 593 392 262 635 1166 419 776 874 1138 802 355 963 1251 238 562 985 946 656 553 954 619 555 996 61 
474 946 1403 409 882 966 1058 477 912 546 0 1009 1565 446 89 996 813 688 1095 339 999 1129 480 981 1055 678 1410 1525 355 887 686 703 603 1438 713 1079 433 1387 1104 661 1290 1478 544 856 1350 1164 938 951 666 588 849 1214 607 
867 1105 732 1280 776 1344 451 759 895 657 942 0 832 840 949 283 707 800 1293 1147 709 1015 1345 756 1214 324 612 1672 1194 781 594 525 1105 783 544 276 1210 1479 95 644 716 833 668 750 425 1311 1091 778 1354 1107 352 1361 718 
1437 1578 1076 1835 1307 1821 722 1310 1490 1195 1501 851 0 1410 1510 759 1255 1364 1766 1685 1309 1564 1923 1340 1687 940 1188 2148 1732 1286 1146 1088 1679 1217 1097 691 1769 2009 805 1184 522 1251 1223 1255 456 1784 1564 1397 1821 1726 972 1836 1256 
28 857 1307 802 580 1117 946 295 822 457 479 863 1437 0 492 881 536 599 1066 646 690 816 676 675 968 576 1269 1454 693 585 363 614 709 1342 478 961 836 1316 967 305 1162 1382 329 554 1233 1093 848 861 1054 803 711 1143 518 
477 961 1403 498 885 1070 1058 480 915 549 89 1009 1565 449 0 996 816 691 1140 428 999 1129 443 981 1064 681 1410 1525 444 890 689 706 692 1438 716 1079 441 1387 1104 664 1290 1478 547 859 1350 1164 938 953 755 677 852 1214 610 
967 1161 552 1368 865 1400 271 863 1008 761 1051 323 878 940 1060 0 796 915 1349 1235 846 1119 1437 893 1270 481 543 1728 1282 870 683 629 1175 603 633 403 1319 1590 418 733 639 653 772 839 618 1367 1147 913 1410 1222 509 1417 822 
678 1100 1307 1280 283 1339 906 745 848 657 942 824 1396 651 949 842 0 753 1288 1147 407 307 1085 378 1209 537 1240 1667 1194 322 466 551 1105 1342 370 935 1210 1457 923 400 1121 1382 632 321 1192 1306 1086 798 1349 1066 672 1356 718 
643 588 1240 745 636 872 864 460 351 281 690 811 1396 616 703 800 567 0 779 628 746 874 1110 731 697 488 1240 1220 632 641 440 231 594 1275 467 880 1063 1117 906 528 1121 1296 398 610 1079 857 579 544 855 599 573 925 342 
692 193 1447 778 900 455 1125 578 286 590 716 1040 1591 664 729 1040 831 431 0 697 1010 1174 1124 986 285 722 1441 900 672 907 704 495 476 1482 731 1114 1099 795 1135 705 1316 1522 588 874 1385 559 162 413 438 384 837 609 651 
661 698 1606 156 1096 684 1264 598 820 708 361 1196 1755 633 450 1199 1036 636 770 0 1199 1345 828 1190 748 918 1597 1288 47 1075 948 700 295 1641 957 1278 794 1277 1291 900 1480 1681 713 1044 1549 1054 696 953 406 280 1046 1104 769 
667 1100 1240 1280 173 1339 859 706 854 663 942 740 1396 640 949 795 309 759 1288 1147 0 616 1085 61 1209 466 1208 1667 1194 150 466 557 1105 1275 376 875 1210 1457 835 337 1121 1296 593 223 1065 1306 1086 804 1349 1084 576 1356 724 
900 1217 1453 1462 485 1456 1125 952 1050 859 1152 1029 1602 873 1161 1046 532 955 1405 1329 609 0 1122 580 1326 739 1430 1784 1376 524 668 753 1314 1488 572 1125 1420 1646 1124 615 1327 1528 834 523 1396 1423 1203 1000 1466 1361 874 1473 927 
706 1225 1768 889 917 1464 1426 845 1271 936 480 1343 1883 679 443 1361 898 1075 1413 819 1036 1122 0 1002 1334 1060 1744 1792 835 962 1052 1105 1114 2066 1064 1440 664 1654 1438 911 1642 1851 921 955 1711 1431 1211 1362 1164 1068 1237 1481 997 
691 1097 1240 1249 150 1319 893 730 835 644 928 801 1396 664 934 829 269 740 1268 1116 75 576 1085 0 1206 524 1208 1664 1163 149 453 538 1065 1275 357 910 1183 1444 896 361 1121 1315 617 200 1177 1303 1066 785 1329 1053 637 1353 705 
828 120 1567 872 1028 353 1225 714 462 726 852 1147 1716 800 865 1160 968 567 419 791 1131 1277 1266 1124 0 858 1548 695 766 1007 840 631 570 1602 867 1239 1183 695 1242 841 1441 1642 724 976 1510 459 259 543 508 478 979 509 787 
543 940 897 1073 452 1182 562 549 698 476 749 495 1043 516 762 498 383 603 1131 940 447 690 1153 494 1049 0 909 1505 987 457 270 344 932 1166 220 578 1120 1311 590 320 768 1005 436 426 793 1144 929 648 1192 915 343 1194 537 
1267 1409 614 1649 1130 1648 698 1141 1326 1026 1332 576 1256 1240 1341 504 1078 1196 1597 1516 1128 1387 1718 1159 1518 734 0 1985 1563 1109 976 919 1510 665 929 672 1600 1839 671 1014 963 553 1054 1078 887 1615 1395 1214 1658 1557 762 1665 1087 
1303 732 1986 1332 1469 721 1679 1164 935 1177 1330 1596 2131 1275 1339 1614 1417 1048 836 1308 1572 1726 1716 1571 714 1313 1980 0 1311 1448 1302 1109 1137 2066 1353 1693 1598 521 1691 1307 1899 2148 1191 1417 1967 361 792 1019 977 1064 1448 383 1238 
708 673 1659 117 1096 638 1317 645 795 730 377 1234 1809 680 466 1252 1036 631 745 47 1199 1345 857 1190 723 951 1635 1229 0 1075 948 695 270 1694 957 1331 793 1269 1329 948 1533 1734 760 1044 1602 1046 671 925 360 255 1046 1096 791 
556 1003 1182 1146 56 1239 801 595 743 552 825 719 1335 529 838 737 229 648 1188 1013 148 536 977 156 1112 432 1137 1570 1060 0 355 446 979 1217 265 817 1183 1346 814 226 1018 1251 482 76 1010 1209 986 693 1249 957 567 1259 613 
572 989 920 1134 481 1239 582 578 727 536 809 500 1143 545 822 518 412 632 1188 1001 448 719 1214 495 1098 213 922 1558 1048 486 0 384 961 1166 249 598 1183 1337 595 349 788 1027 465 455 813 1197 986 677 1249 945 348 1247 597 
666 649 1039 895 555 921 680 525 428 360 696 624 1198 639 709 616 486 295 840 795 661 793 1110 650 758 304 1053 1283 789 560 359 0 619 1166 386 696 1063 1032 719 471 886 1117 434 529 912 922 640 378 924 603 357 972 390 
671 524 1526 407 971 654 1184 585 646 663 656 1113 1675 643 733 1119 891 491 596 326 1070 1202 1124 1050 574 812 1514 1071 301 973 764 555 0 1561 791 1198 1099 1133 1208 866 1400 1601 700 942 1469 922 522 773 424 217 897 972 724 
1394 1552 489 1792 1264 1791 823 1284 1464 1169 1475 838 1389 1367 1484 655 1212 1327 1740 1659 1268 1521 1863 1299 1661 909 679 2120 1706 1243 1103 1062 1653 0 1054 797 1743 1955 872 1141 1089 752 1197 1212 1001 1758 1538 1346 1802 1700 932 1825 1230 
530 737 907 907 473 988 568 389 478 287 560 515 1052 503 573 504 404 383 929 747 570 711 979 568 846 192 922 1356 794 478 277 181 707 1166 0 584 922 1099 610 389 774 1007 298 447 799 995 726 428 1042 691 363 1045 348 
1099 1206 773 1458 951 1445 415 952 1096 847 1135 283 796 1072 1144 388 882 992 1394 1329 941 1202 1521 972 1315 582 833 1773 1376 961 769 715 1307 824 719 0 1403 1635 237 819 680 874 858 930 389 1412 1192 999 1455 1354 600 1462 910 
791 1188 1716 806 1189 1365 1374 794 1234 863 397 1291 1838 763 406 1309 1137 1008 1376 736 1292 1446 668 1291 1297 1008 1692 1755 752 1168 1022 1033 1041 1751 1073 1388 0 1617 1386 995 1590 1791 861 1137 1659 1394 1174 1290 1054 998 1185 1444 927 
1159 577 1867 1278 1308 893 1537 1035 774 1024 1186 1454 2009 1131 1195 1472 1256 879 837 1222 1411 1565 1572 1410 576 1171 1849 547 1195 1287 1141 944 1010 2066 1192 1551 1454 0 1549 1162 1753 1953 1046 1256 1828 328 637 691 922 922 1263 347 1085 
967 1161 763 1358 871 1400 405 854 996 752 1043 95 786 940 1052 378 802 895 1349 1225 804 1119 1437 851 1270 419 707 1728 1272 876 689 620 1161 814 639 230 1311 1572 0 739 670 864 763 845 379 1367 1147 873 1410 1209 447 1417 813 
352 898 1098 1033 302 1146 745 387 756 419 713 663 1263 325 726 681 286 597 1095 900 401 560 936 397 1010 376 1064 1476 947 296 163 459 966 1166 278 761 1084 1338 758 0 963 1183 274 265 975 1115 889 706 1156 957 511 1165 480 
1154 1286 740 1508 1014 1525 400 1009 1163 936 1191 710 481 1127 1200 470 962 1049 1474 1375 995 1271 1577 1026 1395 639 922 1858 1422 1001 826 772 1387 1166 776 593 1459 1715 668 876 0 1007 921 970 808 1492 1272 1069 1535 1434 657 1542 990 
1490 1638 869 1881 1360 1877 925 1370 1550 1255 1561 942 1480 1463 1570 811 1308 1424 1828 1745 1383 1617 1948 1414 1747 998 544 2195 1792 1339 1199 1148 1739 1166 1150 898 1838 2079 983 1237 1205 0 1283 1308 1088 1834 1624 1450 1884 1786 1036 1884 1316 
337 718 1115 855 541 988 760 145 604 239 533 707 1263 310 546 696 472 417 929 699 626 779 951 636 827 384 1119 1356 746 521 299 409 762 1166 414 776 890 1193 802 241 963 1251 0 490 985 995 709 656 1072 770 555 1045 300 
533 974 1133 1123 68 1224 778 572 720 529 802 696 1263 506 815 714 228 625 1173 990 224 535 977 215 1083 409 1105 1543 1037 83 332 423 954 1166 242 794 1183 1337 791 203 1014 1251 459 0 1001 1182 971 670 1234 945 544 1232 590 
1145 1257 825 1503 1009 1496 467 1009 1152 899 1186 478 458 1118 1195 440 935 1049 1445 1370 995 1244 1572 1026 1366 634 885 1838 1417 1001 821 767 1358 876 771 425 1454 1686 432 871 732 940 921 970 0 1463 1243 1069 1506 1405 652 1513 961 
940 375 1693 1063 1130 687 1351 824 572 836 1017 1268 1838 912 1026 1286 1078 677 635 985 1233 1387 1396 1232 374 985 1669 361 1002 1109 977 741 798 1728 996 1365 1285 412 1363 957 1567 1768 834 1078 1636 0 435 651 711 706 1084 76 897 
892 393 1617 676 1096 293 1275 778 486 790 928 1204 1766 864 934 1210 1036 631 200 695 1199 1345 1330 1190 398 921 1605 854 649 1075 948 695 560 1652 957 1289 1183 1025 1299 935 1491 1692 788 1044 1560 759 0 613 276 468 1046 809 851 
877 475 1307 1049 766 714 937 736 271 558 928 862 1434 850 926 869 697 493 621 1017 876 1015 1322 861 573 566 1269 1000 990 771 570 453 784 1342 597 954 1183 707 967 682 1159 1382 645 740 1216 643 421 0 697 692 585 693 588 
1639 1132 2345 1523 1785 1128 2025 1500 1209 1500 1666 1942 2465 1611 1675 1958 1733 1364 938 1531 1899 2054 2056 1902 1224 1649 2281 1673 1504 1764 1618 1425 1323 2415 1669 2031 1940 1645 2037 1643 2223 2439 1527 1733 2228 1422 1094 1345 0 1231 1764 1472 1561 
775 418 1577 394 1022 548 1235 689 540 767 643 1162 1726 747 732 1170 962 553 490 313 1125 1271 1124 1113 468 874 1563 965 288 1001 826 617 204 1612 853 1249 1099 1075 1257 900 1451 1652 783 970 1520 813 416 667 344 0 966 863 828 
785 967 947 1195 694 1213 595 695 768 593 866 437 1143 758 879 520 625 618 1162 1062 627 941 1270 674 1076 262 849 1543 1109 699 512 420 947 1166 462 611 1183 1276 532 562 801 1051 604 668 826 1182 960 580 1223 945 0 1232 654 
965 382 1693 1065 1131 698 1351 831 579 843 1017 1268 1838 937 1026 1286 1079 684 642 993 1234 1388 1396 1233 381 985 1669 383 1008 1110 977 748 805 1728 996 1365 1285 470 1363 959 1567 1768 841 1079 1636 98 442 658 718 713 1093 0 906 
531 710 1182 898 649 962 821 390 468 61 578 768 1335 504 591 757 580 281 901 765 759 887 1023 744 819 445 1196 1356 785 654 453 307 680 1217 480 837 938 1186 863 416 1060 1261 299 623 1024 995 701 598 1001 664 616 1045 0 
