53
5
10800
0
545
410
592
493
453
520
473
393
474
569
471
503
497
481
547
398
564
375
459
408
418
411
566
367
451
595
366
447
510
569
505
398
423
400
453
479
437
519
563
434
575
391
546
473
567
551
397
545
524
559
379
412
0 1430 2458 2452 970 563 1138 576 2080 936 966 1420 457 1284 987 577 1245 986 1975 1474 1100 713 909 2261 1211 445 2017 1893 408 2301 828 1294 805 720 945 993 206 60 1102 1938 1002 1017 766 672 623 1062 367 809 505 731 1265 1030 948 
1231 0 1601 1606 823 900 511 945 1231 1031 749 78 975 420 610 1108 357 942 1061 156 1095 868 918 1403 382 990 1113 993 1088 1446 741 873 911 984 782 773 1203 1127 955 1081 671 540 1030 982 925 1351 1112 862 1008 758 431 781 697 
2116 1476 0 332 1683 1740 1371 1789 508 1815 1542 1466 1848 1110 1470 1956 1297 1797 1269 1446 1923 1701 1770 514 1322 1838 979 857 1936 266 1601 1542 1764 1837 1642 1633 2088 2012 1829 1317 1531 1400 1883 1838 1778 2173 1951 1722 1824 1618 1133 1641 1557 
2116 1515 331 0 1722 1779 1410 1845 542 1851 1581 1505 1875 1149 1509 1996 1336 1837 1300 1485 1951 1740 1809 558 1361 1878 1025 891 1976 480 1640 1581 1806 1884 1681 1672 2088 2012 1855 1342 1570 1439 1930 1875 1818 2201 1990 1761 1867 1657 1172 1680 1596 
731 858 1878 1875 0 728 420 457 1497 1094 724 848 712 724 219 620 728 249 1393 911 1172 956 164 1669 753 502 1414 1293 600 1712 273 337 344 412 385 83 703 627 157 1311 190 282 458 426 446 709 754 359 859 490 705 124 133 
703 888 1900 1919 707 0 602 527 1522 700 418 878 121 754 725 741 696 688 1393 936 802 369 660 1694 662 635 1439 1318 687 1737 566 1046 654 689 578 727 675 599 853 1337 734 713 735 639 546 1084 227 609 146 384 729 764 680 
884 520 1466 1471 423 566 0 610 1096 830 570 510 641 386 210 773 390 607 1027 564 946 721 547 1268 415 655 1069 945 753 1311 325 473 573 641 351 373 856 780 553 1036 271 140 687 645 587 1005 767 528 697 424 367 381 297 
448 1002 2028 1988 484 527 660 0 1610 1031 667 992 451 842 502 251 761 532 1484 1045 1114 817 498 1782 727 133 1527 1406 231 1834 343 805 399 321 455 504 420 344 641 1428 511 532 367 271 178 736 471 377 600 314 823 541 457 
1942 1333 334 372 1552 1609 1240 1658 0 1679 1411 1323 1704 967 1339 1824 1154 1666 1145 1299 1781 1570 1639 331 1179 1703 847 726 1808 441 1470 1403 1633 1701 1511 1502 1914 1838 1682 1180 1400 1269 1747 1705 1647 2034 1818 1591 1693 1487 1002 1496 1426 
805 983 1943 1948 1047 703 870 1050 1556 0 734 975 713 786 972 1213 705 1029 1430 1021 236 462 999 1728 671 1095 1473 1352 1168 1771 913 1234 1003 1071 920 1067 746 865 1192 1374 1033 899 1117 1065 1009 1418 698 963 583 880 767 1104 1020 
996 846 1841 1831 737 418 674 721 1455 708 0 836 530 661 755 884 558 718 1300 890 810 509 690 1627 514 766 1372 1251 864 1670 596 1060 684 752 608 757 968 891 883 1311 764 705 798 756 698 1120 625 639 502 571 642 794 710 
1216 78 1499 1504 813 890 501 945 1129 974 739 0 965 410 600 1108 347 933 1053 107 1070 858 909 1301 372 990 1101 980 1088 1344 731 863 897 966 772 763 1188 1112 955 1081 661 530 1012 970 912 1326 1112 852 993 748 421 771 687 
592 985 2049 2025 689 118 694 451 1627 721 529 975 0 846 707 665 807 737 1501 1028 823 386 709 1799 773 559 1544 1423 576 1843 548 1046 681 613 598 709 564 488 846 1445 716 737 659 563 470 1048 190 651 149 339 821 746 662 
1091 455 1182 1191 714 766 402 816 818 826 598 445 866 0 501 980 276 813 757 397 946 717 785 1016 301 861 803 682 960 1052 632 705 779 847 673 664 1063 987 844 756 562 431 893 851 793 1211 975 734 850 649 67 672 588 
779 657 1657 1662 225 709 219 505 1287 974 675 647 760 523 0 668 527 447 1155 701 1070 858 353 1459 552 550 1223 1102 648 1502 165 394 523 591 279 175 751 675 355 1159 73 81 637 575 494 914 802 458 840 502 504 183 99 
586 1186 2214 2208 610 741 842 253 1836 1191 849 1176 665 1025 684 0 948 393 1707 1230 1293 961 507 2014 910 152 1750 1629 177 2053 525 974 342 247 637 686 558 482 585 1651 693 714 280 249 286 487 609 455 747 528 1006 679 639 
996 353 1401 1406 734 668 462 718 1031 728 485 343 780 300 561 881 0 715 951 397 756 619 687 1203 44 763 988 864 861 1246 593 824 681 749 605 724 968 888 880 965 622 491 795 753 695 1120 875 636 752 568 311 732 648 
747 1020 2054 2025 220 684 609 473 1637 1031 680 1010 728 855 410 388 774 0 1511 1059 1133 915 134 1824 740 518 1554 1433 565 1860 404 553 214 282 514 303 719 643 195 1455 375 471 328 315 387 565 770 260 815 465 836 289 339 
1638 1054 1253 1258 1268 1313 950 1364 883 1383 1127 1044 1413 684 1055 1527 871 1372 0 1037 1485 1274 1345 1067 896 1409 868 747 1507 1104 1186 1167 1339 1407 1227 1218 1610 1534 1398 814 1116 985 1453 1411 1353 1761 1520 1297 1397 1196 704 1220 1142 
1288 156 1601 1606 873 979 561 994 1231 1031 799 107 1031 394 660 1177 407 1007 1080 0 1133 922 970 1403 432 1059 1123 1002 1157 1446 791 933 972 1040 832 823 1260 1184 1005 1081 721 590 1086 1029 972 1396 1180 925 1054 808 434 831 747 
977 1086 2102 2091 1162 805 977 1132 1692 236 836 1076 815 888 1076 1295 754 1132 1566 1130 0 564 1105 1869 773 1177 1609 1488 1265 1915 1021 1339 1099 1167 1023 1182 914 1037 1298 1510 1137 1006 1213 1171 1113 1521 800 1057 685 988 869 1219 1135 
846 931 1900 1895 1006 369 826 836 1509 453 507 925 385 742 927 1011 661 983 1393 977 555 0 957 1681 627 867 1426 1305 830 1724 861 1192 949 1007 873 1026 818 742 1150 1337 988 855 1053 959 855 1375 370 904 255 724 723 1063 979 
751 985 2028 1988 150 688 539 477 1610 1031 684 975 732 843 340 499 778 134 1484 1022 1133 915 0 1782 744 458 1527 1406 548 1834 280 482 208 276 394 225 723 647 207 1428 305 401 322 290 327 651 774 264 819 469 824 219 261 
1977 1386 513 558 1591 1648 1279 1697 295 1718 1450 1376 1743 1020 1378 1861 1207 1705 1191 1368 1846 1609 1678 0 1232 1742 907 780 1852 468 1509 1462 1672 1740 1550 1541 1949 1873 1721 1252 1439 1308 1786 1744 1686 2091 1869 1630 1732 1526 1041 1549 1465 
963 381 1407 1412 699 633 467 683 1037 693 450 371 745 328 566 846 44 680 967 425 793 584 652 1209 0 728 1025 892 826 1252 558 829 646 714 570 719 935 853 845 1000 627 496 760 718 660 1084 840 601 717 533 339 737 653 
464 1068 2102 2091 544 633 720 131 1701 1094 727 1058 557 905 562 154 821 538 1575 1112 1172 833 462 1875 787 0 1618 1497 99 1920 403 865 360 275 515 564 436 360 656 1519 571 592 321 227 178 639 487 364 625 420 883 601 517 
1822 1222 978 1019 1451 1488 1139 1537 641 1558 1290 1212 1596 846 1238 1700 1043 1545 1013 1196 1660 1449 1518 822 1068 1582 0 209 1680 862 1369 1324 1512 1580 1410 1401 1783 1707 1581 699 1299 1168 1626 1584 1526 1936 1695 1470 1572 1379 866 1391 1325 
1742 1156 912 957 1368 1419 1056 1468 577 1489 1221 1146 1519 782 1155 1631 971 1476 951 1113 1591 1380 1449 758 996 1513 200 0 1611 798 1286 1225 1443 1511 1327 1318 1714 1638 1498 746 1216 1085 1557 1515 1457 1866 1626 1401 1503 1302 802 1313 1242 
484 1156 2207 2201 631 682 807 230 1829 1165 814 1146 576 1003 649 177 911 568 1685 1200 1267 832 554 1986 874 99 1728 1607 0 2031 490 974 451 356 602 651 456 348 748 1629 658 679 389 319 270 662 486 456 624 512 980 688 604 
1942 1386 266 481 1555 1612 1243 1661 339 1682 1414 1376 1707 1020 1342 1824 1207 1669 1147 1319 1784 1573 1642 472 1232 1706 863 742 1808 0 1473 1450 1636 1704 1514 1505 1914 1838 1685 1196 1403 1272 1750 1708 1650 2045 1819 1594 1696 1490 1005 1512 1429 
614 783 1789 1794 231 611 335 340 1419 951 607 773 595 649 177 503 598 392 1296 827 1051 838 285 1591 564 385 1336 1215 483 1634 0 527 358 426 114 251 586 510 388 1310 242 207 472 417 329 768 637 313 742 373 630 288 204 
1051 913 1657 1662 336 1004 473 775 1287 1251 1006 906 1031 681 386 953 781 583 1169 959 1353 1142 479 1459 806 820 1223 1102 929 1502 521 0 659 727 635 312 1023 947 491 1159 414 407 773 741 764 1091 1097 681 1135 808 688 293 386 
637 913 1900 1895 334 574 612 363 1509 915 570 892 618 745 454 342 664 222 1393 959 1023 801 215 1681 630 360 1426 1305 450 1724 295 666 0 100 404 409 609 533 377 1337 463 484 138 133 230 641 660 150 705 355 726 403 409 
671 985 2011 1973 404 650 688 321 1597 1031 646 975 613 821 530 247 740 298 1471 1022 1095 877 286 1769 706 275 1514 1393 356 1834 371 736 101 0 480 479 643 567 453 1415 539 560 46 73 156 627 694 226 762 431 802 473 485 
728 797 1841 1831 343 592 355 454 1455 930 588 787 601 663 287 617 618 474 1304 841 1035 819 397 1627 584 499 1372 1251 597 1670 114 637 440 508 0 363 700 624 500 1311 352 284 554 512 443 850 718 395 723 320 638 400 316 
745 825 1841 1831 83 742 387 471 1455 1094 738 815 726 691 186 634 695 332 1339 869 1180 978 225 1627 720 516 1372 1251 614 1670 287 315 405 473 399 0 717 641 240 1311 157 249 519 487 460 792 768 390 873 504 672 82 100 
78 1508 2503 2497 1047 641 1216 654 2125 728 1069 1498 535 1362 1065 655 1319 1055 2047 1552 892 791 989 2306 1285 523 2127 2007 486 2346 913 1368 883 798 1025 1067 0 138 1183 2046 1074 1095 844 750 701 1162 445 887 583 809 1343 1104 1020 
174 1430 2458 2452 909 590 1095 516 2080 872 997 1420 484 1264 930 517 1191 909 1948 1474 1038 740 847 2261 1157 385 1999 1880 348 2298 768 1232 745 660 880 931 146 0 1046 1900 936 957 706 612 563 1005 394 749 532 758 1245 966 882 
882 1002 2085 2051 172 819 561 608 1666 1165 815 992 863 865 362 507 869 135 1540 1045 1267 1047 204 1842 875 645 1583 1462 684 1881 443 505 349 417 555 255 854 778 0 1484 327 423 463 450 514 552 905 395 952 600 846 241 291 
1591 1020 1273 1278 1228 1275 910 1317 903 1345 1095 1010 1380 645 1015 1480 832 1325 859 1000 1447 1236 1298 1086 857 1362 677 732 1460 1131 1146 1114 1292 1360 1188 1178 1563 1487 1358 0 1076 945 1406 1364 1306 1714 1482 1250 1359 1163 665 1181 1102 
775 731 1752 1757 202 772 293 501 1382 1094 766 721 756 597 94 664 601 418 1229 775 1151 935 330 1554 626 546 1299 1178 644 1597 256 419 510 578 370 152 747 671 326 1252 0 155 624 578 490 878 798 466 904 534 578 152 76 
815 576 1601 1606 287 653 138 541 1231 886 627 566 728 442 74 704 446 509 1075 620 1000 777 415 1403 471 586 1123 1002 684 1446 201 406 559 627 285 237 787 711 417 1081 135 0 673 611 530 983 838 494 784 498 423 245 161 
717 1020 2085 2051 448 688 726 367 1666 1031 684 1010 659 859 568 281 778 329 1540 1066 1133 915 329 1842 744 321 1583 1462 390 1881 409 780 138 46 518 523 689 613 491 1484 577 598 0 119 202 606 740 264 808 469 840 517 523 
617 991 2011 1973 416 639 696 271 1597 1031 654 981 563 829 538 251 748 323 1471 1035 1100 885 298 1769 714 227 1514 1393 317 1834 379 748 133 73 488 491 589 513 478 1415 547 568 119 0 106 631 640 234 712 402 810 485 493 
528 983 2011 1973 448 546 679 178 1597 1031 642 975 470 817 521 286 736 388 1471 1022 1095 856 330 1769 702 180 1514 1393 270 1834 362 780 231 164 474 489 500 424 524 1415 530 551 210 114 0 666 551 222 619 333 798 517 476 
1077 1381 2390 2384 759 1065 1089 736 2012 1434 1067 1371 1054 1214 930 483 1141 564 1897 1425 1536 1325 693 2193 1107 635 1945 1820 660 2233 768 1099 577 627 877 842 1049 973 752 1865 919 957 612 629 666 0 1097 623 1196 828 1195 828 878 
502 1093 2175 2169 795 222 806 557 1787 707 625 1083 171 966 813 655 911 843 1661 1137 809 372 815 1967 869 523 1704 1583 486 2004 654 1116 787 719 704 815 474 398 955 1605 822 843 765 669 576 1162 0 757 164 445 937 852 768 
662 752 1752 1757 428 424 466 380 1382 760 420 742 486 595 439 551 514 409 1229 796 862 651 381 1554 480 433 1299 1178 531 1597 287 749 375 443 254 448 634 558 574 1226 455 429 489 445 377 785 603 0 555 205 576 485 401 
640 1020 2085 2051 837 146 732 599 1666 592 500 1010 148 865 855 793 778 818 1540 1066 694 257 790 1842 744 661 1583 1462 624 1881 696 1160 784 761 708 857 612 536 999 1484 864 843 807 711 618 1212 164 739 0 487 846 894 810 
637 756 1763 1768 477 384 470 313 1393 835 495 746 342 622 495 526 589 479 1269 800 946 726 451 1565 555 408 1310 1189 506 1608 336 798 444 455 324 497 609 533 634 1252 504 499 501 420 332 855 459 400 491 0 597 534 450 
1077 466 1144 1189 695 747 383 797 801 807 579 456 837 67 482 961 287 794 740 434 910 698 766 985 312 842 786 665 952 1052 613 696 760 828 654 645 1049 973 825 739 543 412 874 832 774 1191 969 715 831 620 0 653 569 
768 813 1789 1794 109 765 375 494 1419 1103 761 803 749 679 176 657 683 290 1296 857 1203 1012 216 1591 708 539 1336 1215 637 1634 310 294 396 464 422 93 740 664 198 1309 141 237 510 478 483 750 791 418 896 527 660 0 105 
719 725 1752 1757 149 716 287 445 1382 1094 712 715 700 591 86 608 595 378 1229 769 1151 928 274 1554 620 490 1299 1178 588 1597 234 385 454 522 348 99 691 615 286 1226 57 149 568 522 434 838 742 410 847 478 572 118 0 
0 1359 2392 2352 744 714 971 451 1890 1170 866 1378 560 1139 845 658 1165 806 1860 1422 1347 1071 818 2160 1073 494 1879 1774 571 2240 573 1191 815 759 685 782 233 76 935 1757 810 830 816 689 596 1287 506 749 741 679 1100 889 721 
1421 0 1698 1665 1026 1140 597 1131 1261 1150 810 92 1260 494 697 1382 462 1133 1216 193 1293 1099 1104 1512 573 1169 1308 1166 1323 1606 855 1065 1123 1231 968 927 1426 1287 1099 1097 762 624 1221 1188 1113 1655 1383 1083 1244 943 515 985 865 
2311 1712 0 393 1999 2000 1550 2042 637 2043 1759 1731 2164 1306 1686 2273 1521 2021 1481 1728 2192 1881 1979 722 1528 2081 1179 1037 2214 300 1845 1682 1994 2098 1922 1915 2306 2181 2155 1464 1762 1610 2110 2119 1997 2516 2286 1953 2113 1900 1267 1979 1803 
2287 1698 406 0 1983 2000 1536 2018 630 2043 1745 1717 2164 1292 1672 2249 1507 2011 1481 1714 2170 1871 1969 754 1514 2057 1179 1037 2190 614 1828 1668 1984 2088 1922 1899 2282 2157 2139 1450 1748 1596 2100 2091 1973 2506 2286 1933 2100 1870 1253 1962 1789 
918 1054 2063 2007 0 1022 498 627 1585 1320 846 1069 999 841 271 758 924 262 1586 1113 1465 1240 212 1837 950 684 1617 1475 831 1970 384 439 455 550 496 97 890 789 187 1458 224 353 590 571 595 858 1038 520 1191 712 819 156 135 
956 1085 2187 2066 875 0 701 750 1615 898 517 1111 170 878 910 1054 876 880 1616 1170 1063 498 892 1876 826 886 1647 1505 952 1986 704 1282 889 963 756 916 949 819 1057 1488 953 842 1006 884 775 1391 325 823 258 517 856 1044 852 
1003 622 1644 1611 537 672 0 703 1207 925 595 628 802 411 223 931 477 705 1135 677 1088 814 656 1458 546 760 1212 1070 917 1552 370 584 714 794 429 429 1003 865 631 1013 288 150 812 736 683 1201 990 648 890 504 389 507 391 
571 1206 2260 2220 592 714 808 0 1758 1170 714 1225 604 1000 693 356 994 654 1759 1284 1315 1109 666 2031 898 192 1790 1648 339 2122 421 1029 499 413 533 630 543 442 779 1631 658 678 491 343 220 982 666 536 863 463 961 737 569 
2156 1519 509 439 1822 1777 1357 1826 0 1839 1566 1538 1965 1113 1493 2069 1328 1825 1299 1535 1992 1748 1789 466 1335 1877 1046 892 2010 585 1665 1505 1811 1918 1708 1761 2151 2026 1915 1273 1569 1417 1912 1888 1806 2346 2106 1772 1928 1688 1074 1804 1610 
971 1239 2204 2178 1267 908 1072 1258 1713 0 917 1258 1028 977 1207 1509 994 1252 1714 1317 265 594 1223 1993 881 1296 1745 1603 1450 2079 1099 1521 1242 1350 1129 1335 882 1056 1462 1586 1281 1131 1340 1311 1236 1774 945 1206 799 1163 938 1409 1201 
1135 993 1929 1907 833 564 712 836 1464 873 0 1019 732 729 915 1107 676 838 1486 1056 1046 756 850 1715 618 893 1496 1354 1050 1816 662 1262 847 939 714 871 1140 1001 1020 1335 899 851 946 869 816 1366 869 781 722 680 707 985 810 
1473 124 1786 1753 1061 1169 644 1183 1349 1228 857 0 1311 541 744 1434 499 1182 1272 162 1373 1126 1153 1600 610 1221 1381 1239 1375 1694 940 1115 1172 1280 1030 981 1478 1339 1152 1159 809 671 1270 1241 1166 1704 1434 1136 1298 1004 562 1033 910 
803 1241 2333 2293 877 182 852 620 1831 1002 699 1260 0 1067 964 889 1055 955 1827 1317 1179 598 935 2087 1024 756 1832 1702 853 2165 706 1315 909 836 794 923 775 674 1069 1685 953 973 917 754 645 1435 265 882 259 459 1028 1044 854 
1288 549 1474 1441 898 943 484 1019 1037 980 647 555 1115 0 584 1278 362 1005 874 507 1154 866 979 1288 431 1065 1046 884 1219 1382 742 792 1022 1109 839 790 1293 1154 1020 785 649 511 1120 1066 997 1528 1230 969 1088 809 72 868 752 
891 792 1786 1753 324 873 241 600 1349 1129 765 798 978 581 0 821 647 512 1320 847 1272 1033 462 1600 716 657 1381 1239 804 1694 205 469 654 734 319 235 863 762 437 1198 94 93 752 676 580 1147 1010 588 1100 685 559 313 170 
738 1432 2492 2452 818 1022 1040 322 1990 1410 963 1451 865 1238 918 0 1275 599 1972 1495 1555 1330 689 2255 1183 179 2003 1867 234 2340 647 1249 437 340 759 856 710 609 815 1883 884 915 382 322 368 635 833 644 1062 724 1199 964 795 
1345 492 1644 1611 978 882 561 1055 1207 1002 659 506 1063 390 661 1306 0 1054 1099 547 1011 893 1013 1458 111 1093 1179 1037 1247 1552 819 1010 1053 1149 916 867 1350 1211 1069 1010 726 588 1151 1119 1033 1576 1178 1015 1020 875 418 944 829 
943 1304 2368 2328 237 959 735 647 1866 1265 799 1323 1012 1098 508 497 1093 0 1836 1367 1410 1185 180 2160 1001 676 1836 1733 731 2216 541 672 295 390 653 330 940 809 217 1716 461 590 374 418 492 701 1062 384 1128 686 1059 377 372 
1878 1262 1551 1518 1582 1534 1121 1581 1114 1585 1323 1281 1706 852 1257 1849 1081 1575 0 1245 1730 1505 1546 1365 1088 1619 1144 979 1773 1459 1422 1267 1565 1673 1465 1525 1898 1737 1687 968 1333 1181 1663 1634 1559 2117 1821 1529 1652 1452 830 1568 1374 
1519 231 1786 1753 1114 1213 689 1229 1349 1256 917 134 1370 518 789 1480 544 1223 1296 0 1401 1163 1194 1600 655 1267 1381 1239 1421 1694 1012 1150 1213 1321 1060 1034 1524 1385 1196 1159 854 716 1311 1282 1207 1745 1493 1177 1336 1033 580 1070 925 
1194 1363 2392 2352 1406 1048 1211 1397 1890 314 1113 1382 1186 1125 1347 1648 1055 1391 1851 1426 0 746 1362 2160 1052 1435 1861 1760 1589 2240 1238 1661 1381 1489 1281 1474 1118 1279 1601 1743 1420 1271 1479 1450 1375 1928 1093 1345 951 1275 1086 1548 1340 
1149 1239 2187 2178 1267 503 1066 1258 1698 559 766 1258 614 968 1207 1467 953 1252 1699 1297 737 0 1223 1993 870 1296 1730 1588 1252 2079 1099 1521 1242 1350 1112 1335 1073 1127 1462 1571 1281 1131 1340 1311 1236 1774 579 1206 390 1033 923 1409 1201 
895 1239 2299 2259 177 883 675 586 1786 1228 756 1258 978 1041 448 667 1058 171 1787 1317 1373 1155 0 2052 964 619 1832 1676 766 2159 420 612 262 357 532 270 867 766 253 1659 401 530 378 378 402 806 1018 341 1100 643 1002 317 312 
2287 1698 806 804 1983 2000 1536 2018 427 2043 1745 1717 2164 1292 1672 2249 1507 2011 1481 1714 2170 1871 1969 0 1514 2057 1179 1037 2190 745 1828 1668 1984 2088 1922 1899 2282 2157 2139 1450 1748 1596 2100 2091 1973 2506 2286 1933 2100 1870 1253 1962 1789 
1266 550 1666 1633 951 824 616 957 1229 936 601 564 1023 445 716 1208 58 974 1155 605 1011 823 953 1480 0 995 1251 1109 1149 1574 777 1091 957 1042 829 946 1271 1132 1116 1049 781 643 1065 1001 957 1502 1112 896 974 795 473 991 884 
561 1271 2299 2259 641 832 857 157 1786 1228 763 1290 710 1041 742 187 1061 703 1787 1333 1373 1155 703 2052 969 0 1832 1676 147 2159 470 1080 470 373 582 679 533 432 828 1659 707 727 426 303 279 820 656 557 891 576 1002 786 618 
1967 1349 1235 1183 1670 1629 1209 1676 769 1680 1418 1368 1801 968 1345 1937 1158 1670 1141 1374 1846 1600 1641 1044 1165 1714 0 336 1877 1112 1517 1348 1660 1768 1560 1613 1962 1839 1775 790 1421 1269 1758 1729 1654 2196 1924 1624 1747 1540 923 1656 1462 
1860 1239 1107 1080 1563 1517 1091 1564 650 1568 1306 1258 1689 826 1238 1833 1043 1558 1035 1186 1713 1488 1529 927 1051 1602 310 0 1756 1008 1405 1225 1548 1656 1448 1506 1871 1720 1668 962 1314 1162 1646 1617 1542 2088 1805 1512 1635 1422 804 1549 1355 
637 1359 2392 2352 738 878 971 270 1890 1320 860 1378 724 1139 839 203 1165 800 1860 1422 1465 1195 807 2160 1073 113 1879 1774 0 2240 567 1191 555 458 679 776 609 464 935 1757 804 824 509 415 391 836 670 669 905 673 1100 883 715 
2278 1678 379 574 1966 1961 1516 2009 504 2043 1725 1697 2141 1272 1652 2240 1487 1989 1432 1694 2170 1852 1945 703 1494 2048 1144 1002 2181 0 1815 1648 1960 2064 1866 1882 2273 2148 2112 1401 1728 1576 2076 2066 1964 2484 2247 1906 2069 1842 1233 1932 1769 
686 945 1941 1907 272 741 389 395 1489 1060 614 980 748 747 277 616 813 440 1486 1005 1237 1022 451 1740 798 452 1521 1379 599 1862 0 669 449 529 114 310 658 557 459 1358 338 259 547 471 375 914 781 383 949 480 725 417 249 
1317 1104 1809 1768 428 1250 561 1027 1364 1410 1128 1111 1370 864 444 1181 1018 690 1360 1170 1555 1330 600 1615 967 1065 1396 1254 1219 1709 627 0 843 955 741 398 1322 1183 615 1245 464 499 989 968 980 1301 1407 936 1419 1033 842 414 520 
794 1157 2187 2137 423 782 758 463 1657 1129 655 1173 844 936 669 528 897 277 1658 1219 1283 1065 267 1960 839 461 1689 1547 608 2043 397 858 0 139 509 516 766 665 458 1530 634 654 207 167 279 786 889 240 991 542 897 563 545 
770 1239 2299 2259 510 869 845 369 1786 1228 742 1258 795 1041 756 390 1022 364 1787 1317 1373 1142 354 2052 931 364 1832 1676 511 2159 484 999 102 0 596 603 742 641 545 1659 721 741 80 103 215 819 865 327 1027 629 1002 650 632 
825 993 1997 1960 460 697 478 534 1519 1060 570 1019 732 784 373 755 812 536 1520 1056 1225 969 548 1770 754 591 1551 1409 738 1898 188 763 545 625 0 498 797 696 647 1392 456 353 643 567 514 1037 883 479 910 430 762 605 437 
908 1026 2058 1989 122 1016 487 616 1572 1320 835 1054 999 830 260 837 896 384 1573 1103 1465 1240 294 1827 950 673 1604 1462 820 1949 373 420 537 632 485 0 879 778 309 1445 213 342 672 653 596 985 1030 602 1191 701 808 121 124 
87 1453 2492 2452 831 801 1058 538 1990 936 1034 1472 647 1241 928 745 1275 893 1972 1516 1113 1146 913 2255 1183 581 2003 1867 658 2340 660 1262 906 846 772 869 0 163 1020 1883 897 922 905 776 683 1386 593 836 828 766 1202 984 808 
196 1413 2438 2398 787 757 1022 494 1936 1095 917 1432 603 1183 888 678 1199 849 1910 1476 1272 1101 861 2201 1107 537 1929 1814 514 2286 616 1212 858 802 728 825 157 0 978 1823 853 873 859 732 639 1346 549 792 784 722 1144 950 764 
1113 1239 2299 2259 186 1140 684 813 1786 1438 1034 1258 1176 1041 457 679 1110 201 1787 1317 1583 1358 239 2052 1117 857 1832 1676 930 2159 570 621 477 572 682 279 1118 979 0 1659 410 539 566 600 640 671 1206 566 1309 868 1002 326 321 
1720 1068 1474 1441 1380 1373 950 1430 1037 1424 1166 1091 1545 682 1055 1681 892 1424 942 1041 1569 1344 1395 1288 950 1468 784 900 1622 1382 1271 1114 1414 1522 1314 1323 1725 1586 1485 0 1131 979 1512 1483 1408 1944 1660 1378 1491 1301 660 1366 1172 
956 892 1862 1831 288 1022 341 651 1422 1228 865 898 1037 681 105 872 747 457 1432 942 1373 1142 407 1673 816 708 1454 1312 855 1767 301 446 669 764 415 180 949 813 382 1332 0 193 785 727 631 1060 1062 639 1191 736 659 258 142 
918 699 1698 1665 391 780 154 626 1261 1002 672 705 916 488 77 847 554 560 1216 754 1179 891 510 1512 623 683 1308 1166 830 1606 231 449 680 760 345 283 889 788 485 1097 142 0 778 702 606 1147 1038 614 991 612 466 361 245 
836 1304 2333 2293 562 959 897 447 1831 1256 794 1323 861 1074 808 399 1093 386 1836 1367 1401 1185 389 2087 1001 442 1832 1709 589 2192 536 1029 154 78 648 655 808 707 580 1692 773 793 0 169 281 757 933 379 1097 681 1035 702 684 
680 1243 2299 2259 557 815 853 299 1786 1228 750 1262 705 1041 764 374 1023 437 1787 1321 1373 1155 427 2052 931 294 1832 1676 441 2159 492 999 185 97 604 650 652 551 618 1659 729 749 177 0 125 840 775 335 971 564 1002 697 640 
601 1239 2260 2220 588 726 820 198 1758 1228 726 1258 616 1013 705 373 1009 517 1759 1302 1373 1126 472 2031 915 257 1790 1648 404 2122 433 1029 289 216 545 642 573 472 687 1631 670 690 296 134 0 848 696 326 875 475 974 728 581 
1345 1688 2760 2718 854 1382 1305 1055 2245 1666 1246 1707 1414 1494 1107 702 1541 621 2209 1751 1846 1586 800 2510 1457 881 2247 2142 953 2595 953 1281 684 779 1095 981 1350 1211 837 2130 1085 1191 835 807 881 0 1435 773 1551 1088 1455 1005 1036 
712 1390 2445 2405 1016 330 1008 696 1943 949 843 1409 226 1196 1038 912 1204 1054 1922 1453 1120 605 1029 2208 1169 739 1943 1829 762 2293 818 1442 1019 963 931 1077 684 583 1211 1830 1028 1095 1013 878 769 1525 0 1015 246 583 1157 1151 948 
746 908 1862 1831 480 542 518 455 1422 874 415 941 604 679 574 676 657 485 1432 965 1046 757 497 1673 599 512 1454 1312 659 1767 309 933 494 574 325 518 718 617 667 1332 546 554 592 516 435 967 755 0 760 302 657 625 457 
908 1304 2368 2328 1094 225 899 854 1866 760 656 1323 234 1098 1118 1139 1020 1085 1836 1367 942 360 1054 2160 970 926 1836 1733 932 2216 923 1452 1073 1059 947 1162 845 778 1289 1716 1108 1062 1109 975 879 1607 220 1046 0 693 1059 1236 1028 
809 945 1969 1931 651 546 587 439 1510 1060 584 995 449 764 745 708 826 656 1511 1023 1225 986 668 1761 768 575 1542 1400 722 1894 480 1080 665 655 496 689 781 680 838 1383 717 725 735 573 464 1147 600 599 708 0 742 796 628 
1281 581 1443 1410 876 923 462 978 1006 951 625 587 1095 76 562 1229 394 1005 852 573 1120 844 958 1257 463 1016 1023 862 1170 1351 720 770 973 1080 817 768 1286 1147 977 763 627 489 1087 1031 971 1505 1210 936 1060 787 0 846 730 
1003 1090 2187 2111 134 1096 545 699 1626 1373 939 1111 1054 885 310 807 1018 311 1627 1170 1518 1293 261 1901 967 756 1658 1516 917 2002 456 382 512 607 568 102 1003 861 236 1499 256 397 639 628 652 909 1105 577 1265 784 863 0 199 
875 913 1895 1857 268 959 363 584 1445 1228 803 941 966 706 136 805 772 450 1451 968 1373 1155 400 1696 841 641 1477 1335 788 1790 309 473 638 718 423 165 847 746 375 1332 89 218 736 660 564 1060 991 572 1128 669 684 253 0 
0 1255 2338 2288 765 732 944 452 1882 1171 831 1235 573 1087 781 646 1006 765 1783 1309 1337 949 727 2128 958 472 1908 1784 503 2225 575 1046 726 729 741 739 243 88 933 1707 767 840 801 646 550 1249 512 699 707 631 1045 815 684 
1318 0 1653 1626 917 1059 548 1037 1189 1164 785 94 1140 483 652 1249 382 1025 1173 222 1245 928 985 1414 462 1088 1220 1106 1239 1510 867 966 1017 1094 899 855 1287 1210 1022 1107 718 580 1137 1065 997 1508 1302 1007 1155 844 481 864 760 
2309 1665 0 406 1920 2046 1548 2009 650 2066 1745 1645 2149 1305 1650 2291 1517 2016 1494 1719 2201 1888 1981 660 1538 2089 1220 1106 2241 328 1860 1719 2021 2077 1900 1860 2276 2180 2069 1521 1730 1577 2115 2041 1996 2493 2259 1961 2067 1870 1313 1911 1775 
2309 1665 400 0 1920 2046 1548 2009 647 2066 1745 1645 2149 1305 1650 2291 1517 2016 1494 1719 2201 1888 1981 682 1538 2089 1220 1106 2241 647 1860 1719 2021 2077 1900 1860 2276 2180 2069 1521 1730 1577 2115 2041 1996 2493 2259 1961 2067 1870 1313 1911 1775 
856 1018 2125 2084 0 957 531 569 1654 1256 771 998 913 885 304 728 865 256 1561 1071 1371 1051 225 1875 910 605 1676 1562 724 2010 365 337 420 489 531 108 821 723 160 1485 276 393 561 501 525 852 980 459 1073 656 834 148 190 
969 1012 2125 2084 887 0 678 722 1649 841 538 992 190 875 879 1012 837 809 1556 1063 1000 417 771 1869 793 846 1671 1557 985 2010 697 1154 790 861 689 861 938 805 989 1480 889 811 923 838 742 1295 310 743 179 480 824 929 806 
969 578 1585 1558 496 761 0 690 1121 899 602 536 818 428 215 900 408 672 1112 610 1051 743 634 1346 458 726 1133 1019 845 1442 426 504 653 724 450 418 938 844 580 1062 281 143 791 736 646 1142 1048 606 855 494 377 427 323 
519 1134 2215 2165 648 739 823 0 1751 1204 714 1114 602 971 664 317 897 648 1658 1188 1319 1012 566 2022 853 143 1773 1659 262 2092 458 974 438 375 624 622 484 386 785 1582 650 723 447 289 181 933 650 469 792 445 923 698 567 
2088 1436 460 416 1685 1752 1319 1790 0 1816 1516 1416 1935 1076 1421 2047 1288 1777 1280 1490 1981 1646 1745 367 1309 1842 990 868 1994 487 1629 1490 1763 1837 1646 1620 2055 1959 1862 1305 1501 1348 1876 1830 1753 2251 2029 1728 1863 1629 1084 1675 1546 
1041 1078 2138 2124 1213 877 977 1165 1683 0 874 1058 948 905 1079 1373 836 1159 1590 1132 261 555 1127 1951 792 1212 1705 1591 1363 2051 1072 1397 1145 1222 1013 1207 969 1091 1374 1514 1159 1006 1253 1208 1133 1642 885 1110 746 1042 859 1275 1168 
1011 813 1822 1798 794 603 635 734 1361 804 0 771 765 623 778 942 549 716 1294 845 991 648 678 1586 505 770 1383 1269 889 1682 604 1063 697 768 596 768 980 888 887 1222 796 706 835 780 690 1212 882 650 659 580 572 844 713 
1318 113 1653 1626 909 1059 537 1031 1189 1164 774 0 1140 472 641 1249 371 1025 1154 166 1245 915 970 1414 451 1088 1179 1065 1239 1510 856 933 1009 1086 888 844 1287 1210 1009 1066 707 569 1126 1053 985 1508 1302 958 1151 833 470 853 749 
800 1134 2253 2203 877 159 798 578 1794 864 681 1114 0 989 893 873 973 877 1701 1188 1023 440 839 2041 926 702 1820 1702 781 2141 687 1144 836 777 709 851 765 667 1048 1625 879 943 849 694 598 1372 321 811 190 431 947 929 796 
1237 530 1347 1320 830 929 445 942 874 968 637 488 1076 0 549 1127 312 913 855 543 1079 778 872 1124 362 966 887 773 1117 1209 764 751 891 971 790 752 1206 1129 933 759 615 477 1014 991 884 1406 1178 844 981 741 68 761 657 
917 734 1822 1798 295 957 230 628 1361 1101 758 692 964 584 0 838 564 475 1280 766 1245 899 447 1586 614 664 1383 1269 783 1682 231 456 640 711 370 217 880 782 379 1185 80 92 778 680 584 1098 1035 593 1073 685 533 226 122 
713 1354 2435 2385 794 1029 1055 308 1979 1432 940 1334 862 1188 886 0 1104 571 1903 1408 1547 1236 696 2220 1056 186 2034 1869 260 2322 680 1135 521 422 846 844 678 580 767 1807 872 948 490 372 348 627 844 603 1066 705 1146 875 789 
1128 401 1554 1527 908 842 522 855 1090 861 564 354 993 388 626 1039 0 837 1063 428 805 705 799 1315 95 891 1112 960 1047 1411 725 933 818 889 717 829 1097 1020 1003 991 692 554 955 907 811 1346 1103 771 907 701 399 838 734 
917 1197 2285 2235 232 957 739 628 1829 1256 777 1177 964 1030 512 477 973 0 1726 1251 1371 1064 186 2074 926 648 1857 1727 724 2155 570 565 317 397 704 319 880 782 205 1650 484 601 439 416 521 678 1035 373 1073 691 987 313 420 
1800 1192 1463 1436 1422 1485 1056 1523 999 1575 1249 1172 1639 862 1158 1731 1025 1510 0 1246 1690 1379 1478 1224 1046 1570 1012 894 1721 1320 1366 1267 1496 1573 1383 1357 1769 1692 1583 956 1238 1085 1604 1559 1486 1992 1784 1461 1594 1365 811 1412 1283 
1392 249 1704 1677 1001 1136 631 1115 1240 1204 868 150 1226 550 735 1323 465 1106 1242 0 1251 1012 1074 1465 545 1162 1285 1171 1313 1561 958 1034 1092 1169 956 937 1361 1284 1114 1168 801 663 1200 1151 1078 1589 1388 1053 1239 948 564 944 843 
1133 1195 2295 2245 1335 965 1110 1306 1839 244 1049 1175 1081 1051 1212 1514 814 1293 1747 1249 0 702 1261 2078 845 1353 1880 1748 1504 2193 1194 1530 1279 1356 1216 1329 1061 1203 1496 1671 1292 1139 1387 1342 1269 1776 1029 1244 883 1164 997 1397 1290 
1121 1012 2125 2007 1132 411 886 1090 1598 555 615 992 576 835 1016 1298 761 1078 1505 1063 696 0 1051 1824 717 1137 1620 1506 1216 1925 992 1263 1069 1146 954 1126 1049 1021 1293 1429 1095 943 1177 1125 1052 1561 506 1034 346 872 784 1194 1087 
884 1140 2253 2203 156 923 664 597 1794 1256 746 1120 942 989 437 650 933 183 1701 1194 1368 1036 0 2041 885 600 1820 1702 719 2141 451 489 251 331 619 244 849 751 238 1625 409 526 389 344 422 842 1009 342 1042 660 947 238 345 
2227 1580 655 645 1848 1915 1463 1912 369 1983 1660 1560 2065 1220 1565 2209 1432 1907 1410 1634 2111 1790 1899 0 1453 2007 1133 1006 2159 656 1773 1634 1919 1987 1790 1764 2194 2098 2011 1436 1645 1492 2006 1960 1900 2384 2177 1867 2010 1773 1228 1822 1690 
1093 445 1591 1564 875 802 546 815 1127 821 524 398 948 432 650 1012 44 797 1112 472 847 665 759 1352 0 851 1133 1019 996 1448 685 966 778 849 677 849 1062 985 978 1062 716 578 917 861 771 1288 1075 731 865 661 443 862 758 
543 1197 2285 2235 700 848 875 138 1829 1256 766 1177 711 1030 716 199 973 682 1726 1251 1371 1051 592 2074 910 0 1857 1727 129 2155 510 974 455 392 676 674 508 410 811 1650 702 775 464 306 244 814 674 499 871 554 977 750 619 
1981 1328 1234 1185 1585 1652 1219 1690 745 1742 1416 1308 1818 968 1321 1938 1180 1677 1163 1382 1904 1546 1645 1035 1201 1737 0 302 1907 1058 1529 1403 1663 1740 1546 1520 1948 1852 1746 793 1401 1248 1771 1726 1653 2128 1949 1628 1761 1529 984 1575 1446 
1800 1192 1072 1006 1422 1485 1056 1523 585 1575 1249 1172 1639 860 1158 1731 1025 1510 1011 1246 1690 1379 1478 853 1046 1570 247 0 1721 934 1366 1267 1496 1573 1383 1357 1769 1692 1583 879 1238 1085 1604 1559 1486 1992 1784 1461 1594 1365 809 1412 1283 
605 1302 2383 2333 817 892 995 274 1927 1381 883 1282 733 1131 833 230 1034 767 1836 1356 1496 1173 728 2168 986 136 1957 1818 0 2270 627 1083 591 528 793 791 570 431 978 1751 819 892 600 442 380 823 684 635 881 683 1089 867 736 
2167 1512 365 585 1761 1829 1395 1866 464 1926 1592 1492 1993 1152 1497 2135 1364 1857 1343 1566 2050 1722 1831 679 1385 1933 1069 945 2085 0 1705 1566 1877 1940 1722 1696 2134 2038 1937 1369 1577 1424 1948 1899 1831 2331 2101 1804 1934 1705 1160 1751 1622 
684 933 2023 1990 332 774 400 397 1542 1101 599 891 738 783 261 607 763 428 1449 966 1210 881 365 1767 738 433 1564 1450 552 1869 0 598 409 480 168 306 649 551 492 1373 324 296 547 449 353 900 815 362 868 484 732 382 251 
1237 1064 1727 1700 386 1242 589 961 1263 1451 1125 1044 1275 810 451 1150 924 642 1242 1118 1566 1255 603 1488 950 989 1285 1171 1140 1584 682 0 804 873 821 364 1206 1129 546 1168 466 500 945 885 912 1239 1349 843 1427 1046 759 352 489 
794 1078 2138 2124 404 831 765 435 1683 1164 656 1058 830 912 655 439 839 284 1590 1132 1257 946 258 1951 795 415 1705 1591 534 2051 449 737 0 112 583 492 759 661 467 1514 641 714 184 133 243 829 920 252 924 570 862 486 558 
755 1169 2239 2189 479 910 842 351 1761 1256 733 1149 765 989 732 347 917 365 1668 1223 1357 1019 339 2022 872 331 1783 1669 450 2112 526 812 101 0 660 567 720 622 548 1592 718 791 72 74 197 757 886 329 966 578 947 561 635 
842 995 2125 2058 490 861 474 555 1626 1164 686 975 829 851 376 765 831 586 1533 1041 1281 978 523 1853 825 591 1648 1534 710 1975 158 756 567 638 0 464 807 709 650 1457 439 411 705 607 511 1075 974 520 966 530 800 540 409 
885 977 2125 2058 106 995 484 598 1626 1283 800 949 942 838 257 808 818 362 1533 1031 1398 1095 323 1853 868 634 1648 1534 753 1975 394 318 518 587 560 0 850 752 266 1457 229 346 659 599 554 955 1009 557 1111 685 787 106 143 
103 1354 2435 2385 868 835 1055 555 1979 847 940 1334 676 1186 884 749 1104 868 1903 1408 1040 927 830 2220 1056 575 2034 1869 606 2322 678 1135 829 832 844 842 0 191 1037 1807 870 943 910 749 653 1372 615 802 788 734 1144 909 787 
194 1296 2383 2333 812 779 995 499 1927 1106 878 1276 620 1125 828 648 1034 812 1836 1350 1272 978 774 2168 986 495 1951 1812 423 2270 622 1079 773 776 788 786 155 0 1003 1745 814 887 848 693 597 1298 536 746 731 678 1083 862 731 
1043 1169 2285 2235 179 1112 686 746 1829 1432 951 1149 1095 1030 459 662 1076 198 1726 1223 1547 1236 251 2074 1035 782 1857 1727 927 2155 542 512 482 562 708 266 1012 900 0 1650 431 548 613 575 653 692 1174 547 1260 833 988 260 367 
1650 1042 1394 1367 1282 1342 899 1373 930 1432 1102 1022 1477 711 1018 1581 843 1360 912 1084 1547 1236 1328 1166 893 1420 789 796 1571 1240 1226 1114 1346 1423 1249 1217 1619 1542 1443 0 1098 945 1454 1409 1336 1846 1639 1311 1451 1203 660 1272 1143 
908 823 1931 1919 250 995 319 616 1453 1180 818 781 956 673 101 826 653 430 1343 855 1295 1012 402 1678 703 652 1475 1361 771 1774 318 434 628 699 457 172 868 770 334 1279 0 181 766 668 572 1031 1029 581 1111 703 622 181 77 
969 642 1653 1626 357 865 138 684 1189 1011 666 600 937 492 76 894 472 537 1173 674 1111 807 509 1414 522 720 1220 1106 839 1510 287 441 696 767 394 279 938 838 441 1107 142 0 834 736 640 1142 1061 649 981 598 441 288 184 
805 1197 2285 2235 527 957 888 401 1829 1256 779 1177 815 1030 778 371 973 399 1726 1251 1371 1064 381 2074 926 381 1857 1727 500 2155 572 860 142 50 706 615 770 672 590 1650 764 837 0 124 247 699 933 375 1047 628 988 609 681 
681 1134 2215 2165 498 847 817 302 1751 1204 708 1114 710 955 707 348 891 401 1658 1188 1319 1012 366 2022 847 282 1773 1659 401 2092 501 831 149 90 635 586 646 548 584 1582 693 766 162 0 123 791 812 304 900 538 917 580 610 
602 1134 2215 2129 517 751 801 207 1723 1164 692 1114 614 950 676 366 875 471 1630 1188 1281 978 385 1984 831 272 1745 1631 391 2068 470 850 264 205 619 605 567 469 604 1554 662 735 277 122 0 836 733 288 804 457 898 599 579 
1292 1600 2700 2650 875 1315 1295 906 2244 1676 1205 1580 1360 1455 1090 601 1351 722 2178 1654 1791 1480 871 2485 1303 781 2269 2121 831 2587 992 1214 722 802 1116 963 1261 1184 866 2081 1057 1168 825 817 824 0 1404 774 1500 1112 1413 984 1006 
660 1278 2397 2347 961 304 971 648 1941 888 807 1258 228 1152 977 842 1104 969 1866 1332 1035 466 931 2182 1056 668 1984 1841 641 2284 771 1228 934 929 868 933 625 527 1122 1772 944 1046 984 842 746 1461 0 895 233 590 1110 994 880 
767 851 1931 1919 581 579 513 480 1453 842 404 809 630 661 597 690 587 503 1327 883 1000 686 465 1678 543 516 1475 1336 635 1774 391 847 484 555 331 555 732 634 674 1279 583 626 622 532 436 969 869 0 673 318 610 631 500 
889 1169 2253 2203 1025 179 838 826 1794 692 592 1149 248 1005 1046 1049 923 984 1701 1223 840 268 931 2041 879 897 1820 1702 870 2141 857 1305 952 1015 849 1003 854 726 1186 1625 1021 985 1070 961 846 1461 231 906 0 640 963 1071 965 
808 977 2125 2058 732 576 644 433 1626 1101 620 949 467 841 748 728 803 715 1533 1031 1245 905 677 1853 759 557 1648 1534 676 1975 542 1004 691 632 543 706 773 675 886 1457 734 777 704 549 453 1212 766 649 657 0 790 782 651 
1149 547 1323 1296 786 884 401 884 846 890 593 505 1034 79 505 1087 329 866 827 568 1035 734 828 1105 379 926 859 745 1077 1191 720 723 847 919 746 708 1118 1041 870 731 571 433 974 931 840 1372 1130 800 933 697 0 717 613 
956 995 2125 2058 109 1059 501 666 1626 1348 868 975 1002 855 274 769 835 297 1533 1047 1463 1152 269 1853 885 702 1648 1534 821 1975 462 315 487 556 623 153 925 820 201 1457 236 363 628 568 622 893 1048 526 1185 753 804 0 182 
846 845 1938 1925 197 937 341 559 1470 1256 761 803 900 695 114 769 675 420 1386 877 1357 1012 392 1695 725 595 1492 1378 714 1791 324 424 571 642 463 134 811 713 324 1338 86 203 709 611 515 1031 974 524 1059 646 644 171 0 
0 1813 2854 2816 1283 775 1427 800 2392 1163 1424 1794 599 1617 1315 687 1651 1294 2442 1859 1335 1028 1269 2658 1632 626 2403 2278 489 2734 1112 1603 1074 978 1290 1297 234 75 1440 2286 1287 1378 1030 927 906 1339 509 1194 723 1104 1592 1365 1225 
1475 0 1810 1770 968 1161 595 1146 1351 1155 876 91 1258 514 697 1355 476 1154 1284 219 1327 1012 1131 1611 521 1189 1349 1223 1296 1658 890 1076 1155 1206 1004 881 1419 1325 1062 1187 760 624 1250 1192 1132 1664 1448 1100 1244 1011 527 904 801 
2505 1741 0 365 1955 2165 1573 2232 672 2155 1930 1707 2230 1288 1676 2504 1515 2186 1538 1697 2234 1954 2150 633 1592 2286 1153 1027 2407 295 1859 1724 2230 2282 1962 1882 2468 2380 2076 1520 1759 1601 2328 2241 2193 2714 2400 2189 2231 1941 1320 1876 1782 
2447 1697 380 0 1898 2107 1529 2174 645 2081 1918 1663 2167 1244 1632 2446 1471 2158 1500 1653 2196 1901 2122 649 1548 2228 1153 1027 2349 581 1839 1680 2172 2224 1946 1826 2410 2322 2048 1476 1715 1557 2270 2183 2135 2679 2349 2131 2182 1859 1276 1851 1738 
853 975 2058 1970 0 978 449 569 1564 1268 851 937 964 847 226 781 831 266 1570 1013 1440 1099 216 1827 876 612 1562 1436 730 1886 352 355 464 492 520 86 819 735 170 1450 197 294 545 506 553 836 1028 490 1131 646 782 142 140 
917 1169 2231 2169 1020 0 853 864 1773 904 547 1135 212 963 977 1142 914 998 1779 1184 1061 435 974 2040 851 999 1771 1645 931 2100 816 1271 999 1050 836 1032 881 797 1177 1659 1044 900 1094 1012 896 1514 355 940 205 591 938 1100 982 
1030 587 1709 1671 479 707 0 721 1252 936 630 561 823 474 213 935 458 670 1175 710 1114 783 654 1512 503 764 1270 1144 882 1559 404 592 760 818 492 397 974 887 574 1069 276 140 860 773 703 1243 1021 681 875 547 409 417 317 
524 1319 2330 2268 640 739 871 0 1882 1255 815 1285 596 1085 676 314 1095 663 1894 1334 1427 1064 628 2153 1019 145 1909 1767 263 2224 447 974 480 379 615 650 490 406 810 1781 647 733 432 325 213 946 680 498 812 464 1060 718 590 
2273 1530 465 439 1739 1918 1362 2000 0 1865 1738 1496 1983 1077 1465 2272 1304 1940 1319 1486 2030 1706 1908 371 1381 2054 979 860 2175 499 1697 1507 1997 2054 1771 1657 2236 2148 1855 1299 1548 1390 2100 2013 1961 2486 2158 1956 1985 1730 1109 1687 1571 
1045 1215 2208 2146 1296 917 1058 1250 1758 0 867 1181 1005 963 1161 1459 914 1288 1764 1222 303 576 1253 2040 854 1293 1756 1630 1400 2079 1125 1474 1277 1328 1112 1310 934 1081 1453 1644 1244 1086 1372 1316 1253 1786 927 1224 758 1121 923 1378 1238 
1130 931 1964 1876 856 592 770 813 1479 840 0 898 761 760 890 1026 644 840 1505 997 1034 694 830 1739 583 856 1477 1351 967 1786 663 1177 852 915 683 866 1074 980 1033 1359 863 817 962 865 795 1346 879 773 694 679 695 931 806 
1511 142 1845 1789 1017 1219 643 1182 1370 1228 927 0 1324 562 745 1391 524 1200 1356 149 1342 1036 1175 1630 569 1225 1368 1242 1332 1677 945 1102 1199 1250 1057 938 1455 1361 1108 1225 808 672 1294 1238 1178 1708 1500 1146 1296 1038 575 945 849 
724 1283 2330 2268 1064 179 959 727 1882 1013 707 1249 0 1069 1094 945 1092 1039 1886 1298 1185 542 1018 2153 1027 853 1879 1751 733 2224 853 1384 1010 932 823 1078 690 606 1221 1765 1068 1028 984 871 759 1518 290 1015 216 555 1044 1146 1006 
1403 541 1547 1509 901 1075 533 1074 1090 1071 772 515 1218 0 635 1283 367 1090 1025 585 1230 892 1077 1350 412 1117 1100 974 1224 1397 828 878 1102 1153 933 819 1347 1253 999 879 698 562 1197 1126 1066 1611 1371 1041 1167 888 151 839 739 
917 751 1845 1789 266 971 240 633 1370 1136 827 725 1016 638 0 845 622 466 1356 874 1288 946 450 1630 667 676 1368 1242 794 1677 223 487 692 720 373 184 883 799 370 1233 80 85 773 727 617 1040 1100 617 1118 710 573 213 104 
722 1543 2582 2520 870 1101 1109 379 2134 1480 1201 1509 929 1332 920 0 1360 629 2168 1558 1652 1311 727 2400 1284 203 2165 2040 245 2476 684 1205 461 360 852 887 688 604 875 2056 884 971 413 353 422 634 856 695 1067 738 1307 957 827 
1361 396 1685 1647 940 995 557 1027 1228 961 688 370 1177 407 659 1241 0 1072 1175 519 847 808 1024 1488 98 1075 1225 1099 1182 1535 852 1034 1047 1098 891 843 1305 1211 1018 1069 722 586 1142 1068 1008 1570 1256 1015 1052 887 436 863 763 
917 1283 2330 2268 279 1019 712 629 1882 1277 855 1249 1016 1085 489 561 1106 0 1894 1298 1449 1108 190 2153 1069 672 1909 1767 790 2224 543 630 343 432 711 365 879 795 247 1781 457 557 421 447 506 705 1083 399 1166 704 1060 387 419 
1988 1253 1547 1509 1460 1607 1083 1682 1090 1574 1437 1219 1738 858 1186 1929 1041 1643 0 1237 1746 1405 1630 1350 1118 1725 1100 974 1848 1397 1418 1290 1709 1760 1492 1378 1951 1863 1551 943 1269 1111 1810 1748 1685 2186 1900 1656 1652 1446 804 1408 1292 
1537 317 1810 1770 1027 1243 658 1208 1351 1228 927 175 1347 552 760 1417 539 1210 1319 0 1363 1051 1197 1611 584 1251 1349 1223 1358 1658 965 1102 1235 1286 1072 956 1481 1387 1118 1204 823 687 1330 1274 1211 1744 1500 1182 1296 1057 590 957 864 
1170 1384 2345 2283 1523 1085 1187 1477 1897 250 1148 1350 1124 1093 1290 1686 1057 1515 1902 1399 0 718 1480 2163 1040 1520 1909 1775 1627 2239 1352 1603 1504 1555 1332 1482 1057 1225 1655 1789 1373 1215 1599 1543 1480 2006 1098 1451 900 1223 1068 1512 1396 
1153 1169 2154 2103 1254 498 1000 1158 1688 563 696 1135 555 946 1103 1328 881 1246 1694 1184 741 0 1211 1971 820 1162 1686 1560 1199 2037 1083 1416 1235 1286 1087 1268 1040 1018 1411 1574 1186 1028 1330 1274 1211 1744 509 1182 340 1058 881 1325 1196 
891 1169 2208 2146 153 971 586 590 1758 1255 833 1135 991 963 363 618 983 184 1764 1184 1427 1094 0 2040 1044 589 1756 1630 707 2079 427 504 284 312 597 239 857 773 264 1644 331 431 365 326 396 777 1083 377 1118 682 929 261 293 
2358 1620 762 779 1815 2004 1452 2085 352 1995 1838 1586 2064 1167 1555 2357 1394 2042 1451 1576 2138 1796 2006 0 1471 2139 1080 945 2260 642 1787 1603 2083 2135 1849 1747 2321 2233 1932 1400 1638 1480 2181 2094 2046 2563 2279 2042 2086 1817 1199 1777 1661 
1277 457 1709 1671 968 908 575 926 1252 884 590 431 1107 425 677 1151 61 957 1187 580 910 738 931 1512 0 985 1270 1144 1092 1559 773 1034 962 1013 793 861 1221 1127 1045 1083 740 604 1057 973 906 1466 1211 883 1007 789 454 881 781 
526 1332 2374 2312 681 872 914 183 1926 1277 856 1298 729 1123 717 199 1145 731 1933 1347 1449 1108 644 2192 1069 0 1954 1805 118 2268 488 1050 461 360 656 691 492 408 851 1819 688 774 413 306 288 830 682 569 896 542 1098 759 631 
2148 1402 1225 1135 1603 1772 1226 1834 715 1739 1602 1368 1877 955 1329 2136 1176 1786 1187 1348 1923 1570 1773 933 1253 1918 0 275 2039 1057 1561 1426 1877 1938 1635 1521 2111 2023 1694 778 1412 1254 1974 1902 1848 2336 2041 1806 1842 1594 968 1551 1435 
1988 1253 1010 1002 1440 1601 1063 1682 558 1568 1431 1219 1738 850 1166 1929 1016 1623 1058 1230 1740 1399 1610 776 1093 1725 223 0 1848 895 1398 1290 1709 1760 1472 1358 1951 1863 1531 847 1249 1091 1810 1748 1685 2186 1900 1656 1646 1446 796 1388 1272 
565 1468 2535 2473 817 970 1059 320 2087 1415 1115 1434 747 1257 853 250 1291 867 2073 1483 1587 1152 781 2353 1232 137 2074 1949 0 2429 624 1135 598 497 792 827 531 410 999 1946 824 915 550 443 425 881 657 706 871 678 1232 895 767 
2447 1677 323 529 1894 2101 1509 2174 526 2065 1883 1643 2161 1224 1612 2446 1451 2089 1451 1633 2168 1879 2053 697 1528 2228 1093 974 2349 0 1829 1660 2172 2224 1922 1806 2410 2322 1979 1427 1695 1537 2270 2183 2135 2610 2330 2131 2147 1859 1256 1827 1718 
742 962 2040 1958 310 847 426 458 1554 1176 740 937 839 841 257 670 825 532 1560 1007 1348 1012 406 1824 870 501 1552 1426 619 1876 0 641 544 581 170 320 708 624 480 1440 317 288 634 552 442 987 898 463 1018 535 776 388 260 
1188 1215 1845 1789 336 1314 634 862 1370 1491 1275 1181 1250 854 473 1075 1041 591 1329 1222 1663 1322 526 1630 1118 907 1368 1242 1012 1677 645 0 774 802 813 343 1132 1038 495 1225 441 515 855 816 846 1184 1312 800 1442 1011 800 293 397 
768 1186 2231 2169 427 817 822 443 1783 1136 710 1152 836 985 627 435 976 306 1789 1199 1308 978 283 2040 885 426 1781 1655 540 2104 398 778 0 126 566 513 734 650 513 1669 598 684 172 148 249 819 944 254 997 559 960 535 541 
732 1283 2330 2268 513 922 910 357 1882 1228 798 1249 775 1071 715 327 1077 389 1894 1298 1400 1051 370 2153 1001 327 1879 1753 432 2224 486 864 101 0 654 599 698 614 601 1767 686 772 53 73 180 792 888 342 997 621 1046 621 629 
844 975 2058 1970 464 784 489 560 1564 1136 677 937 772 845 392 772 829 587 1570 1007 1288 935 560 1827 852 603 1562 1436 721 1886 156 795 599 657 0 474 810 726 634 1450 457 423 699 612 542 1040 994 520 963 466 780 542 414 
833 931 2016 1920 97 971 414 549 1526 1255 831 899 929 812 191 761 796 363 1532 997 1427 1094 287 1786 841 592 1524 1398 710 1854 332 333 535 563 500 0 799 715 267 1412 162 259 616 577 533 933 1002 556 1118 626 747 82 105 
90 1893 2948 2898 1376 865 1524 890 2476 904 1501 1901 689 1688 1408 777 1637 1362 2526 1951 1093 1049 1376 2742 1624 716 2487 2362 579 2827 1205 1696 1163 1067 1387 1390 0 165 1533 2370 1380 1471 1119 1016 1010 1374 599 1299 813 1199 1663 1458 1318 
214 1887 2948 2898 1253 824 1486 781 2476 1096 1473 1878 648 1684 1285 668 1718 1294 2526 1924 1268 1065 1249 2742 1656 607 2487 2362 470 2827 1082 1573 1053 955 1266 1267 159 0 1410 2370 1257 1348 1007 906 886 1339 558 1174 772 1149 1659 1335 1195 
1065 1186 2278 2216 181 1161 614 748 1830 1415 1143 1152 1123 985 391 720 1011 196 1819 1201 1587 1246 244 2078 1066 791 1810 1684 917 2151 531 532 484 529 699 267 1009 921 0 1698 359 459 562 543 613 666 1222 540 1314 825 960 289 321 
1853 1091 1547 1509 1336 1498 952 1542 1090 1465 1322 1057 1598 735 1062 1751 891 1519 997 1106 1637 1296 1506 1350 960 1585 766 865 1692 1397 1294 1167 1569 1620 1368 1254 1825 1721 1427 0 1145 987 1664 1608 1545 2070 1747 1516 1543 1306 681 1284 1168 
897 833 1923 1858 246 1026 322 613 1437 1176 895 807 991 720 105 825 704 432 1451 942 1348 1019 416 1697 749 656 1435 1309 774 1744 325 453 678 706 475 164 863 779 336 1359 0 167 759 707 597 1017 1083 620 1179 690 655 179 84 
1013 666 1810 1770 343 861 155 706 1351 1013 742 640 998 553 77 920 537 534 1259 789 1185 862 518 1611 582 749 1349 1223 867 1658 266 505 735 763 416 261 957 872 438 1187 140 0 816 770 690 1126 1164 660 1020 701 488 281 181 
786 1319 2374 2312 559 978 971 411 1926 1263 843 1285 829 1105 760 369 1120 372 1922 1334 1435 1094 415 2192 1044 381 1943 1787 486 2268 531 974 146 54 699 645 752 668 615 1807 731 817 0 127 234 739 976 387 1047 675 1080 667 674 
659 1283 2330 2268 532 845 914 308 1882 1228 801 1249 702 1072 718 328 1077 430 1894 1298 1400 1051 389 2153 1001 278 1883 1754 396 2224 489 883 155 85 657 618 625 541 637 1768 689 775 138 0 115 798 815 345 919 552 1047 640 632 
584 1253 2288 2226 575 769 873 208 1840 1176 761 1219 626 1031 678 364 1051 470 1825 1250 1348 1019 432 2096 975 246 1845 1713 364 2184 449 974 285 184 617 637 550 466 686 1727 649 735 237 130 0 834 740 305 842 494 1006 683 592 
1361 1733 2753 2687 885 1406 1332 984 2301 1669 1383 1699 1383 1522 1116 629 1549 664 2360 1748 1837 1500 853 2567 1473 832 2312 2187 874 2643 951 1228 731 821 1129 987 1305 1211 878 2227 1070 1186 874 835 894 0 1489 787 1536 1144 1497 970 1045 
625 1405 2439 2377 1148 311 1019 813 1991 977 812 1371 214 1194 1180 832 1194 1142 2005 1420 1142 493 1107 2257 1141 771 2045 1920 634 2333 966 1468 1082 1018 921 1162 591 507 1305 1909 1152 1156 1070 960 845 1426 0 1067 232 641 1169 1230 1090 
738 868 1960 1876 556 563 615 454 1469 869 456 842 611 755 592 666 692 540 1505 977 1068 723 530 1729 631 497 1467 1341 615 1776 363 887 552 610 329 566 704 620 726 1359 563 649 652 548 438 1017 795 0 731 305 690 634 506 
823 1319 2330 2268 1148 209 989 955 1882 806 635 1285 215 1085 1103 1059 1028 1142 1894 1334 1004 339 1107 2153 952 975 1909 1767 832 2224 977 1416 1131 1141 980 1162 789 705 1305 1781 1152 1028 1193 1083 974 1619 200 1080 0 723 1060 1230 1090 
833 931 2016 1920 658 530 660 491 1526 1013 590 887 456 800 694 761 784 642 1532 997 1185 857 632 1786 765 592 1524 1398 710 1854 465 1008 654 689 431 668 799 715 828 1412 665 707 742 635 523 1126 640 575 672 0 735 736 608 
1292 559 1430 1392 805 978 437 969 973 942 669 533 1136 89 539 1176 385 992 898 589 1114 789 974 1260 430 1010 1001 860 1117 1280 732 775 999 1050 836 723 1236 1142 900 776 602 466 1094 1012 948 1514 1256 940 1052 792 0 743 643 
924 1006 2079 1983 110 1076 474 637 1589 1349 917 979 1016 872 251 846 856 298 1595 1023 1521 1180 264 1854 903 680 1587 1461 798 1904 420 312 512 540 588 131 887 803 202 1475 210 319 593 554 620 868 1100 538 1229 714 807 0 175 
838 820 1923 1858 187 971 309 554 1437 1176 836 794 942 707 86 766 691 401 1451 942 1348 1012 377 1697 736 597 1435 1309 715 1744 301 422 619 647 451 105 804 720 305 1359 57 154 700 648 538 971 1012 561 1118 631 642 148 0 
0 1495 2414 2452 982 591 1174 576 2080 951 1069 1485 457 1342 1006 577 1270 986 2103 1539 1115 762 909 2261 1245 445 2075 1979 408 2330 847 1310 805 720 981 1005 206 60 1115 1981 1015 1036 766 672 623 1062 370 852 554 731 1323 1046 961 
1439 0 1537 1575 858 1047 545 1092 1203 1103 814 78 1068 436 645 1302 374 1091 1143 156 1147 915 988 1381 450 1184 1186 1069 1282 1449 776 933 1123 1191 817 808 1411 1350 999 1097 706 575 1237 1190 1114 1555 1218 1084 1084 830 449 816 732 
2324 1657 0 332 1901 2033 1582 2032 521 2003 1758 1647 2135 1291 1687 2211 1491 2087 1553 1627 2150 1878 2038 514 1520 2082 1186 1069 2180 266 1829 1726 2054 2122 1866 1851 2296 2220 2030 1512 1748 1617 2168 2104 2021 2485 2230 1994 2074 1875 1313 1839 1774 
2395 1729 331 0 1973 2088 1654 2103 565 2084 1840 1719 2190 1363 1759 2282 1563 2158 1629 1699 2234 1947 2101 558 1592 2153 1199 1082 2251 480 1892 1798 2125 2193 1944 1923 2367 2291 2103 1584 1821 1689 2239 2175 2092 2556 2285 2065 2122 1964 1385 1909 1847 
798 913 1822 1857 0 819 430 475 1482 1130 765 944 733 743 219 634 812 249 1532 983 1247 1012 164 1660 796 548 1479 1362 646 1728 277 337 350 418 403 83 770 694 157 1386 190 282 464 432 458 748 823 367 917 504 724 124 133 
704 987 1900 1919 789 0 661 527 1546 824 474 1012 121 814 807 741 775 859 1596 1053 814 369 821 1724 744 635 1543 1426 688 1792 655 1112 760 689 685 809 676 600 955 1450 816 788 735 639 546 1130 236 765 146 415 795 846 762 
1028 551 1517 1555 424 671 0 687 1183 960 637 581 703 381 211 900 450 646 1099 616 1000 743 547 1361 434 760 1135 1018 858 1429 325 491 684 752 351 374 1000 906 554 1051 272 141 798 754 676 1163 843 659 807 466 362 382 298 
475 1086 1943 1973 521 550 707 0 1600 1103 715 1076 464 883 539 300 803 555 1650 1130 1214 892 498 1778 775 135 1597 1480 233 1857 387 842 399 321 513 541 447 371 678 1504 548 569 367 271 178 737 500 410 647 327 864 578 494 
2242 1570 334 372 1815 1940 1495 1950 0 1931 1671 1560 2029 1204 1600 2129 1404 1960 1444 1540 2058 1786 1928 331 1433 2000 1043 966 2098 442 1731 1639 1934 2002 1777 1763 2214 2138 1945 1396 1661 1530 2048 1985 1923 2358 2137 1872 1981 1792 1226 1749 1687 
841 1122 1943 1988 1272 778 1019 1258 1608 0 875 1112 792 905 1124 1415 821 1269 1658 1166 236 534 1248 1786 793 1307 1605 1488 1242 1861 1131 1392 1240 1308 1150 1287 782 908 1429 1512 1185 1054 1354 1308 1245 1672 787 1202 662 1110 882 1295 1211 
1236 885 1744 1782 857 527 655 834 1410 871 0 915 630 659 803 1030 548 851 1444 959 861 582 813 1588 520 907 1407 1290 1005 1656 723 1115 807 875 676 877 1208 1147 1006 1327 868 782 923 880 819 1312 734 795 565 622 640 914 830 
1452 78 1539 1577 870 1053 557 1105 1205 1103 826 0 1080 448 657 1315 364 1093 1169 107 1159 928 998 1383 440 1197 1199 1082 1295 1451 788 937 1127 1195 829 820 1424 1363 1005 1097 718 587 1241 1195 1127 1559 1236 1089 1090 842 461 828 744 
592 1068 1954 1988 713 147 751 451 1613 887 621 1058 0 905 731 665 895 783 1663 1112 877 439 745 1791 867 559 1610 1493 576 1861 579 1046 684 613 609 733 564 488 870 1517 740 761 659 563 470 1048 190 689 183 339 885 770 686 
1320 463 1263 1301 766 901 453 988 929 1004 675 493 975 0 553 1183 314 993 890 423 1000 774 894 1101 356 1065 907 853 1163 1159 684 744 1000 1068 725 716 1292 1231 896 788 614 483 1114 1055 995 1432 1102 972 940 729 67 724 640 
850 712 1648 1686 225 823 229 527 1314 1103 789 742 785 542 0 740 611 447 1322 777 1133 905 353 1492 595 600 1311 1194 698 1560 165 394 524 592 293 175 822 746 355 1196 73 81 638 594 516 948 875 499 972 554 523 183 99 
615 1231 2117 2155 618 779 866 253 1775 1253 874 1221 693 1054 698 0 984 399 1825 1275 1370 1043 528 1967 959 152 1772 1655 177 2028 546 974 363 268 672 700 587 511 593 1679 707 728 301 270 291 487 640 493 824 554 1035 687 653 
1251 406 1449 1487 838 816 525 926 1115 904 590 414 924 347 625 1108 0 950 1081 449 792 689 909 1293 101 990 1116 1005 1088 1361 720 933 897 966 735 788 1223 1162 999 1000 686 555 1012 970 912 1371 1014 885 854 712 360 796 712 
817 1093 1943 1988 220 816 622 494 1608 1103 727 1083 752 895 413 388 815 0 1658 1137 1214 977 134 1786 787 540 1605 1488 565 1861 404 553 222 290 532 303 789 713 195 1512 378 474 329 323 402 608 842 280 930 491 876 289 342 
1793 1122 1317 1355 1356 1491 1038 1489 983 1491 1227 1112 1572 757 1143 1656 958 1500 0 1098 1608 1342 1479 1166 987 1538 971 912 1636 1229 1274 1225 1471 1539 1317 1306 1765 1704 1486 883 1204 1073 1585 1539 1476 1905 1688 1433 1528 1348 772 1303 1230 
1488 156 1538 1576 917 1120 603 1168 1204 1103 872 107 1135 394 703 1351 410 1146 1169 0 1212 978 1045 1382 486 1233 1186 1069 1331 1450 834 993 1178 1246 875 866 1460 1399 1053 1097 764 633 1292 1246 1171 1610 1287 1140 1157 888 449 874 790 
1023 1156 2032 2025 1284 808 1058 1270 1651 236 899 1146 822 933 1163 1437 811 1281 1701 1200 0 564 1260 1833 817 1319 1648 1531 1279 1897 1143 1431 1252 1320 1162 1304 964 1083 1441 1555 1224 1093 1366 1320 1257 1684 817 1214 692 1115 907 1334 1250 
863 1034 1878 1917 1125 376 910 843 1533 571 623 1038 392 800 1015 1020 720 1183 1583 1092 561 0 1162 1711 692 884 1530 1413 847 1779 984 1301 1077 1012 1010 1145 835 759 1282 1437 1076 945 1058 962 862 1458 387 1067 262 731 781 1182 1098 
809 1046 1925 1948 150 808 552 486 1574 1103 719 1038 744 865 343 505 807 134 1624 1092 1214 956 0 1752 779 461 1571 1454 555 1830 280 482 214 282 408 225 781 705 207 1478 308 404 328 296 330 736 834 272 921 483 846 219 261 
2242 1570 513 558 1815 1940 1495 1950 295 1931 1671 1560 2029 1204 1600 2129 1404 1960 1492 1540 2058 1786 1928 0 1433 2000 1093 976 2098 468 1731 1639 1934 2002 1777 1763 2214 2138 1945 1425 1661 1530 2048 1985 1923 2358 2137 1872 1981 1792 1226 1749 1687 
1236 461 1517 1555 846 774 534 882 1183 861 544 469 877 402 634 1074 55 899 1124 504 813 647 861 1361 0 956 1150 1033 1054 1429 678 933 855 937 693 797 1208 1147 999 1051 695 564 983 936 867 1339 972 843 812 670 406 805 721 
493 1122 1960 2005 558 666 744 131 1624 1103 752 1112 580 933 576 197 840 538 1674 1166 1238 915 462 1824 812 0 1621 1504 99 1876 424 879 360 275 550 578 465 389 656 1528 585 606 321 227 178 682 518 407 702 432 905 615 531 
1928 1261 978 1017 1486 1609 1168 1607 635 1609 1345 1251 1690 870 1273 1774 1095 1618 1079 1201 1726 1460 1597 815 1124 1656 0 254 1754 858 1404 1324 1589 1657 1444 1436 1900 1824 1603 720 1334 1203 1703 1657 1594 2045 1811 1551 1646 1466 885 1405 1360 
1822 1156 867 915 1376 1513 1058 1511 533 1513 1249 1146 1594 768 1163 1678 972 1522 981 1101 1630 1364 1501 713 1001 1560 247 0 1658 756 1294 1225 1493 1561 1335 1326 1787 1726 1501 798 1224 1093 1607 1561 1498 1926 1710 1455 1550 1370 783 1303 1250 
491 1215 2094 2132 643 717 829 230 1745 1231 837 1205 583 1024 661 177 926 574 1795 1259 1343 888 554 1939 897 99 1742 1625 0 2012 509 974 452 367 635 663 463 355 748 1649 670 691 410 319 270 662 496 499 680 517 1005 700 616 
2148 1487 273 481 1730 1853 1412 1855 339 1860 1588 1477 1945 1121 1517 2028 1321 1862 1401 1457 1977 1703 1844 472 1350 1899 1006 952 1997 0 1648 1556 1842 1910 1694 1680 2120 2044 1864 1358 1578 1447 1956 1902 1842 2261 2050 1794 1896 1709 1143 1666 1604 
685 838 1744 1782 231 706 345 362 1410 1103 652 868 620 668 177 575 718 408 1464 911 1119 887 285 1588 690 435 1407 1290 533 1656 0 527 380 448 128 251 657 581 388 1327 242 207 494 443 351 876 710 355 803 391 649 288 204 
1130 1008 1581 1619 336 1138 517 798 1247 1340 1073 1022 1071 707 386 967 899 583 1291 1053 1457 1191 479 1425 883 871 1244 1127 974 1493 521 0 665 733 649 312 1102 1041 491 1158 414 407 779 747 780 1088 1180 689 1234 827 703 293 389 
699 983 1850 1895 335 698 641 376 1511 1103 609 1010 634 777 473 342 697 222 1561 1045 1051 844 215 1689 669 360 1508 1391 451 1757 321 667 0 100 433 410 671 595 377 1415 482 503 138 133 231 697 724 162 811 373 758 404 428 
721 1057 1925 1948 405 712 717 321 1574 1103 685 1058 626 853 549 247 773 298 1624 1112 1152 922 287 1752 745 275 1571 1454 356 1830 397 737 101 0 509 480 693 617 453 1478 558 579 46 73 156 627 743 238 809 449 834 474 504 
802 846 1753 1791 346 715 381 479 1419 1103 642 876 629 676 290 692 727 523 1464 915 1112 877 400 1597 699 552 1416 1299 650 1665 117 640 486 554 0 366 774 698 503 1327 355 294 600 559 468 977 746 472 812 348 657 403 319 
817 880 1788 1831 83 838 397 494 1454 1205 784 913 752 710 186 702 779 332 1499 959 1310 1019 225 1632 763 567 1451 1334 665 1700 296 315 411 479 422 0 789 713 240 1353 157 249 525 493 483 831 842 408 936 523 691 82 100 
78 1570 2478 2516 1067 669 1278 654 2144 745 1201 1560 535 1424 1113 655 1354 1057 2118 1614 937 840 989 2325 1329 523 2139 2043 486 2394 928 1388 883 798 1052 1087 0 138 1196 2042 1094 1143 844 750 701 1156 448 949 632 809 1405 1124 1040 
174 1455 2329 2367 922 618 1109 516 1995 889 1087 1445 484 1276 941 517 1204 919 2057 1499 1074 789 847 2176 1179 385 1981 1904 348 2245 787 1243 745 660 914 942 146 0 1046 1903 948 971 706 612 563 1005 397 792 581 758 1257 978 894 
953 1068 1943 1973 172 979 574 629 1600 1239 862 1058 887 887 365 507 958 135 1650 1112 1356 1090 204 1778 935 648 1597 1480 684 1857 447 505 357 425 573 255 925 848 0 1504 330 426 464 458 517 591 1000 415 1055 626 868 241 294 
1665 1014 1263 1301 1228 1374 910 1361 929 1374 1107 1022 1444 637 1015 1528 860 1372 919 973 1491 1225 1351 1114 903 1410 722 801 1508 1178 1146 1114 1343 1411 1213 1178 1637 1576 1358 0 1076 945 1457 1411 1348 1775 1571 1305 1411 1220 652 1168 1102 
844 786 1685 1723 202 865 303 521 1351 1103 811 816 779 616 94 734 685 418 1401 851 1230 978 330 1529 669 594 1348 1231 692 1597 256 419 516 584 384 152 816 740 326 1268 0 155 630 598 510 921 869 506 972 550 597 152 76 
886 631 1562 1600 287 766 148 563 1228 1050 724 661 798 461 74 776 530 509 1171 696 1035 823 415 1406 514 636 1199 1082 734 1474 201 406 560 628 329 237 858 782 417 1158 135 0 674 630 552 1008 913 535 904 561 442 245 161 
767 1086 1943 1973 449 758 755 367 1600 1103 723 1076 672 891 587 278 811 329 1650 1130 1214 977 329 1778 783 321 1597 1480 387 1857 435 781 138 46 547 524 739 663 491 1504 596 617 0 119 202 603 789 276 855 487 872 518 542 
667 1086 1943 1973 417 662 742 271 1600 1103 710 1076 576 878 574 251 798 323 1650 1130 1177 946 299 1778 770 227 1597 1480 321 1857 422 749 133 73 534 492 639 563 478 1504 575 604 119 0 106 631 692 263 759 402 859 486 525 
578 1068 1943 1973 448 569 716 178 1600 1103 707 1058 483 875 548 286 795 405 1650 1112 1177 927 330 1778 767 180 1597 1480 274 1857 396 780 231 164 522 500 550 474 524 1504 557 578 210 114 0 666 600 260 666 346 856 517 503 
1119 1410 2305 2343 764 1144 1101 736 1971 1455 1073 1400 1106 1244 932 483 1172 545 2003 1454 1572 1306 674 2152 1147 635 1963 1845 660 2221 780 1099 577 637 892 847 1091 1008 739 1900 923 963 612 650 697 0 1157 621 1269 832 1225 833 886 
502 1215 2131 2169 819 273 932 557 1787 833 747 1205 171 1066 837 655 1050 889 1836 1259 850 413 851 1967 1016 523 1784 1667 486 2044 685 1141 790 719 715 839 474 398 999 1691 846 867 765 669 576 1156 0 795 205 445 1045 876 792 
728 815 1685 1723 452 536 492 405 1351 896 447 845 492 615 463 618 535 446 1401 880 886 682 408 1529 507 478 1348 1231 576 1597 318 773 402 470 271 472 700 624 601 1268 479 453 516 454 391 898 609 0 649 211 596 509 425 
649 1122 2032 2051 861 148 791 599 1666 715 584 1112 148 948 879 802 868 937 1716 1166 714 276 893 1847 840 670 1663 1546 633 1915 727 1183 832 761 757 881 621 545 1018 1570 888 915 807 711 618 1206 173 837 0 487 927 918 834 
706 872 1775 1818 509 428 549 313 1441 1040 579 906 342 702 527 527 667 515 1499 942 1023 781 477 1619 639 421 1438 1321 515 1687 375 830 471 475 340 529 678 602 666 1353 536 522 521 425 332 914 459 459 525 0 683 566 482 
1291 474 1194 1232 715 850 395 926 860 942 624 504 900 77 502 1142 325 939 839 434 946 723 843 1067 367 1036 850 802 1126 1110 633 695 942 1010 666 665 1263 1202 845 737 563 432 1056 1007 948 1387 1045 928 888 663 0 673 589 
840 868 1744 1782 109 861 385 517 1410 1205 807 898 775 698 176 675 767 290 1448 936 1322 1041 216 1588 751 590 1407 1290 688 1656 319 294 402 470 445 93 812 736 198 1327 141 237 516 484 506 789 865 426 972 546 679 0 105 
788 780 1685 1723 149 809 297 465 1351 1103 755 810 723 610 86 678 679 378 1401 845 1222 978 274 1529 663 538 1348 1231 636 1597 234 385 460 528 362 99 760 684 286 1268 57 149 574 542 454 877 813 450 907 494 591 118 0 
