15
5
10800
0
2015
2076
2293
2589
2646
2287
2070
1829
2456
2690
2658
2215
2440
2461
0 830 973 441 1031 373 791 955 958 838 427 814 1763 940 572 
684 0 661 653 1159 589 77 218 187 65 728 513 1413 609 397 
949 615 0 960 1096 889 576 570 685 623 1047 164 947 149 697 
423 1037 1299 0 1151 293 998 1161 1065 1015 95 1140 2106 1266 573 
1007 1158 1109 1165 0 1323 1119 1282 1226 1166 1151 944 1639 1076 1226 
373 831 1174 282 1325 0 792 957 872 823 357 1015 1959 1141 384 
607 159 656 576 1087 512 0 375 301 163 651 497 1388 623 320 
850 225 588 819 1325 755 243 0 260 251 894 556 1346 496 563 
849 184 736 818 1263 754 257 231 0 149 893 656 1488 648 494 
715 63 677 684 1172 620 108 244 149 0 759 518 1433 635 428 
409 1127 1322 95 1151 377 1088 1251 1168 1096 0 1163 2051 1289 657 
855 524 165 876 1031 812 485 478 608 532 953 0 941 132 620 
1787 1478 997 1808 1726 1743 1439 1400 1551 1486 1889 1042 0 900 1551 
983 607 106 1011 1135 945 590 500 685 633 1086 211 837 0 744 
516 486 835 485 1263 398 460 623 498 449 560 676 1597 802 0 
0 916 1244 522 1394 505 858 1114 1064 952 476 1079 2085 1247 697 
898 0 893 802 1446 725 150 283 245 84 906 720 1649 871 547 
1164 717 0 1121 1338 1005 669 698 811 757 1255 174 1129 165 818 
519 821 1170 0 1501 348 773 1002 1000 861 103 1005 2009 1173 612 
1407 1377 1342 1485 0 1660 1327 1576 1468 1403 1454 1158 1903 1345 1503 
557 877 1244 375 1778 0 829 1082 1031 937 478 1079 2085 1247 657 
748 188 743 652 1338 575 0 470 433 221 755 570 1538 794 397 
1079 267 821 1046 1643 923 348 0 279 293 1180 716 1609 757 745 
1048 281 946 992 1540 885 388 264 0 216 1133 784 1689 905 657 
891 73 886 795 1446 718 174 336 242 0 898 713 1664 933 540 
474 944 1285 118 1501 399 888 1138 1091 976 0 1120 2149 1288 727 
1079 635 184 1046 1210 915 587 596 709 675 1180 0 1078 235 736 
2020 1584 1111 1988 1906 1873 1534 1629 1675 1610 2099 1072 0 1021 1710 
1191 777 124 1178 1384 1062 729 758 871 817 1312 234 1017 0 878 
714 636 993 618 1535 541 588 809 741 676 721 810 1805 992 0 
0 791 1192 542 1366 438 760 949 954 830 495 1015 2064 1178 623 
768 0 759 756 1370 666 120 228 265 65 875 669 1638 807 490 
1063 663 0 1023 1255 945 632 608 737 702 1112 171 1170 160 764 
451 747 1141 0 1412 337 716 896 899 786 119 964 2060 1127 579 
1327 1343 1294 1437 0 1624 1317 1479 1430 1354 1401 1107 1904 1280 1466 
495 810 1192 341 1737 0 779 961 968 849 460 1015 2091 1178 537 
648 163 727 636 1255 546 0 391 366 199 755 549 1549 698 370 
999 297 778 986 1606 915 355 0 273 290 1065 690 1547 764 725 
977 274 878 952 1516 863 357 234 0 253 1055 790 1783 897 640 
803 70 819 791 1407 701 155 288 222 0 919 700 1696 849 525 
477 896 1288 149 1363 412 865 1043 1057 945 0 1111 2134 1274 728 
977 594 184 968 1192 871 563 524 668 633 1055 0 1108 155 695 
2021 1582 1075 1964 1931 1890 1552 1525 1669 1593 2050 1096 0 980 1705 
1115 714 108 1069 1349 1002 683 659 788 753 1158 222 1008 0 815 
577 582 993 565 1485 475 551 731 619 613 684 786 1808 974 0 
0 1197 1265 581 1480 570 1195 1369 1335 1222 519 1097 2203 1319 795 
895 0 831 776 1532 741 140 270 277 83 867 727 1715 869 516 
1147 734 0 1071 1397 992 696 628 816 768 1149 170 1237 187 801 
513 1283 1632 0 1480 351 1281 1455 1467 1308 108 1464 2444 1686 796 
1363 1533 1416 1401 0 1757 1531 1633 1649 1558 1368 1233 1984 1425 1626 
477 1098 1551 314 1770 0 1096 1270 1242 1123 405 1383 2444 1605 608 
755 187 768 636 1397 601 0 455 336 193 727 590 1621 762 376 
998 288 716 918 1652 877 276 0 285 306 989 612 1536 754 652 
1079 304 827 968 1655 923 355 250 0 241 1047 723 1686 865 617 
925 109 881 797 1555 762 199 320 215 0 888 751 1784 945 537 
469 1379 1601 146 1458 497 1377 1551 1575 1404 0 1433 2374 1655 939 
1079 642 184 1000 1253 945 604 525 713 676 1078 0 1143 178 728 
2147 1626 1147 2154 1999 2089 1577 1524 1692 1651 2267 1124 0 1031 1887 
1233 815 141 1162 1477 1085 777 709 897 849 1240 251 1127 0 882 
681 631 1031 562 1655 527 593 773 687 665 653 848 1977 1085 0 
0 854 1064 464 1059 396 815 982 996 862 450 895 1853 1032 572 
746 0 673 716 1196 652 77 218 187 65 791 553 1473 609 439 
968 632 0 1180 1119 1136 593 586 737 640 1255 164 1017 149 871 
423 1037 1336 0 1184 293 998 1161 1065 1045 95 1175 2132 1304 573 
1016 1260 1188 1304 0 1333 1221 1384 1339 1268 1290 1021 1694 1156 1334 
399 843 1192 282 1443 0 804 972 872 839 357 1031 1968 1160 384 
669 159 674 639 1119 575 0 375 301 163 714 533 1471 630 362 
922 225 573 891 1386 827 252 0 260 251 989 567 1390 496 614 
911 184 725 876 1319 812 257 231 0 149 953 679 1530 648 497 
777 63 690 747 1235 683 108 244 149 0 822 558 1504 635 464 
409 1127 1383 95 1151 377 1088 1251 1187 1127 0 1222 2199 1351 657 
891 540 164 1097 1041 1052 501 494 645 548 1172 0 1002 132 798 
1907 1513 996 1911 1735 1873 1474 1435 1618 1521 1986 1060 0 924 1623 
1007 607 91 1251 1151 1207 592 500 685 633 1326 196 934 0 907 
544 511 858 514 1294 441 474 637 498 465 589 700 1622 826 0 
