11
10
5400
0
2234
2224
2425
2560
1991
2333
1951
2310
1829
2005
0 771 504 1598 272 555 1795 720 645 299 1572 
714 0 1101 1011 846 427 1091 975 1178 782 899 
742 1317 0 2154 842 1076 2403 387 1231 1025 2180 
1465 932 1795 0 1609 1173 1548 1715 1918 1527 1325 
338 917 611 1715 0 666 2005 790 455 270 1704 
460 409 790 1244 592 0 1354 623 881 726 1131 
1551 1019 1897 1476 1695 1259 0 1806 2003 1606 306 
650 969 396 1797 782 712 2047 0 1074 935 1786 
571 1143 844 1996 455 899 2203 1038 0 539 1980 
559 755 699 1598 278 701 1772 916 538 0 1549 
1366 837 1696 1297 1510 1074 304 1616 1814 1422 0 
0 855 578 1707 326 749 2136 770 726 354 1866 
953 0 1334 1036 990 548 1597 1262 1276 785 1273 
417 1265 0 2124 617 924 2567 422 982 755 2284 
1921 1038 2223 0 1980 1440 2014 2120 2261 1764 1677 
372 989 703 1819 0 824 2253 895 498 276 1974 
768 555 1178 1413 883 0 1969 811 1234 978 1654 
2093 1207 2456 1648 2158 1609 0 2270 2436 1959 346 
754 1155 501 1976 962 838 2462 0 1319 1113 2179 
614 1248 943 2124 472 1112 2549 1161 0 544 2266 
590 758 788 1653 298 890 2131 1001 568 0 1777 
1796 965 2175 1452 1911 1370 365 2024 2215 1672 0 
0 891 607 1725 433 698 1915 921 759 430 1703 
861 0 1247 1099 1050 592 1410 1278 1397 1009 1173 
490 1200 0 2070 757 920 2286 550 1091 917 2041 
1607 1037 2044 0 1795 1379 1763 1980 2179 1812 1526 
434 1124 793 1980 0 817 2217 1107 595 400 1984 
587 565 1015 1423 797 0 1670 787 1130 963 1433 
1756 1186 2166 1700 1942 1528 0 2115 2317 2050 409 
863 1193 567 2066 1050 799 2286 0 1417 1285 2041 
757 1407 1126 2282 554 1173 2525 1442 0 680 2280 
698 1019 911 1860 338 933 2105 1221 658 0 1865 
1539 964 1943 1511 1727 1311 389 1917 2123 1766 0 
0 851 553 1721 421 715 1984 913 687 405 1697 
801 0 1234 1089 980 510 1280 1206 1359 1032 997 
461 1173 0 2003 713 921 2216 592 1045 854 2008 
1678 1152 2097 0 1839 1400 1768 2022 2311 1867 1501 
450 1110 758 1948 0 870 2163 1119 591 378 1928 
522 465 895 1360 714 0 1530 764 1045 945 1263 
1721 1195 2125 1713 1877 1443 0 2065 2365 1904 393 
797 1191 503 2026 1021 726 2239 0 1450 1194 2021 
675 1344 1077 2184 538 1056 2378 1322 0 623 2160 
714 923 853 1791 361 842 2076 1255 668 0 1767 
1525 936 1933 1467 1692 1247 433 1873 2135 1734 0 
0 950 546 1763 365 672 2053 941 729 332 1789 
781 0 1213 1047 932 481 1235 1134 1234 856 1033 
476 1148 0 2016 696 873 2243 508 1037 791 2027 
1585 1071 1977 0 1746 1278 1737 1904 2053 1691 1524 
427 1052 702 1928 0 775 2143 1055 595 289 1917 
482 473 829 1299 624 0 1455 825 966 771 1242 
1749 1235 2159 1762 1900 1442 0 2085 2211 1856 412 
780 1120 510 1993 932 797 2213 0 1234 1097 1980 
715 1349 1050 2197 543 1054 2476 1350 0 589 2260 
691 984 838 1695 331 853 1951 1206 590 0 1721 
1511 984 1937 1512 1672 1204 392 1848 1982 1617 0 
0 1006 580 1792 392 712 2011 916 712 331 1819 
917 0 1306 1039 1121 624 1231 1285 1437 959 1051 
523 1243 0 2164 741 939 2311 488 1180 842 2106 
1699 1073 2078 0 1947 1362 1699 1972 2227 1785 1532 
461 1110 776 1958 0 864 2187 1125 579 305 1939 
598 534 1000 1337 759 0 1496 761 1180 893 1329 
1842 1209 2213 1728 2022 1498 0 2122 2300 1939 406 
862 1173 582 2048 1087 723 2226 0 1506 1205 2027 
762 1393 1090 2273 554 1185 2449 1405 0 596 2244 
748 981 837 1782 325 924 2004 1199 577 0 1794 
1620 993 2027 1511 1861 1283 447 1916 2149 1706 0 
0 939 563 1797 339 732 2046 989 746 346 1762 
890 0 1303 1049 1090 595 1334 1241 1351 899 1074 
1127 1662 0 2551 1359 1348 2718 544 1747 1466 2541 
1774 1083 2288 0 1953 1433 1774 2044 2193 1718 1520 
451 1065 752 1974 0 865 2141 1104 600 310 1941 
625 558 1033 1424 827 0 1676 836 1207 900 1422 
1946 1219 2453 1703 2081 1569 0 2209 2317 1862 379 
918 1197 493 2125 1114 830 2284 0 1514 1257 2112 
729 1348 1053 2246 523 1184 2445 1433 0 598 2273 
685 911 792 1774 326 850 2046 1204 575 0 1739 
1725 1011 2235 1516 1894 1384 329 2020 2132 1669 0 
0 987 826 1923 329 858 2055 1082 727 307 1910 
1292 0 1799 1134 1229 819 1227 1530 1461 978 1088 
942 1699 0 2719 1152 1345 2808 565 1561 1230 2668 
2104 1019 2626 0 1977 1612 1552 2280 2260 1714 1389 
500 1174 938 2006 0 1032 2124 1221 542 283 1964 
829 666 1338 1672 1072 0 1770 860 1469 1098 1607 
2613 1651 3078 2211 2559 2295 0 2897 2860 2355 362 
917 1223 497 2250 1196 802 2389 0 1588 1205 2245 
826 1483 1365 2384 559 1371 2526 1578 0 611 2382 
783 982 1154 1727 322 961 1828 1385 592 0 1657 
2349 1379 2939 1930 2338 2007 316 2606 2615 2067 0 
0 791 601 1667 273 666 1735 808 646 300 1554 
886 0 1266 1055 942 442 1164 1047 1240 779 985 
784 1386 0 2221 867 1167 2361 436 1285 1062 2180 
1574 977 1979 0 1729 1240 1509 1852 2042 1594 1328 
358 942 686 1810 0 694 1872 893 455 270 1684 
632 412 1036 1315 762 0 1369 731 1134 755 1188 
1794 1214 2202 1768 1959 1460 0 2090 2264 1819 306 
688 1031 405 1899 894 711 1979 0 1246 968 1775 
612 1194 962 2099 455 952 2117 1148 0 539 1937 
588 786 788 1647 278 738 1710 995 538 0 1529 
1611 1031 2047 1558 1766 1277 304 1902 2079 1631 0 
0 764 504 1598 272 570 1799 720 640 299 1512 
721 0 1101 1023 861 462 1197 989 1158 779 924 
411 1056 0 1845 618 780 2040 387 889 694 1774 
1478 921 1811 0 1624 1173 1572 1717 1909 1523 1285 
348 931 621 1721 0 674 1901 813 455 270 1650 
461 403 791 1249 601 0 1421 667 872 728 1134 
1549 1008 1897 1492 1695 1244 0 1788 1980 1596 306 
630 969 396 1763 795 686 1974 0 1074 918 1692 
590 1175 863 1965 455 920 2138 1064 0 539 1894 
559 755 699 1598 278 732 1776 916 538 0 1489 
1379 829 1709 1310 1525 1074 304 1618 1810 1422 0 
