15
5
10800
0
2015
2076
2293
2589
2646
2287
2070
1829
2456
2690
2658
2215
2440
2461
0 1024 872 1006 1125 1442 1423 1393 1152 765 1231 837 1083 1064 491 
949 0 755 875 343 802 762 440 432 463 544 1607 362 418 1274 
912 919 0 124 1081 1335 1316 1298 1075 704 1121 1596 1006 954 1263 
885 899 199 0 1056 1318 1299 1269 1040 685 1106 1596 971 939 1263 
1104 341 970 1088 0 1126 1096 445 704 649 816 1756 634 730 1423 
1444 771 1247 1364 1093 0 437 939 546 933 488 2088 553 535 1763 
1395 724 1223 1340 1048 409 0 949 566 881 496 2071 536 488 1714 
1373 436 1159 1276 426 980 1075 0 545 814 657 2045 475 696 1692 
1159 438 1013 1130 708 546 600 530 0 676 119 1870 75 207 1478 
713 468 571 691 603 888 848 839 604 0 671 1378 535 504 982 
1159 516 1013 1130 818 490 580 639 111 673 0 1870 185 247 1478 
837 1666 1518 1635 1773 2080 2038 2041 1787 1409 1866 0 1718 1699 852 
1104 368 939 1061 638 553 655 459 75 622 190 1756 0 262 1423 
1071 435 895 1016 752 516 476 651 207 592 253 1723 236 0 1390 
587 1271 1125 1242 1376 1680 1661 1641 1390 1017 1469 970 1321 1302 0 
0 1232 946 1046 1318 1705 1606 1647 1311 891 1406 1130 1228 1227 623 
1186 0 880 1009 474 1117 991 646 664 695 770 1870 573 621 1390 
1186 1248 0 133 1385 1724 1625 1663 1330 980 1425 1870 1247 1246 1390 
1151 1232 229 0 1353 1708 1609 1647 1314 944 1409 1870 1231 1230 1355 
1340 485 1113 1237 0 1485 1386 648 1027 784 1171 2020 933 1010 1544 
1847 1182 1594 1718 1577 0 668 1310 813 1305 721 2589 855 801 2123 
1740 1088 1448 1572 1493 604 0 1310 770 1224 698 2377 787 723 1983 
1661 597 1369 1493 613 1294 1284 0 725 1156 856 2295 634 890 1868 
1420 659 1156 1280 1092 684 810 622 0 845 131 2111 95 346 1624 
893 614 703 836 768 1237 1097 1106 792 0 870 1785 714 721 1250 
1483 714 1195 1319 1155 651 769 716 122 878 0 2127 193 348 1687 
1062 1890 1617 1741 1910 2308 2272 2302 1937 1533 2042 0 1849 1819 976 
1340 577 1069 1193 872 733 853 554 98 763 229 2020 0 439 1544 
1340 615 1113 1237 966 707 614 778 292 779 299 2020 310 0 1544 
749 1530 1261 1385 1603 1995 1959 1946 1576 1191 1671 1303 1493 1492 0 
0 1119 891 1024 1235 1607 1460 1498 1205 801 1289 885 1127 1098 543 
1137 0 947 1041 397 1072 979 613 682 575 799 1870 613 588 1455 
997 1077 0 129 1168 1524 1377 1441 1125 769 1206 1686 1047 1015 1250 
949 1047 198 0 1145 1497 1350 1421 1092 740 1179 1634 1014 988 1250 
1220 398 1044 1156 0 1334 1187 595 918 677 1020 1940 844 819 1538 
1651 1077 1445 1557 1384 0 574 1155 646 1169 615 2410 724 660 1981 
1601 1003 1390 1502 1313 508 0 1155 709 1116 616 2406 676 603 1981 
1512 543 1278 1390 532 1244 1152 0 680 1059 797 2221 602 775 1835 
1294 632 1126 1238 934 673 714 656 0 829 119 2001 116 260 1612 
789 534 593 722 687 1072 973 1008 671 0 788 1511 602 577 1078 
1294 725 1126 1238 1003 626 715 754 111 830 0 2001 214 276 1612 
920 1789 1561 1673 1860 2290 2116 2196 1847 1485 1938 0 1778 1749 982 
1220 536 1044 1156 835 733 790 560 91 750 208 1940 0 337 1538 
1197 613 1017 1129 895 657 575 775 265 718 313 1897 263 0 1515 
712 1428 1213 1325 1480 1896 1741 1818 1486 1115 1570 1101 1408 1379 0 
0 1185 938 1044 1349 1876 1688 1623 1438 887 1492 879 1308 1307 740 
1135 0 855 989 507 1129 1100 596 712 605 792 1785 610 612 1383 
1082 1107 0 134 1334 1721 1598 1545 1333 850 1387 1754 1203 1202 1329 
1046 1073 216 0 1334 1641 1552 1510 1253 812 1307 1699 1123 1122 1290 
1456 505 1177 1300 0 1519 1476 616 1125 799 1183 2101 995 998 1704 
1850 1080 1542 1665 1511 0 603 1255 738 1252 636 2486 771 692 2133 
1761 1013 1442 1565 1445 548 0 1255 709 1187 645 2416 697 617 2013 
1672 630 1353 1476 643 1229 1452 0 832 1090 954 2350 724 962 1929 
1514 654 1177 1300 1042 670 753 663 0 912 160 2173 82 300 1762 
951 602 702 836 782 1214 1177 1094 812 0 892 1616 727 712 1243 
1523 752 1207 1330 1122 610 753 771 119 926 0 2182 190 314 1771 
1021 1926 1634 1757 1995 2599 2441 2340 2113 1614 2174 0 2057 2001 968 
1456 572 1131 1254 961 739 799 581 109 852 231 2101 0 346 1704 
1417 653 1093 1216 1061 672 585 820 272 823 320 2092 293 0 1665 
769 1518 1246 1369 1666 2192 2069 1951 1771 1206 1829 1101 1641 1640 0 
0 1034 861 1006 1156 1536 1482 1413 1227 784 1311 872 1158 1142 538 
1121 0 841 971 367 888 1039 436 441 572 553 1735 371 584 1314 
1036 979 0 124 1133 1520 1408 1340 1211 758 1295 1641 1142 1126 1220 
1036 979 200 0 1116 1520 1389 1323 1211 741 1295 1630 1142 1103 1209 
1248 368 1034 1158 0 1158 1265 443 704 720 816 1870 634 884 1441 
1563 919 1290 1414 1233 0 514 969 576 1022 509 2186 593 557 1756 
1503 865 1258 1382 1158 414 0 1018 590 990 527 2142 566 507 1696 
1486 439 1209 1333 477 980 1159 0 545 940 657 2115 475 725 1679 
1302 527 1079 1203 729 546 708 558 0 789 119 1940 75 219 1495 
872 557 627 746 669 1140 1088 860 757 0 848 1469 687 673 1078 
1302 636 1079 1203 838 490 651 667 111 794 0 1940 185 259 1495 
889 1779 1544 1668 1860 2180 2154 2173 1870 1454 1956 0 1810 1785 923 
1248 456 1007 1131 658 553 763 487 75 718 190 1870 0 274 1441 
1248 600 1007 1131 884 598 587 717 219 708 265 1870 265 0 1441 
768 1431 1194 1318 1494 1858 1814 1829 1522 1106 1606 1040 1453 1437 0 
