11
5
10800
0
2015
2076
2293
2589
2646
2287
2070
1829
2456
2690
0 714 1078 434 515 711 1295 1681 885 211 1805 
653 0 1426 388 749 1064 1621 2066 1226 641 2180 
1051 1376 0 1091 865 446 1131 1554 1133 1141 1676 
435 391 1220 0 522 838 1400 1824 1016 423 1998 
534 754 935 554 0 563 1131 1464 1024 597 1586 
604 930 614 646 419 0 734 1067 674 691 1177 
1294 1632 1220 1347 1070 796 0 751 1339 1381 771 
1635 1984 1568 1688 1439 1148 776 0 1693 1722 437 
914 1235 1103 945 995 732 1265 1659 0 991 1781 
211 710 1220 430 622 847 1407 1842 1016 0 2010 
1635 1984 1568 1688 1439 1148 773 434 1693 1722 0 
0 906 1291 558 682 943 1503 1901 1133 316 2084 
874 0 1750 498 983 1351 1992 2375 1536 850 2509 
1399 1787 0 1418 1214 676 1433 1827 1520 1507 1955 
596 534 1482 0 664 1083 1696 2087 1283 565 2230 
754 993 1127 699 0 752 1367 1746 1298 839 1865 
713 1117 709 788 570 0 892 1303 885 832 1418 
1491 1916 1417 1510 1371 896 0 976 1573 1599 1004 
1975 2322 1883 2000 1806 1379 998 0 2030 2033 682 
1127 1527 1335 1158 1278 943 1503 1901 0 1253 2084 
282 935 1417 593 801 1033 1661 2052 1249 0 2196 
1872 2247 1788 1907 1717 1291 915 632 1963 1964 0 
0 797 1212 475 632 832 1397 1824 1025 326 2026 
808 0 1692 546 922 1309 1892 2333 1453 835 2449 
1198 1498 0 1244 993 502 1309 1678 1238 1257 1822 
568 437 1458 0 669 1075 1656 2128 1210 490 2198 
663 867 1093 628 0 706 1316 1717 1188 814 1848 
658 1008 682 690 491 0 871 1166 753 809 1290 
1442 1742 1364 1488 1268 881 0 924 1471 1501 1029 
1928 2217 1869 1933 1717 1330 956 0 1893 1977 574 
1028 1355 1247 1101 1138 837 1397 1824 0 1103 2026 
289 858 1399 536 815 1030 1607 2041 1168 0 2154 
1928 2217 1869 1933 1717 1330 948 567 1893 1977 0 
0 947 1270 584 678 899 1575 1971 1159 308 2056 
887 0 1772 504 928 1389 2052 2494 1591 872 2563 
1321 1674 0 1393 1028 518 1361 1739 1386 1422 1851 
613 521 1486 0 655 1103 1776 2192 1319 598 2261 
704 896 1151 631 0 768 1458 1786 1358 779 1926 
777 1182 713 820 492 0 925 1299 821 852 1419 
1590 1977 1407 1688 1308 893 0 871 1610 1717 917 
1992 2354 1774 2160 1702 1284 923 0 1947 2115 652 
1165 1591 1323 1233 1250 942 1575 1971 0 1262 2041 
347 956 1500 614 838 1117 1799 2211 1358 0 2280 
2030 2401 1861 2231 1759 1341 931 539 1993 2204 0 
0 797 1152 466 525 794 1429 1687 960 211 1767 
690 0 1499 404 752 1177 1762 2066 1275 684 2138 
1177 1553 0 1264 951 489 1283 1565 1188 1293 1645 
451 408 1271 0 522 957 1529 1786 1074 445 1867 
550 754 1001 554 0 645 1201 1492 1119 617 1572 
689 1082 660 850 459 0 852 1114 725 825 1194 
1426 1772 1302 1483 1161 880 0 770 1426 1512 829 
1889 2234 1750 1943 1638 1334 874 0 1876 1975 437 
1059 1455 1193 1166 1104 818 1415 1687 0 1195 1767 
238 777 1302 444 673 957 1552 1824 1102 0 1956 
1889 2234 1750 1943 1638 1334 780 434 1876 1975 0 
