23
10
5400
0
1085
1005
908
1075
1392
1002
1266
900
1124
929
915
1161
1436
1202
1285
1219
923
1471
1102
1292
1293
1310
0 758 916 709 668 846 88 1100 1245 1033 1287 673 785 474 1000 514 1312 1016 1226 948 414 476 762 
757 0 285 601 815 375 749 1783 1145 912 1392 563 1199 621 749 506 1198 1226 2052 836 451 499 541 
904 299 0 469 683 287 931 1727 998 774 1265 431 1161 489 612 489 1064 1074 2029 704 602 484 409 
724 644 590 0 409 399 726 1548 644 425 922 216 1035 336 357 287 706 923 1816 355 400 282 156 
645 805 751 410 0 689 664 1499 998 515 685 486 898 194 751 515 744 674 1716 701 628 510 545 
873 374 307 400 652 0 868 1698 981 743 1265 400 1161 458 412 458 1033 1037 1993 652 570 453 340 
89 746 963 740 706 884 0 1155 1269 1048 1317 704 813 512 1031 515 1336 1037 1264 1001 415 477 800 
1115 1788 1769 1564 1518 1712 1134 0 2120 1870 2022 1528 1391 1344 1856 1491 2146 1632 1492 1799 1394 1453 1629 
1550 1429 1266 896 1016 1109 1552 2411 0 592 974 1013 1828 1115 663 1113 733 1377 2600 509 1226 1108 887 
1080 1166 1022 606 509 828 1099 2000 591 0 487 722 1342 620 418 791 408 869 2191 259 912 786 642 
1244 1413 1354 927 679 1297 1263 1897 942 487 0 1044 1348 790 906 1112 377 711 2149 695 1225 1107 1062 
694 535 481 137 462 419 696 1510 661 442 932 0 990 276 423 257 723 880 1770 372 370 252 152 
690 1146 1132 940 892 1075 735 1330 1466 1247 1322 897 0 698 1228 845 1533 1016 1500 1177 748 807 986 
459 619 565 335 194 503 478 1330 872 619 789 292 712 0 634 329 848 689 1523 583 442 324 419 
1015 752 598 357 750 414 1025 1874 658 418 922 467 1309 625 0 576 720 1175 2128 244 689 571 346 
496 410 585 331 605 523 490 1499 855 636 1147 295 897 411 617 0 918 991 1716 566 113 163 426 
1313 1440 1339 899 738 1182 1332 2109 700 408 377 1015 1542 849 743 1084 0 908 2349 561 1197 1079 970 
926 1146 1092 893 658 1030 983 1499 1372 870 711 857 990 694 1174 856 906 0 1748 1073 972 851 951 
1139 1819 1794 1589 1543 1737 1158 1390 2120 1933 2053 1553 1463 1369 1879 1516 2177 1657 0 1828 1419 1478 1654 
1123 994 838 477 705 654 1124 2000 476 259 695 589 1411 733 244 684 538 1074 2240 0 797 679 468 
403 457 632 378 652 570 405 1414 942 683 1172 342 797 458 664 221 971 1016 1643 613 0 198 473 
533 454 534 280 554 472 534 1499 804 585 1070 244 924 360 566 44 866 940 1739 515 157 0 351 
780 566 512 151 539 333 799 1572 745 526 1015 163 1035 365 338 365 807 940 1834 456 478 360 0 
0 779 1073 802 805 936 88 1120 1387 1145 1514 756 839 486 1149 552 1433 1270 1714 1102 444 514 871 
776 0 401 654 1039 375 767 1829 1227 949 1458 577 1357 721 749 506 1272 1528 2311 914 452 499 578 
999 323 0 511 890 282 980 2019 1136 805 1327 434 1439 578 635 517 1116 1389 2495 771 657 542 435 
798 688 684 0 690 415 802 1780 755 459 964 233 1253 379 357 302 755 1214 2243 425 458 355 156 
826 1033 1051 592 0 887 810 1677 1227 640 787 637 1130 246 957 720 867 879 2156 855 876 773 720 
911 392 358 400 868 0 898 1918 1091 783 1285 412 1405 556 412 495 1097 1371 2427 652 583 520 340 
124 753 1067 800 833 900 0 1177 1387 1145 1514 754 867 514 1149 557 1433 1333 1720 1102 424 519 884 
1190 2027 2135 1904 1750 2080 1231 0 2445 2250 2205 1830 1495 1469 2234 1743 2414 1879 2007 2135 1587 1700 1925 
1490 1345 1318 796 1152 1197 1495 2565 0 695 1051 843 2052 1062 739 922 814 1650 3066 585 1088 953 926 
1072 990 939 442 578 804 1086 2136 663 0 487 489 1579 656 465 558 408 959 2635 345 714 611 570 
1520 1480 1453 955 742 1324 1617 2439 1018 487 0 970 1841 862 951 1049 377 776 2951 830 1215 1084 1068 
768 584 580 165 623 450 772 1737 755 459 964 0 1202 312 467 272 755 1160 2199 425 428 325 165 
823 1320 1480 1235 1113 1392 807 1391 1769 1527 1649 1154 0 836 1528 1012 1845 1265 1942 1484 859 969 1234 
588 783 779 450 319 649 572 1435 1055 723 1015 391 852 0 766 482 1061 894 2007 724 638 535 521 
1109 800 710 361 871 444 1121 2196 728 421 922 496 1610 689 0 591 728 1353 2662 244 747 644 350 
511 468 686 371 800 556 502 1563 981 665 1154 325 1045 488 673 0 971 1284 2064 631 158 173 455 
1427 1297 1270 749 801 1137 1453 2446 773 408 377 796 1898 925 749 865 0 957 2966 595 1047 921 877 
1593 1881 1847 1450 946 1745 1634 2075 1652 1076 795 1456 1316 1182 1456 1530 990 0 2599 1343 1689 1565 1565 
1366 2169 2363 2118 1970 2308 1407 1578 2666 2471 2408 2047 1685 1669 2455 1937 2582 2068 0 2356 1787 1894 2156 
1097 990 954 466 766 679 1116 2141 574 316 782 513 1604 680 244 582 574 1232 2662 0 738 635 468 
410 471 738 423 852 608 420 1488 1024 717 1205 377 889 540 725 228 1021 1335 2007 683 0 209 507 
553 512 642 327 756 512 544 1606 942 621 1149 281 1090 444 629 44 918 1242 2064 587 200 0 376 
880 609 605 158 757 333 884 1832 847 551 1059 169 1291 445 338 384 847 1242 2321 485 540 384 0 
0 947 1200 863 824 1080 134 1247 1473 1230 1553 806 983 561 1270 680 1595 1249 1518 1147 510 639 922 
997 0 414 813 1126 441 992 2132 1407 1164 1721 698 1519 821 988 684 1529 1507 2313 1081 578 668 707 
1245 482 0 686 972 356 1211 2077 1280 1068 1625 571 1521 694 911 672 1386 1391 2286 970 814 707 580 
976 826 764 0 568 522 977 1709 739 546 1174 291 1215 403 482 346 844 1133 2035 444 553 381 216 
889 1080 1082 640 0 906 956 1655 1308 772 922 695 1134 276 1115 670 971 940 1906 1036 877 705 813 
1154 499 496 519 890 0 1107 2077 1178 983 1540 504 1442 627 607 605 1327 1338 2240 885 703 640 434 
115 957 1257 906 867 1102 0 1247 1488 1245 1581 849 1038 604 1303 682 1610 1261 1523 1162 512 641 983 
1248 1972 1984 1687 1655 1836 1276 0 2246 2079 2151 1625 1561 1419 2069 1601 2334 1786 1660 1925 1509 1608 1745 
1556 1426 1448 879 1271 1294 1562 2419 0 796 1210 935 1919 1033 814 981 863 1722 2678 616 1102 988 1053 
1337 1202 1231 644 710 1080 1356 2186 757 0 693 683 1612 795 587 738 505 1267 2455 376 912 773 814 
1665 1887 1887 1363 969 1764 1754 2307 1178 649 0 1477 1767 1147 1217 1510 483 1013 2523 945 1631 1517 1533 
911 700 638 201 608 513 931 1655 762 569 1190 0 1162 345 579 288 867 1086 1906 467 495 323 222 
895 1386 1503 1181 1160 1349 986 1411 1755 1512 1582 1119 0 856 1571 1042 1825 1283 1671 1429 894 996 1239 
626 830 768 480 263 643 672 1387 1055 857 986 430 847 0 867 407 1116 908 1660 755 614 442 566 
1294 1091 834 442 1013 636 1307 2186 791 554 1190 646 1576 758 0 701 921 1446 2381 311 909 736 509 
652 481 717 395 733 592 675 1620 981 763 1362 338 1126 470 773 0 1056 1195 1845 661 207 170 515 
1595 1478 1500 930 1043 1346 1601 2479 842 500 577 966 1958 1126 914 1020 0 1214 2678 678 1141 1027 1090 
1182 1422 1444 1128 924 1290 1257 1726 1702 1241 1030 1066 1265 856 1518 1042 1278 0 2035 1376 1163 1049 1180 
1363 2098 2079 1830 1778 1965 1391 1548 2370 2214 2274 1748 1690 1542 2201 1724 2458 1928 0 2049 1632 1731 1901 
1218 1099 1136 538 914 954 1231 2077 544 405 922 577 1521 689 323 632 649 1391 2286 0 839 667 708 
513 567 803 481 819 678 536 1455 1026 849 1416 424 931 556 859 257 1124 1210 1697 747 0 248 601 
697 526 682 360 698 557 720 1668 942 728 1315 303 1162 435 738 45 1036 1173 1911 626 252 0 480 
1071 789 727 191 740 429 1115 1889 862 669 1241 262 1347 522 518 500 955 1249 2147 567 707 535 0 
0 1017 1164 847 858 1061 121 1239 1461 1286 1534 817 973 574 1214 735 1553 1152 1441 1145 544 693 932 
920 0 429 747 1063 529 1000 1890 1330 1133 1711 717 1382 789 1100 635 1422 1441 2134 1037 552 629 705 
1135 444 0 599 947 438 1164 1925 1173 990 1560 569 1428 641 754 607 1272 1277 2178 895 766 629 558 
928 804 786 0 623 583 968 1736 721 557 1217 320 1250 447 452 385 875 1122 2006 462 544 407 176 
812 1005 1028 630 0 918 834 1615 1274 731 852 665 1121 272 1067 638 987 923 1994 966 797 660 790 
1069 454 447 530 856 0 1098 1867 1098 929 1498 500 1353 572 587 538 1238 1203 2101 826 697 560 486 
131 1017 1221 931 950 1105 0 1299 1510 1335 1613 886 1015 643 1290 778 1602 1203 1546 1194 575 736 996 
1379 2168 2193 1822 1819 2134 1408 0 2427 2186 2253 1814 1686 1567 2178 1767 2499 1882 1784 2135 1623 1749 1937 
1524 1458 1415 836 1270 1288 1553 2291 0 775 1257 892 1799 1027 845 964 953 1642 2570 646 1114 978 1023 
1269 1151 1144 592 774 1005 1298 2071 731 0 580 648 1544 775 606 713 530 1216 2296 403 872 735 758 
1562 1779 1736 1183 903 1602 1645 2125 1173 639 0 1243 1634 1102 1195 1284 514 930 2385 912 1434 1298 1337 
868 651 633 170 659 584 890 1670 725 561 1217 0 1166 375 527 315 879 1091 1994 466 474 337 225 
887 1464 1462 1130 1116 1350 931 1456 1711 1536 1586 1116 0 848 1491 1068 1730 1194 1721 1395 930 1074 1232 
554 739 721 421 284 672 576 1363 998 828 999 395 820 0 794 380 1100 850 1614 733 539 402 532 
1253 1063 794 451 1033 661 1282 2071 798 602 1217 631 1528 758 0 696 953 1380 2283 322 855 718 467 
616 564 703 370 746 654 676 1600 942 761 1354 340 1064 462 727 0 1066 1133 1902 666 159 220 514 
1558 1472 1429 857 1025 1317 1587 2287 838 541 463 937 1844 1061 928 983 0 1138 2555 709 1133 997 1026 
1163 1398 1355 1034 817 1243 1224 1695 1615 1244 893 1020 1250 791 1395 977 1243 0 1994 1299 1127 991 1096 
1356 2144 2169 1806 1787 2110 1385 1556 2427 2186 2229 1792 1663 1544 2178 1744 2438 1864 0 2135 1600 1726 1907 
1206 1076 1074 521 1027 957 1235 2016 567 395 886 577 1482 704 332 642 721 1329 2235 0 801 664 687 
469 554 772 439 815 723 529 1456 998 830 1444 409 909 531 796 290 1151 1131 1721 735 0 285 583 
662 610 663 330 706 614 722 1635 885 721 1328 300 1121 422 687 46 1030 1110 1994 626 205 0 474 
980 712 694 188 775 456 1009 1815 830 666 1254 226 1281 498 482 464 987 1152 2056 571 623 486 0 
0 952 1084 836 835 1004 99 1249 1432 1213 1497 773 931 562 1181 741 1530 1151 1426 1182 559 704 908 
964 0 378 772 1078 451 962 2002 1306 1092 1594 658 1440 797 931 611 1404 1453 2250 1073 552 608 693 
1085 441 0 602 884 397 1136 1899 1178 932 1387 488 1417 627 808 596 1249 1238 2168 820 740 620 523 
955 771 727 0 610 543 1016 1703 750 522 1051 272 1214 446 411 366 836 1073 1978 415 510 390 176 
834 996 922 609 0 870 848 1607 1252 698 804 651 1131 280 1045 636 907 875 1882 922 780 660 743 
1106 427 409 437 919 0 1113 1911 1154 912 1361 504 1440 650 557 619 1233 1289 2191 795 714 643 348 
113 919 1174 912 903 1079 0 1309 1448 1229 1576 839 1036 628 1247 711 1546 1210 1494 1198 529 674 970 
1129 1904 1876 1609 1605 1836 1180 0 2523 1997 2062 1603 1509 1354 1969 1550 2249 1683 1545 1916 1432 1563 1662 
1469 1363 1337 836 1222 1302 1520 2270 0 661 1128 861 1787 997 839 942 864 1642 2611 608 1075 975 974 
1187 1065 1036 553 661 958 1238 2002 668 0 560 578 1512 730 562 650 495 1162 2288 275 794 674 687 
1400 1580 1554 1041 755 1519 1470 2002 1154 527 0 1097 1517 919 1022 1157 424 819 2288 756 1290 1184 1160 
874 649 605 213 629 556 888 1621 766 538 1059 0 1165 372 526 292 852 1025 1978 431 436 316 233 
821 1329 1337 1070 1116 1302 910 1408 1623 1404 1549 1064 0 810 1432 1007 1721 1188 1666 1373 861 1022 1126 
562 691 647 442 273 598 576 1370 998 767 1059 379 797 0 755 364 1101 753 1568 660 508 388 512 
1225 993 778 422 995 596 1276 2002 790 519 1064 607 1543 763 0 683 876 1373 2312 301 827 707 475 
604 498 657 403 738 608 654 1591 981 728 1216 340 1084 481 716 0 1050 1100 1876 621 157 218 473 
1469 1381 1355 847 914 1320 1520 2232 829 527 468 872 1770 997 917 944 0 1127 2553 627 1077 977 985 
1031 1300 1274 999 835 1239 1117 1621 1552 1095 847 989 1165 785 1361 942 1135 0 1978 1302 1075 975 1061 
1301 2087 2071 1790 1786 2031 1352 1582 2742 2174 2219 1784 1679 1535 2157 1731 2426 1860 0 2065 1613 1744 1861 
1187 1065 1007 552 914 893 1238 2002 593 305 801 577 1505 729 325 649 679 1339 2288 0 793 673 634 
450 481 721 467 802 672 500 1430 1026 792 1278 404 871 545 780 269 1135 1092 1666 685 0 262 537 
636 539 600 346 681 551 686 1619 899 671 1158 283 1086 424 659 45 990 1065 1978 564 189 0 416 
965 663 619 207 750 452 1016 1745 856 628 1158 190 1288 493 461 462 943 1108 2068 521 606 486 0 
0 954 1140 839 809 1077 134 1180 1451 1261 1529 817 960 529 1158 668 1522 1174 1357 1151 515 630 929 
933 0 373 809 1120 454 900 2030 1385 1195 1718 722 1422 858 957 631 1456 1497 2198 1085 532 645 697 
1168 408 0 643 978 344 1201 2030 1195 1026 1538 556 1463 692 792 652 1276 1332 2243 897 779 690 531 
1037 820 756 0 595 503 1060 1760 788 563 1077 318 1224 446 470 391 830 1072 1994 439 562 429 210 
873 1062 1047 619 0 955 956 1621 1269 695 806 725 1098 261 1044 689 954 855 1816 952 860 727 771 
1084 443 457 490 948 0 1117 2030 1171 1004 1522 527 1440 663 561 623 1260 1299 2198 827 691 661 403 
98 919 1140 855 825 1077 0 1239 1451 1261 1540 833 962 545 1185 715 1522 1174 1368 1151 536 677 945 
1237 1992 2204 1739 1672 1989 1276 0 2377 2182 2099 1705 1533 1422 2125 1641 2378 1743 1609 2047 1513 1603 1794 
1651 1552 1540 957 1389 1450 1690 2429 0 784 1226 992 1872 1142 947 1070 962 1784 2648 729 1242 1083 1101 
1269 1123 1083 552 705 1011 1308 2085 742 0 514 612 1509 740 535 685 482 1142 2268 341 856 723 704 
1616 1800 1788 1195 932 1683 1655 2139 1322 659 0 1231 1648 1057 1184 1318 575 995 2411 1002 1490 1331 1341 
997 654 590 172 687 549 1020 1721 775 550 1026 0 1176 408 547 353 817 1044 1994 426 524 391 217 
866 1339 1520 1179 1089 1454 975 1400 1746 1556 1608 1145 0 827 1497 1056 1809 1224 1609 1446 898 1018 1234 
624 812 748 498 280 707 653 1379 1068 772 932 476 857 0 873 440 1070 782 1609 752 611 478 584 
1285 1009 750 479 1023 603 1324 2085 837 542 1080 632 1525 760 0 705 886 1398 2294 309 876 743 530 
636 451 682 386 759 641 610 1646 998 764 1301 364 1098 479 761 0 1039 1111 1843 640 171 220 493 
1616 1537 1515 929 927 1430 1655 2298 942 490 447 967 1797 1057 941 1070 0 1142 2551 723 1242 1083 1097 
1192 1466 1444 1109 903 1378 1239 1684 1676 1238 890 1075 1184 814 1427 1049 1269 0 1891 1376 1216 1062 1158 
1378 2112 2327 1926 1819 2100 1417 1563 2494 2299 2206 1865 1638 1568 2283 1787 2492 1894 0 2164 1659 1749 1950 
1263 1117 1083 546 942 925 1302 2085 593 305 765 606 1503 734 331 679 635 1384 2262 0 850 717 698 
516 518 779 483 856 730 504 1532 1057 861 1388 461 978 576 858 284 1126 1213 1705 737 0 298 590 
680 495 635 339 712 594 654 1684 942 717 1220 317 1140 432 714 44 988 1057 1891 593 215 0 446 
1091 731 678 181 765 390 1130 1865 942 688 1192 262 1327 552 492 512 956 1194 2074 564 683 546 0 
0 898 1203 866 864 1120 152 1319 1481 1278 1551 853 961 599 1183 624 1564 1258 1684 1141 518 585 951 
894 0 416 771 1161 469 972 2012 1379 1185 1657 705 1370 851 990 586 1462 1541 2228 1039 482 617 691 
1221 485 0 628 1013 370 1276 2070 1246 1052 1503 562 1456 708 743 636 1317 1392 2293 913 811 643 582 
949 836 798 0 606 575 1020 1876 765 510 1051 304 1258 480 416 375 777 1208 2132 410 558 382 208 
855 1106 1072 690 0 1034 910 1669 1288 708 854 743 1087 274 1044 700 933 895 1990 941 883 707 839 
1171 531 459 594 977 0 1206 2070 1222 1026 1503 547 1456 693 529 621 1300 1391 2293 829 742 628 461 
109 891 1269 955 958 1119 0 1381 1565 1362 1578 933 1054 675 1259 647 1648 1283 1684 1225 541 608 1019 
1248 1895 2143 1806 1749 2115 1260 0 2413 2175 2126 1796 1492 1454 2172 1636 2376 1840 1684 2124 1469 1598 1864 
1926 1780 1543 1172 1312 1368 1943 2979 0 674 1191 1240 2217 1426 798 1299 842 1837 3172 595 1465 1331 1286 
1432 1502 1263 864 715 1069 1499 2272 758 0 592 1037 1669 846 476 1117 514 1242 2530 398 1283 1149 909 
1586 1780 1740 1172 847 1565 1655 2194 1261 549 0 1240 1646 1001 1015 1299 522 930 2436 896 1465 1331 1361 
926 701 663 182 621 578 990 1792 811 556 1143 0 1175 370 503 340 823 1159 2023 456 523 347 231 
859 1274 1458 1126 1161 1383 952 1466 1741 1538 1551 1116 0 857 1435 1028 1844 1233 1707 1401 889 990 1225 
595 862 824 490 265 739 648 1398 1126 811 974 477 849 0 817 440 1110 813 1684 770 623 447 579 
1338 1075 811 468 1062 607 1378 2255 816 497 1051 664 1626 850 0 735 828 1547 2530 301 925 742 512 
595 480 771 396 797 686 666 1634 1035 770 1334 383 1087 532 717 0 1075 1231 1898 670 183 222 521 
1700 1780 1605 1172 929 1430 1767 2426 893 485 518 1240 1857 1113 878 1299 0 1141 2603 679 1465 1331 1358 
1181 1476 1458 1126 960 1383 1270 1768 1741 1271 816 1116 1220 875 1435 1069 1183 0 2008 1401 1185 1101 1225 
1396 2033 2334 1977 1883 2306 1408 1583 2557 2319 2267 1947 1652 1603 2316 1785 2547 1923 0 2268 1618 1747 2021 
1543 1390 1086 707 1001 957 1583 2457 585 279 851 868 1857 1064 319 942 597 1503 2657 0 1108 974 751 
467 476 813 469 870 725 538 1553 1096 843 1370 456 952 605 790 265 1142 1231 1770 743 0 256 594 
645 530 733 374 775 648 716 1682 1003 748 1307 361 1119 510 695 50 1065 1210 1990 648 233 0 469 
1062 748 710 193 773 438 1113 2012 899 644 1196 232 1304 554 436 482 944 1258 2162 544 665 489 0 
0 872 1218 1058 1098 1178 88 1356 1641 1466 1687 1016 1049 743 1318 702 1713 1292 1454 1344 515 687 1053 
911 0 443 823 1324 479 887 2134 1497 1339 1864 754 1698 1045 861 585 1569 1766 2265 1114 499 591 661 
1122 398 0 723 1211 390 1135 2374 1400 1222 1739 633 1863 944 712 754 1472 1636 2543 979 738 771 561 
920 808 749 0 667 521 898 2134 789 636 1175 343 1379 533 361 363 848 1292 2234 489 476 383 199 
799 1185 1308 590 0 1031 870 1783 1167 630 922 707 1138 241 956 770 971 965 1963 860 883 790 745 
1033 419 450 517 1205 0 1046 2260 1186 983 1500 605 1824 888 439 720 1254 1614 2399 717 634 726 407 
117 860 1218 1051 1164 1178 0 1373 1634 1479 1822 1009 1118 836 1311 690 1706 1409 1563 1337 503 675 1044 
1278 2046 2386 2108 2072 2296 1294 0 2889 2616 2497 2157 1650 1889 2441 1853 2654 2130 1563 2547 1687 1815 2190 
1848 1614 1425 1049 1271 1201 1864 2981 0 725 1099 1230 2479 1370 774 1296 801 1690 2984 574 1409 1314 1121 
1374 1394 1186 806 677 981 1422 2433 654 0 574 967 1898 803 513 1009 522 1115 2566 336 1122 1027 889 
1579 1763 1724 1162 811 1500 1627 2433 1124 540 0 1255 1653 1007 1060 1321 512 917 2575 786 1434 1339 1293 
869 690 862 200 736 621 851 2005 827 674 1175 0 1214 425 463 316 886 1183 2125 527 429 336 186 
844 1406 1730 1405 1341 1681 900 1525 1989 1762 1938 1363 0 1032 1665 1132 2048 1260 1668 1691 964 1094 1453 
571 1011 1123 479 358 924 642 1525 1153 715 1070 466 928 0 774 552 1048 940 1659 838 659 572 585 
1157 888 642 416 1019 569 1170 2302 777 589 1065 600 1765 801 0 620 836 1528 2470 279 733 640 499 
568 464 794 578 1098 689 550 1662 1228 1052 1526 524 1126 796 841 0 1286 1415 1834 914 113 187 550 
1647 1703 1514 1135 914 1290 1695 2645 750 480 512 1255 1948 1075 851 1321 0 1104 2823 635 1434 1339 1201 
1237 1654 1690 1310 886 1583 1311 2070 1578 1051 783 1268 1202 1032 1422 1240 1005 0 2222 1297 1274 1257 1334 
1782 2535 2868 2576 2550 2774 1798 2005 3277 2993 2970 2604 2135 2309 2944 2353 3256 2600 0 2988 2199 2315 2629 
1307 1176 937 585 1019 857 1320 2486 543 399 964 757 1898 958 292 777 602 1442 2633 0 890 797 668 
470 511 841 631 1054 742 452 1595 1253 1052 1569 577 1049 703 894 234 1325 1292 1752 956 0 240 603 
612 508 838 466 994 649 594 1763 1124 936 1428 416 1202 684 729 44 1161 1433 1937 793 157 0 442 
1043 654 688 166 815 443 1056 2199 942 760 1288 244 1653 669 413 511 972 1433 2338 580 624 531 0 
0 758 1015 761 768 918 88 1189 1414 1112 1326 729 814 475 1076 514 1405 1043 1263 1157 414 476 846 
757 0 313 623 931 376 749 1829 1220 980 1466 572 1263 655 750 506 1280 1258 1935 941 454 500 563 
958 318 0 495 794 289 967 1829 1068 848 1336 444 1239 527 641 521 1145 1143 1935 808 634 516 437 
761 681 622 0 478 399 763 1679 696 476 1015 216 1091 370 361 324 758 984 1771 436 437 319 156 
710 1007 1022 424 0 803 729 1622 1026 530 725 556 1035 243 769 633 794 771 1714 715 746 628 559 
884 388 316 416 757 0 876 1799 1047 808 1307 407 1206 490 412 484 1116 1102 1923 658 581 479 340 
89 746 999 762 796 898 0 1189 1414 1139 1354 730 842 503 1076 515 1432 1074 1299 1157 415 477 847 
1115 1831 1839 1615 1617 1766 1134 0 2169 1948 2053 1577 1394 1413 1907 1528 2177 1624 1408 1928 1431 1490 1683 
1580 1434 1266 896 1039 1092 1582 2410 0 592 974 1013 1855 1135 663 1117 733 1426 2551 509 1230 1112 887 
1148 1170 1022 606 587 828 1167 2055 591 0 508 738 1406 676 418 815 423 936 2147 288 935 810 642 
1316 1502 1457 938 727 1332 1335 2000 981 487 0 1059 1389 843 906 1137 403 711 2064 724 1250 1132 1076 
704 566 560 144 560 436 706 1622 717 497 1015 0 1035 313 458 267 779 923 1714 457 380 262 152 
715 1173 1346 1096 1024 1275 747 1387 1666 1377 1376 1074 0 729 1402 875 1581 1074 1472 1409 778 837 1192 
475 778 772 344 293 648 494 1387 998 636 922 355 758 0 689 461 945 758 1539 727 530 456 479 
1039 766 598 366 836 414 1038 1909 660 425 932 476 1343 644 0 598 722 1258 2054 246 711 593 355 
496 410 653 349 705 539 490 1582 942 702 1188 317 946 438 663 0 995 1051 1666 662 113 167 448 
1365 1470 1339 899 786 1165 1384 2238 700 408 377 1029 1623 902 743 1105 0 935 2350 589 1218 1100 970 
996 1367 1322 1100 832 1251 1035 1642 1443 892 711 1062 1078 795 1238 1061 960 0 1734 1137 1060 1056 1168 
1358 2073 2094 1878 1863 2028 1377 1625 2420 2198 2203 1830 1649 1659 2169 1774 2409 1876 0 2158 1677 1736 1931 
1137 1007 838 477 762 654 1139 2055 485 285 742 589 1438 742 244 696 547 1145 2147 0 809 691 468 
403 457 700 398 754 586 405 1497 981 751 1265 366 845 487 712 223 1045 1074 1576 711 0 198 496 
533 454 620 294 650 496 534 1607 867 647 1147 262 971 383 608 44 929 1016 1699 607 157 0 370 
849 587 583 151 608 333 854 1717 795 575 1070 163 1164 421 342 415 857 1037 1816 505 510 388 0 
0 758 895 700 659 838 88 1100 1229 1033 1287 664 822 465 988 514 1296 991 1302 941 414 476 753 
757 0 285 608 835 375 749 1746 1145 918 1403 563 1231 641 749 506 1208 1226 1984 843 451 499 556 
936 299 0 483 710 285 955 1721 1024 788 1280 438 1231 516 612 503 1088 1085 1970 718 616 498 431 
744 651 592 0 437 399 746 1572 644 425 922 216 1077 348 357 307 711 931 1834 355 420 302 156 
652 811 752 410 0 695 671 1499 998 515 685 486 969 194 751 520 744 741 1733 701 633 515 545 
876 374 307 400 677 0 868 1688 981 755 1265 405 1189 483 412 470 1044 1051 1959 652 570 465 340 
89 746 928 728 687 866 0 1100 1255 1033 1287 692 850 493 1023 515 1322 1016 1345 971 415 477 781 
1086 1774 1763 1553 1496 1703 1105 0 2078 1870 1930 1517 1370 1334 1840 1467 2145 1590 1506 1788 1370 1429 1616 
1273 1191 1135 706 1016 1074 1275 2109 0 592 974 756 1597 886 665 830 738 1377 2297 509 954 825 841 
982 899 840 417 509 782 980 1794 591 0 487 467 1295 597 418 541 408 869 2042 259 654 536 552 
1248 1394 1338 906 679 1274 1267 1897 942 487 0 955 1403 790 906 1027 377 738 2114 695 1140 1022 1040 
694 536 477 137 476 420 696 1525 661 442 932 0 1053 290 423 257 728 881 1777 372 370 252 152 
690 1146 1135 940 892 1075 735 1269 1466 1247 1322 897 0 698 1228 845 1533 1016 1526 1177 748 807 986 
466 625 566 340 194 509 485 1330 872 619 789 292 782 0 634 334 848 688 1528 583 447 329 423 
1039 752 598 357 778 414 1053 1866 658 418 922 467 1340 658 0 602 725 1175 2082 244 715 597 346 
496 410 581 331 615 524 490 1499 855 636 1147 295 960 421 617 0 923 991 1710 566 113 163 426 
1300 1215 1159 729 738 1095 1302 2109 700 408 377 779 1593 849 745 853 0 947 2297 561 967 848 864 
984 1191 1135 940 743 1075 1035 1548 1373 874 713 909 1077 739 1175 900 914 0 1797 1074 1013 895 991 
1138 1831 1816 1601 1544 1751 1157 1390 2129 1933 2053 1565 1416 1382 1888 1515 2177 1638 0 1841 1418 1477 1664 
974 893 834 411 705 656 980 1791 476 259 695 461 1295 591 246 535 543 1074 2038 0 648 530 487 
403 457 628 378 662 571 405 1368 942 683 1172 342 860 468 664 221 971 1016 1637 613 0 198 473 
533 454 530 280 564 473 534 1499 804 585 1070 244 990 370 566 44 871 940 1733 515 157 0 351 
798 565 506 151 567 333 805 1581 745 526 1015 163 1087 379 338 366 812 960 1834 456 479 361 0 
