23
15
3600
0
1167
960
1381
1415
1320
1467
920
1381
1152
1451
1424
1060
1458
1210
1437
1475
1275
946
1166
1387
1385
1128
0 758 916 709 668 846 88 1100 1245 1033 1287 673 785 474 1000 514 1312 1016 1226 948 414 476 762 
757 0 285 601 815 375 749 1783 1145 912 1392 563 1199 621 749 506 1198 1226 2052 836 451 499 541 
904 299 0 469 683 287 931 1727 998 774 1265 431 1161 489 612 489 1064 1074 2029 704 602 484 409 
724 644 590 0 409 399 726 1548 644 425 922 216 1035 336 357 287 706 923 1816 355 400 282 156 
645 805 751 410 0 689 664 1499 998 515 685 486 898 194 751 515 744 674 1716 701 628 510 545 
873 374 307 400 652 0 868 1698 981 743 1265 400 1161 458 412 458 1033 1037 1993 652 570 453 340 
89 746 963 740 706 884 0 1155 1269 1048 1317 704 813 512 1031 515 1336 1037 1264 1001 415 477 800 
1115 1788 1769 1564 1518 1712 1134 0 2120 1870 2022 1528 1391 1344 1856 1491 2146 1632 1492 1799 1394 1453 1629 
1550 1429 1266 896 1016 1109 1552 2411 0 592 974 1013 1828 1115 663 1113 733 1377 2600 509 1226 1108 887 
1080 1166 1022 606 509 828 1099 2000 591 0 487 722 1342 620 418 791 408 869 2191 259 912 786 642 
1244 1413 1354 927 679 1297 1263 1897 942 487 0 1044 1348 790 906 1112 377 711 2149 695 1225 1107 1062 
694 535 481 137 462 419 696 1510 661 442 932 0 990 276 423 257 723 880 1770 372 370 252 152 
690 1146 1132 940 892 1075 735 1330 1466 1247 1322 897 0 698 1228 845 1533 1016 1500 1177 748 807 986 
459 619 565 335 194 503 478 1330 872 619 789 292 712 0 634 329 848 689 1523 583 442 324 419 
1015 752 598 357 750 414 1025 1874 658 418 922 467 1309 625 0 576 720 1175 2128 244 689 571 346 
496 410 585 331 605 523 490 1499 855 636 1147 295 897 411 617 0 918 991 1716 566 113 163 426 
1313 1440 1339 899 738 1182 1332 2109 700 408 377 1015 1542 849 743 1084 0 908 2349 561 1197 1079 970 
926 1146 1092 893 658 1030 983 1499 1372 870 711 857 990 694 1174 856 906 0 1748 1073 972 851 951 
1139 1819 1794 1589 1543 1737 1158 1390 2120 1933 2053 1553 1463 1369 1879 1516 2177 1657 0 1828 1419 1478 1654 
1123 994 838 477 705 654 1124 2000 476 259 695 589 1411 733 244 684 538 1074 2240 0 797 679 468 
403 457 632 378 652 570 405 1414 942 683 1172 342 797 458 664 221 971 1016 1643 613 0 198 473 
533 454 534 280 554 472 534 1499 804 585 1070 244 924 360 566 44 866 940 1739 515 157 0 351 
780 566 512 151 539 333 799 1572 745 526 1015 163 1035 365 338 365 807 940 1834 456 478 360 0 
0 758 1006 744 659 936 88 1110 1331 1071 1287 704 805 465 1072 514 1382 1227 1347 1001 414 476 829 
757 0 291 634 884 390 749 1815 1206 970 1446 588 1272 690 765 506 1253 1406 2281 882 451 499 556 
974 299 0 529 779 309 970 1897 1068 845 1330 483 1349 585 612 555 1150 1317 2389 777 666 550 451 
734 670 622 0 409 407 736 1655 651 430 922 216 1104 343 357 297 718 1061 2107 362 414 292 156 
668 957 916 437 0 824 687 1542 1026 515 685 486 963 194 778 613 744 773 1883 715 704 608 572 
904 392 322 401 734 0 893 1851 1024 783 1280 438 1302 540 413 510 1083 1278 2349 653 595 505 341 
89 746 994 745 687 918 0 1110 1331 1071 1294 705 833 493 1072 515 1382 1236 1354 1001 415 477 831 
1192 1819 2070 1750 1657 1956 1271 0 2371 2075 2185 1712 1459 1439 2062 1520 2371 1886 1535 2041 1418 1482 1845 
1303 1227 1211 703 1016 1106 1321 2249 0 592 974 752 1654 887 663 831 738 1473 2827 509 961 826 838 
982 919 883 414 509 800 991 1897 591 0 487 463 1349 598 418 542 408 889 2389 259 659 537 549 
1383 1434 1418 900 679 1308 1469 2131 942 487 0 959 1583 790 906 1043 377 716 2675 695 1181 1066 1044 
704 580 548 137 462 476 706 1611 674 453 939 0 1069 276 446 267 741 1031 2067 385 384 262 152 
714 1160 1302 1030 919 1217 757 1369 1612 1354 1579 992 0 713 1353 860 1663 1124 1715 1282 763 822 1101 
482 748 716 340 194 644 501 1369 885 627 797 292 774 0 657 419 856 815 1607 596 518 414 423 
1027 778 598 357 750 422 1028 2000 658 418 922 467 1382 642 0 586 725 1258 2449 244 703 581 346 
500 414 629 340 639 558 494 1542 877 656 1147 300 958 445 649 0 949 1148 1883 588 117 167 431 
1340 1250 1234 726 738 1129 1354 2249 700 408 377 775 1654 849 743 854 0 941 2827 561 993 849 861 
1119 1509 1493 1125 786 1408 1178 1719 1420 875 711 1185 1143 952 1191 1196 935 0 2197 1090 1153 1197 1264 
1245 1894 2143 1811 1717 2013 1324 1424 2421 2125 2247 1772 1512 1499 2133 1580 2421 1951 0 2091 1478 1542 1904 
974 910 838 408 705 662 983 1897 476 259 695 457 1349 592 244 536 543 1097 2389 0 653 531 468 
403 457 672 383 670 601 405 1411 942 699 1188 343 843 476 692 221 1001 1227 1715 631 0 198 474 
536 458 582 288 587 510 538 1542 825 604 1110 248 974 393 597 44 892 1112 1906 536 161 0 354 
820 579 548 151 539 341 822 1719 752 531 1051 163 1199 413 338 383 819 1139 2197 462 494 372 0 
0 919 1224 925 823 1108 116 1174 1522 1329 1509 883 909 517 1301 708 1551 1184 1691 1221 543 665 1000 
829 0 405 719 1060 465 836 1893 1283 1104 1615 631 1311 769 950 614 1312 1539 2279 984 466 606 624 
1134 451 0 592 944 362 1193 2160 1184 970 1497 504 1622 642 729 612 1194 1390 2582 830 742 657 497 
1099 865 748 0 770 479 1158 2101 811 616 1200 317 1533 549 465 503 859 1296 2490 501 674 548 184 
1225 1350 1346 746 0 1241 1280 2046 1368 805 922 849 1418 455 1135 1015 1002 985 2364 1013 1167 1058 880 
1065 501 463 525 929 0 1124 2155 1150 923 1472 475 1571 613 581 583 1155 1371 2516 801 685 628 408 
142 931 1298 1020 920 1124 0 1235 1605 1412 1599 989 989 606 1384 733 1634 1281 1761 1304 556 690 1083 
1264 2149 2086 1793 1734 2014 1319 0 2350 2161 2189 1763 1504 1449 2174 1753 2434 1863 1973 2063 1623 1709 1854 
2011 1703 1498 1087 1280 1304 2033 2991 0 664 1113 1300 2400 1420 769 1391 849 1833 3358 576 1543 1434 1124 
1583 1441 1175 813 655 1042 1638 2360 698 0 563 991 1783 830 487 1134 476 1244 2771 373 1286 1177 830 
1727 1810 1695 1172 789 1501 1782 2215 1150 516 0 1324 1672 1022 1003 1415 444 877 2674 888 1567 1458 1352 
968 686 649 228 725 562 1029 1947 776 581 1109 0 1372 419 565 386 824 1154 2349 466 557 431 183 
1027 1611 1632 1344 1244 1527 1082 1540 1929 1736 1708 1314 0 959 1708 1243 1953 1351 1973 1628 1113 1199 1405 
753 919 874 533 306 819 794 1540 1094 859 1024 432 960 0 872 568 1140 848 1973 773 739 613 579 
1382 996 688 425 1004 545 1441 2276 763 528 1078 585 1741 797 0 751 814 1560 2674 289 935 796 442 
581 450 767 477 888 673 588 1594 1035 830 1394 406 1062 582 814 0 1101 1336 2044 715 172 221 553 
1870 1755 1550 1172 879 1356 1931 2399 816 440 420 1324 1896 1078 855 1415 0 1080 2771 704 1567 1458 1212 
1416 1580 1576 1288 920 1471 1471 1893 1842 1207 893 1258 1295 959 1591 1248 1109 0 2279 1469 1400 1291 1349 
1338 2237 2164 1906 1824 2077 1393 1505 2454 2265 2329 1850 1594 1544 2280 1854 2527 2014 0 2167 1718 1809 1969 
1564 1219 971 612 868 818 1623 2507 535 289 822 771 1988 998 286 942 583 1456 2888 0 1094 985 629 
456 484 798 508 929 724 463 1452 1071 861 1422 437 891 613 845 235 1128 1184 1973 746 0 244 584 
627 496 678 388 799 623 634 1654 942 741 1310 317 1096 493 725 46 996 1247 2088 626 217 0 464 
1074 707 670 168 840 379 1133 2101 887 692 1237 207 1508 534 476 504 946 1281 2490 577 675 549 0 
0 947 1200 863 824 1080 134 1247 1473 1230 1553 806 983 561 1270 680 1595 1249 1518 1147 510 639 922 
997 0 414 813 1126 441 992 2132 1407 1164 1721 698 1519 821 988 684 1529 1507 2313 1081 578 668 707 
1245 482 0 686 972 356 1211 2077 1280 1068 1625 571 1521 694 911 672 1386 1391 2286 970 814 707 580 
976 826 764 0 568 522 977 1709 739 546 1174 291 1215 403 482 346 844 1133 2035 444 553 381 216 
889 1080 1082 640 0 906 956 1655 1308 772 922 695 1134 276 1115 670 971 940 1906 1036 877 705 813 
1154 499 496 519 890 0 1107 2077 1178 983 1540 504 1442 627 607 605 1327 1338 2240 885 703 640 434 
115 957 1257 906 867 1102 0 1247 1488 1245 1581 849 1038 604 1303 682 1610 1261 1523 1162 512 641 983 
1248 1972 1984 1687 1655 1836 1276 0 2246 2079 2151 1625 1561 1419 2069 1601 2334 1786 1660 1925 1509 1608 1745 
1556 1426 1448 879 1271 1294 1562 2419 0 796 1210 935 1919 1033 814 981 863 1722 2678 616 1102 988 1053 
1337 1202 1231 644 710 1080 1356 2186 757 0 693 683 1612 795 587 738 505 1267 2455 376 912 773 814 
1665 1887 1887 1363 969 1764 1754 2307 1178 649 0 1477 1767 1147 1217 1510 483 1013 2523 945 1631 1517 1533 
911 700 638 201 608 513 931 1655 762 569 1190 0 1162 345 579 288 867 1086 1906 467 495 323 222 
895 1386 1503 1181 1160 1349 986 1411 1755 1512 1582 1119 0 856 1571 1042 1825 1283 1671 1429 894 996 1239 
626 830 768 480 263 643 672 1387 1055 857 986 430 847 0 867 407 1116 908 1660 755 614 442 566 
1294 1091 834 442 1013 636 1307 2186 791 554 1190 646 1576 758 0 701 921 1446 2381 311 909 736 509 
652 481 717 395 733 592 675 1620 981 763 1362 338 1126 470 773 0 1056 1195 1845 661 207 170 515 
1595 1478 1500 930 1043 1346 1601 2479 842 500 577 966 1958 1126 914 1020 0 1214 2678 678 1141 1027 1090 
1182 1422 1444 1128 924 1290 1257 1726 1702 1241 1030 1066 1265 856 1518 1042 1278 0 2035 1376 1163 1049 1180 
1363 2098 2079 1830 1778 1965 1391 1548 2370 2214 2274 1748 1690 1542 2201 1724 2458 1928 0 2049 1632 1731 1901 
1218 1099 1136 538 914 954 1231 2077 544 405 922 577 1521 689 323 632 649 1391 2286 0 839 667 708 
513 567 803 481 819 678 536 1455 1026 849 1416 424 931 556 859 257 1124 1210 1697 747 0 248 601 
697 526 682 360 698 557 720 1668 942 728 1315 303 1162 435 738 45 1036 1173 1911 626 252 0 480 
1071 789 727 191 740 429 1115 1889 862 669 1241 262 1347 522 518 500 955 1249 2147 567 707 535 0 
0 1037 1086 813 836 1021 133 1324 1383 1185 1560 777 970 560 1189 673 1477 1175 1506 1069 529 640 897 
991 0 424 771 1087 498 1019 2053 1348 1150 1644 703 1448 805 1045 621 1442 1469 2206 1034 586 610 715 
1147 408 0 616 919 396 1195 1935 1195 984 1515 548 1416 650 849 633 1291 1338 2155 869 845 656 561 
1009 807 789 0 596 578 1088 1842 726 524 1062 291 1225 463 493 421 840 1161 2015 416 633 444 194 
842 998 965 643 0 887 923 1739 1266 756 875 647 1109 266 1060 626 931 940 1884 939 838 649 767 
1134 456 388 512 875 0 1182 1904 1128 929 1458 497 1368 599 606 582 1232 1268 2123 818 762 605 432 
129 1005 1170 875 898 1072 0 1384 1447 1249 1560 839 1023 622 1274 672 1541 1221 1511 1133 528 639 974 
1219 1982 1952 1648 1662 1895 1267 0 2205 2067 2086 1607 1554 1396 2024 1596 2336 1734 1642 1970 1449 1597 1737 
1842 1756 1664 1112 1277 1423 1879 2650 0 676 1161 1200 2128 1349 806 1290 857 1778 2919 570 1425 1307 1204 
1361 1472 1386 819 720 1184 1409 2230 686 0 646 966 1629 813 584 1070 528 1198 2409 314 1205 1087 949 
1485 1737 1681 1144 824 1601 1552 2053 1170 571 0 1200 1557 967 1122 1290 464 935 2256 837 1425 1307 1322 
885 669 651 189 644 578 967 1764 752 550 1074 0 1136 368 570 308 866 1034 1901 442 520 331 259 
847 1389 1376 1079 1125 1296 956 1533 1644 1446 1560 1038 0 818 1470 1036 1738 1198 1642 1330 882 994 1171 
591 727 709 432 276 636 668 1509 998 793 922 396 816 0 813 375 1028 848 1642 685 587 398 516 
1203 1049 848 401 973 658 1251 2053 778 523 1138 588 1472 711 0 651 921 1390 2249 327 863 674 456 
624 507 711 392 753 638 656 1739 981 753 1293 356 1109 477 773 0 1087 1140 1884 645 221 203 505 
1607 1756 1700 1164 957 1596 1655 2293 866 531 476 1200 1792 1070 977 1290 0 1163 2544 690 1425 1307 1342 
1174 1363 1307 1030 868 1227 1251 1842 1595 1243 894 989 1225 804 1421 983 1148 0 1995 1281 1118 1000 1110 
1314 2067 2055 1741 1755 2023 1362 1617 2336 2172 2150 1700 1611 1489 2127 1689 2427 1835 0 2077 1542 1690 1828 
1385 1301 1168 628 970 963 1433 2230 557 333 875 778 1653 922 351 841 671 1488 2409 0 990 864 706 
476 542 802 483 844 729 540 1619 1055 844 1364 447 929 568 864 272 1180 1161 1747 736 0 239 596 
669 553 646 327 688 573 701 1774 890 688 1216 291 1136 412 708 46 1032 1071 1995 580 258 0 440 
1023 738 720 203 769 456 1113 1842 843 641 1161 222 1255 496 536 479 977 1161 2015 533 691 502 0 
0 954 1146 856 793 1113 125 1180 1486 1240 1496 803 943 557 1196 668 1552 1154 1398 1127 523 631 918 
899 0 425 779 1121 522 966 1937 1374 1128 1655 670 1358 811 1056 668 1440 1455 2185 1015 488 663 647 
1189 446 0 656 984 438 1228 2042 1254 1004 1529 547 1470 688 767 653 1314 1326 2283 942 815 676 524 
904 807 832 0 571 553 966 1731 781 540 1081 287 1205 436 436 367 853 1077 2018 489 538 390 204 
792 1032 1013 630 0 955 833 1606 1323 707 819 677 1063 263 1053 657 942 825 1839 1013 828 680 775 
1153 544 487 559 903 0 1192 2042 1228 984 1511 526 1436 667 550 632 1296 1326 2237 848 799 655 432 
117 946 1207 943 870 1169 0 1255 1541 1295 1574 880 990 634 1282 723 1607 1217 1440 1182 555 686 1004 
1245 1934 1946 1656 1680 1877 1284 0 2291 2077 2100 1626 1569 1402 2018 1589 2323 1715 1663 1963 1423 1583 1745 
1522 1440 1437 826 1248 1336 1575 2356 0 724 1171 894 1817 1051 816 983 868 1685 2620 616 1131 1027 1017 
1238 1142 1146 544 704 1099 1289 2097 752 0 526 612 1535 761 542 692 488 1154 2335 356 863 715 718 
1518 1621 1582 1069 830 1543 1557 2151 1209 521 0 1122 1645 979 1044 1183 457 873 2446 821 1331 1227 1238 
847 632 657 210 616 598 893 1666 791 550 1095 0 1159 380 542 311 863 1047 1879 499 482 334 195 
852 1364 1378 1113 1111 1339 921 1398 1722 1476 1548 1083 0 811 1463 1044 1779 1192 1663 1363 921 1027 1198 
537 763 788 475 236 729 578 1379 1084 809 973 422 815 0 807 402 1099 779 1576 764 573 425 520 
1238 1132 867 453 985 655 1289 2097 837 538 1081 613 1535 762 0 693 936 1391 2335 302 864 716 489 
593 536 786 414 720 727 644 1580 998 754 1306 361 1063 484 746 0 1084 1127 1792 703 173 219 518 
1582 1495 1456 889 981 1398 1624 2356 879 517 484 980 1869 1097 917 1043 0 1095 2594 694 1191 1087 1078 
1180 1407 1368 1091 932 1329 1233 1731 1700 1236 1030 1061 1255 836 1441 1046 1268 0 2018 1341 1153 1090 1188 
1362 2075 2067 1776 1800 1982 1401 1560 2397 2188 2247 1746 1650 1522 2181 1709 2429 1831 0 2069 1543 1703 1851 
1222 1132 1126 525 959 957 1275 2097 600 358 795 593 1510 742 317 673 672 1377 2309 0 844 696 699 
493 512 858 509 815 764 544 1467 1117 849 1394 456 947 579 841 287 1172 1154 1700 798 0 314 613 
637 580 726 354 660 667 688 1615 942 694 1290 301 1121 424 686 44 1019 1071 1839 643 215 0 458 
1013 723 748 193 731 450 1052 1888 942 663 1205 235 1330 549 467 514 1009 1192 2115 612 685 518 0 
0 952 1084 836 835 1004 99 1249 1432 1213 1497 773 931 562 1181 741 1530 1151 1426 1182 559 704 908 
964 0 378 772 1078 451 962 2002 1306 1092 1594 658 1440 797 931 611 1404 1453 2250 1073 552 608 693 
1085 441 0 602 884 397 1136 1899 1178 932 1387 488 1417 627 808 596 1249 1238 2168 820 740 620 523 
955 771 727 0 610 543 1016 1703 750 522 1051 272 1214 446 411 366 836 1073 1978 415 510 390 176 
834 996 922 609 0 870 848 1607 1252 698 804 651 1131 280 1045 636 907 875 1882 922 780 660 743 
1106 427 409 437 919 0 1113 1911 1154 912 1361 504 1440 650 557 619 1233 1289 2191 795 714 643 348 
113 919 1174 912 903 1079 0 1309 1448 1229 1576 839 1036 628 1247 711 1546 1210 1494 1198 529 674 970 
1129 1904 1876 1609 1605 1836 1180 0 2523 1997 2062 1603 1509 1354 1969 1550 2249 1683 1545 1916 1432 1563 1662 
1469 1363 1337 836 1222 1302 1520 2270 0 661 1128 861 1787 997 839 942 864 1642 2611 608 1075 975 974 
1187 1065 1036 553 661 958 1238 2002 668 0 560 578 1512 730 562 650 495 1162 2288 275 794 674 687 
1400 1580 1554 1041 755 1519 1470 2002 1154 527 0 1097 1517 919 1022 1157 424 819 2288 756 1290 1184 1160 
874 649 605 213 629 556 888 1621 766 538 1059 0 1165 372 526 292 852 1025 1978 431 436 316 233 
821 1329 1337 1070 1116 1302 910 1408 1623 1404 1549 1064 0 810 1432 1007 1721 1188 1666 1373 861 1022 1126 
562 691 647 442 273 598 576 1370 998 767 1059 379 797 0 755 364 1101 753 1568 660 508 388 512 
1225 993 778 422 995 596 1276 2002 790 519 1064 607 1543 763 0 683 876 1373 2312 301 827 707 475 
604 498 657 403 738 608 654 1591 981 728 1216 340 1084 481 716 0 1050 1100 1876 621 157 218 473 
1469 1381 1355 847 914 1320 1520 2232 829 527 468 872 1770 997 917 944 0 1127 2553 627 1077 977 985 
1031 1300 1274 999 835 1239 1117 1621 1552 1095 847 989 1165 785 1361 942 1135 0 1978 1302 1075 975 1061 
1301 2087 2071 1790 1786 2031 1352 1582 2742 2174 2219 1784 1679 1535 2157 1731 2426 1860 0 2065 1613 1744 1861 
1187 1065 1007 552 914 893 1238 2002 593 305 801 577 1505 729 325 649 679 1339 2288 0 793 673 634 
450 481 721 467 802 672 500 1430 1026 792 1278 404 871 545 780 269 1135 1092 1666 685 0 262 537 
636 539 600 346 681 551 686 1619 899 671 1158 283 1086 424 659 45 990 1065 1978 564 189 0 416 
965 663 619 207 750 452 1016 1745 856 628 1158 190 1288 493 461 462 943 1108 2068 521 606 486 0 
0 932 1158 837 816 1018 129 1232 1537 1270 1570 893 982 569 1220 684 1522 1134 1494 1140 505 646 953 
927 0 377 694 1037 475 925 2077 1391 1119 1718 722 1452 768 1021 615 1376 1392 2318 961 514 571 636 
1132 446 0 537 858 380 1162 2022 1271 957 1556 565 1407 611 726 564 1211 1230 2265 804 700 584 479 
936 815 794 0 615 532 931 1759 801 515 1127 376 1273 459 440 387 851 1093 2019 393 523 407 203 
741 943 925 513 0 858 766 1558 1289 674 838 691 1037 209 958 589 920 857 1891 843 725 609 692 
1136 498 525 572 893 0 1124 2077 1289 1029 1612 600 1431 646 593 599 1245 1284 2292 839 715 619 468 
105 932 1196 888 867 1100 0 1232 1586 1319 1622 930 1037 620 1290 712 1571 1180 1585 1189 526 674 1011 
1205 1968 1958 1683 1665 1916 1235 0 2309 2070 2149 1676 1535 1421 2081 1626 2329 1742 1654 1960 1472 1619 1776 
1608 1463 1452 854 1320 1347 1610 2495 0 722 1299 969 1897 1113 839 1003 938 1752 2734 661 1200 1026 1034 
1257 1089 1107 504 717 1004 1276 2137 774 0 594 651 1515 735 521 653 658 1134 2366 345 789 673 683 
1537 1651 1632 1077 831 1527 1581 2369 1271 554 0 1169 1692 964 1103 1197 420 917 2601 841 1394 1220 1235 
822 671 650 145 600 589 847 1669 820 534 1148 0 1136 353 526 271 870 976 2019 412 407 291 190 
830 1386 1433 1121 1114 1328 931 1415 1781 1514 1622 1114 0 833 1485 1064 1759 1180 1725 1384 909 1036 1214 
540 739 718 431 247 657 565 1360 1124 740 1037 484 817 0 815 388 1042 781 1725 701 524 408 543 
1289 994 732 430 1021 545 1304 2197 835 512 1148 676 1547 760 0 678 907 1388 2430 298 814 698 516 
633 479 713 386 740 652 640 1617 1100 775 1393 442 1136 493 767 0 1117 1113 1986 653 147 185 521 
1593 1463 1452 834 953 1347 1610 2454 942 498 456 930 1846 1068 880 1003 0 1179 2706 671 1200 1026 1008 
1176 1377 1358 1062 923 1253 1231 1709 1722 1217 870 1055 1273 805 1426 1003 1107 0 2019 1325 1193 1026 1137 
1360 2086 2089 1811 1790 2030 1390 1538 2443 2218 2230 1809 1671 1546 2215 1751 2456 1887 0 2094 1597 1744 1896 
1257 1091 1076 506 953 829 1284 2137 633 311 833 653 1515 737 284 655 683 1374 2366 0 791 675 671 
489 509 791 464 818 701 496 1532 1144 853 1475 520 951 571 845 252 1154 1134 1798 731 0 258 599 
666 523 656 329 683 595 673 1683 1056 718 1393 385 1136 436 710 44 1044 1068 2019 596 180 0 464 
986 697 676 183 755 409 1016 1827 942 629 1267 280 1303 511 456 464 968 1134 2099 507 600 484 0 
0 964 1142 868 807 1022 128 1268 1449 1265 1538 810 976 545 1178 716 1553 1169 1499 1156 544 677 884 
915 0 494 778 1087 451 921 2033 1323 1123 1719 707 1376 809 989 571 1427 1460 2224 1048 498 569 690 
1192 460 0 666 969 415 1231 2088 1219 1000 1610 582 1411 684 785 651 1318 1328 2259 922 818 683 565 
1019 820 839 0 644 538 1051 1832 769 574 1028 301 1201 485 448 413 829 1155 2089 439 614 445 186 
847 1041 1075 584 0 922 867 1684 1219 650 822 713 1084 287 998 677 962 908 1876 922 878 709 716 
1122 499 500 585 969 0 1143 2033 1195 1000 1593 566 1376 668 566 635 1301 1328 2224 881 711 667 460 
154 931 1245 961 891 1112 0 1398 1502 1318 1618 894 1066 629 1267 710 1606 1239 1527 1209 538 671 984 
1299 2006 2105 1776 1784 2075 1328 0 2374 2164 2236 1756 1544 1542 2132 1720 2467 1835 1637 2032 1555 1676 1881 
1891 1754 1699 1152 1332 1458 1942 2769 0 743 1255 1239 2221 1414 837 1308 899 1830 2943 663 1464 1322 1252 
1358 1460 1324 808 688 1115 1394 2265 764 0 517 981 1575 801 512 1025 501 1175 2419 434 1181 1039 890 
1508 1718 1730 1138 830 1615 1553 2154 1175 536 0 1239 1553 974 1052 1308 500 996 2350 954 1464 1322 1319 
904 654 761 192 652 534 934 1727 760 565 1028 0 1118 390 549 321 820 1061 1990 430 522 353 227 
852 1332 1422 1124 1109 1307 921 1436 1699 1515 1590 1104 0 819 1464 1057 1808 1207 1637 1406 900 1011 1217 
570 763 870 457 262 643 590 1398 1068 742 976 431 801 0 851 400 1078 819 1637 732 601 432 510 
1257 1031 784 429 990 593 1293 2154 803 542 1028 638 1474 756 0 684 863 1395 2326 323 885 716 500 
623 466 816 415 742 625 637 1712 998 788 1344 357 1108 480 772 0 1061 1120 1895 653 201 206 492 
1640 1754 1766 1175 949 1528 1676 2502 879 494 494 1239 1861 1097 927 1308 0 1208 2664 710 1464 1322 1356 
1154 1364 1376 1080 893 1261 1231 1765 1655 1209 922 1060 1157 808 1420 1007 1273 0 1990 1362 1163 1021 1171 
1347 2056 2175 1829 1831 2125 1376 1575 2410 2200 2268 1826 1592 1590 2180 1768 2503 1915 0 2068 1603 1724 1903 
1433 1288 1110 588 949 868 1469 2328 556 307 740 797 1650 925 292 843 616 1434 2467 0 1011 875 670 
471 485 835 505 832 687 485 1571 1068 878 1442 447 991 570 862 282 1150 1189 1746 743 0 243 582 
673 516 797 360 687 570 687 1765 942 733 1265 302 1143 425 717 50 1008 1089 1990 598 251 0 434 
1022 704 750 186 771 390 1051 1883 870 675 1241 223 1236 511 485 478 949 1169 2113 540 679 478 0 
0 898 1203 866 864 1120 152 1319 1481 1278 1551 853 961 599 1183 624 1564 1258 1684 1141 518 585 951 
894 0 416 771 1161 469 972 2012 1379 1185 1657 705 1370 851 990 586 1462 1541 2228 1039 482 617 691 
1221 485 0 628 1013 370 1276 2070 1246 1052 1503 562 1456 708 743 636 1317 1392 2293 913 811 643 582 
949 836 798 0 606 575 1020 1876 765 510 1051 304 1258 480 416 375 777 1208 2132 410 558 382 208 
855 1106 1072 690 0 1034 910 1669 1288 708 854 743 1087 274 1044 700 933 895 1990 941 883 707 839 
1171 531 459 594 977 0 1206 2070 1222 1026 1503 547 1456 693 529 621 1300 1391 2293 829 742 628 461 
109 891 1269 955 958 1119 0 1381 1565 1362 1578 933 1054 675 1259 647 1648 1283 1684 1225 541 608 1019 
1248 1895 2143 1806 1749 2115 1260 0 2413 2175 2126 1796 1492 1454 2172 1636 2376 1840 1684 2124 1469 1598 1864 
1926 1780 1543 1172 1312 1368 1943 2979 0 674 1191 1240 2217 1426 798 1299 842 1837 3172 595 1465 1331 1286 
1432 1502 1263 864 715 1069 1499 2272 758 0 592 1037 1669 846 476 1117 514 1242 2530 398 1283 1149 909 
1586 1780 1740 1172 847 1565 1655 2194 1261 549 0 1240 1646 1001 1015 1299 522 930 2436 896 1465 1331 1361 
926 701 663 182 621 578 990 1792 811 556 1143 0 1175 370 503 340 823 1159 2023 456 523 347 231 
859 1274 1458 1126 1161 1383 952 1466 1741 1538 1551 1116 0 857 1435 1028 1844 1233 1707 1401 889 990 1225 
595 862 824 490 265 739 648 1398 1126 811 974 477 849 0 817 440 1110 813 1684 770 623 447 579 
1338 1075 811 468 1062 607 1378 2255 816 497 1051 664 1626 850 0 735 828 1547 2530 301 925 742 512 
595 480 771 396 797 686 666 1634 1035 770 1334 383 1087 532 717 0 1075 1231 1898 670 183 222 521 
1700 1780 1605 1172 929 1430 1767 2426 893 485 518 1240 1857 1113 878 1299 0 1141 2603 679 1465 1331 1358 
1181 1476 1458 1126 960 1383 1270 1768 1741 1271 816 1116 1220 875 1435 1069 1183 0 2008 1401 1185 1101 1225 
1396 2033 2334 1977 1883 2306 1408 1583 2557 2319 2267 1947 1652 1603 2316 1785 2547 1923 0 2268 1618 1747 2021 
1543 1390 1086 707 1001 957 1583 2457 585 279 851 868 1857 1064 319 942 597 1503 2657 0 1108 974 751 
467 476 813 469 870 725 538 1553 1096 843 1370 456 952 605 790 265 1142 1231 1770 743 0 256 594 
645 530 733 374 775 648 716 1682 1003 748 1307 361 1119 510 695 50 1065 1210 1990 648 233 0 469 
1062 748 710 193 773 438 1113 2012 899 644 1196 232 1304 554 436 482 944 1258 2162 544 665 489 0 
0 900 1260 1092 965 1155 120 1351 1726 1450 1596 1045 1107 684 1412 740 1767 1274 1677 1379 532 702 1088 
924 0 473 852 1261 480 893 2034 1504 1278 1822 797 1677 1001 950 614 1545 1720 2150 1157 472 666 709 
1246 489 0 718 1104 423 1258 2334 1318 1098 1624 663 1877 813 825 707 1359 1540 2497 1023 822 713 575 
1029 865 864 0 687 538 1032 2096 720 528 1051 334 1578 539 398 445 824 1259 2192 432 561 451 195 
858 1241 1323 594 0 1084 965 1786 1293 692 816 723 1274 301 940 834 1045 882 2013 923 954 840 713 
1116 493 435 532 1104 0 1130 2296 1250 1060 1562 661 1877 811 574 705 1285 1527 2405 871 706 711 444 
119 900 1260 1106 1073 1155 0 1372 1740 1511 1699 1057 1154 763 1426 748 1781 1377 1677 1393 539 710 1088 
1219 2053 2383 2096 1992 2315 1257 0 2742 2411 2383 2064 1594 1633 2359 1808 2686 2118 1677 2423 1634 1773 2090 
1645 1502 1611 911 1436 1308 1657 2734 0 754 1225 950 2206 1178 870 1056 949 1880 2839 674 1177 1103 1043 
1246 1097 1209 503 708 1001 1258 2296 638 0 502 543 1795 748 487 654 536 1148 2497 363 770 660 622 
1506 1575 1684 1040 800 1442 1594 2473 1139 527 0 1100 1828 933 1009 1129 521 893 2613 856 1250 1176 1193 
924 733 784 188 679 605 921 1930 742 550 1059 0 1345 408 472 320 846 1101 2082 454 436 326 189 
898 1398 1721 1437 1362 1625 1000 1521 2053 1827 1737 1390 0 1044 1757 1140 2051 1333 1782 1724 964 1105 1462 
566 981 981 495 271 887 669 1557 1139 807 1098 512 1023 0 841 567 1201 825 1816 823 671 573 614 
1275 981 736 430 1015 539 1287 2317 754 514 1015 566 1828 771 0 677 858 1506 2497 315 793 683 471 
619 443 800 609 1073 699 593 1732 1214 982 1508 554 1198 782 893 0 1268 1415 1951 875 116 251 556 
1592 1449 1543 837 949 1232 1604 2658 790 518 508 877 2068 1112 883 1003 0 1112 2823 706 1124 1050 969 
1163 1650 1732 1348 949 1570 1268 1930 1842 1275 851 1272 1274 846 1664 1275 1144 0 2082 1524 1240 1265 1377 
1554 2367 2697 2505 2392 2650 1592 1713 3098 2742 2722 2477 1927 2034 2771 2141 3007 2465 0 2801 1992 2103 2540 
1299 1151 1056 549 993 818 1311 2350 531 326 826 589 1861 794 283 700 635 1487 2497 0 816 706 634 
506 471 828 646 955 727 480 1609 1250 1060 1573 591 1107 676 932 235 1290 1326 1873 914 0 288 593 
663 487 844 534 1010 743 637 1787 1109 896 1430 479 1274 708 818 44 1186 1421 2013 800 160 0 507 
1072 705 748 180 841 422 1086 2163 836 644 1185 257 1654 603 382 497 949 1326 2279 548 613 503 0 
0 778 1115 884 1029 1009 89 1370 1542 1329 1615 922 1083 775 1259 616 1634 1227 1407 1253 443 578 953 
848 0 380 721 1094 461 815 2000 1432 1219 1696 644 1422 856 857 564 1524 1560 2171 1086 462 559 579 
1052 436 0 620 1029 347 1060 2188 1379 1139 1625 543 1555 755 701 663 1471 1473 2360 965 715 665 478 
914 745 739 0 675 443 921 2000 845 642 1147 257 1382 482 357 377 955 1242 2134 518 490 386 166 
812 1161 1230 529 0 998 894 1824 1178 605 736 752 1212 257 879 744 795 825 1973 825 857 753 671 
983 441 409 505 1029 0 1002 2118 1145 949 1432 511 1523 723 434 631 1226 1473 2360 696 636 633 401 
99 766 1115 873 1094 999 0 1431 1513 1300 1702 922 1123 850 1238 605 1605 1314 1429 1224 432 567 945 
1166 1895 2166 1938 1920 2085 1205 0 2461 2249 2339 1912 1518 1662 2221 1666 2535 1959 1476 2176 1542 1628 1979 
1419 1369 1359 763 1228 1212 1423 2511 0 674 1051 932 1944 1059 709 908 759 1680 2724 540 1021 917 908 
1150 1057 1107 487 641 891 1161 2188 596 0 487 646 1561 742 496 632 408 1071 2360 263 745 641 629 
1430 1549 1572 938 789 1398 1521 2270 981 491 0 1017 1568 935 944 1088 377 834 2495 704 1201 1083 1080 
842 637 631 200 721 526 850 1851 981 763 1265 0 1303 403 494 309 1101 1139 2035 639 422 318 163 
835 1331 1657 1346 1319 1538 883 1600 1955 1734 1782 1329 0 1088 1682 1080 2031 1394 1639 1658 940 1042 1428 
563 919 916 378 326 810 645 1541 1220 727 1059 495 1035 0 728 505 1136 898 1616 877 618 514 520 
1146 895 737 368 985 490 1161 2188 683 497 1015 544 1555 753 0 628 779 1473 2360 262 741 637 389 
571 412 722 429 966 636 547 1775 1212 1033 1483 464 1212 639 762 0 1298 1375 1834 868 113 193 489 
1433 1383 1369 766 860 1216 1437 2498 707 408 415 932 1798 1034 779 922 0 1062 2705 589 1035 930 908 
1128 1601 1768 1341 944 1629 1224 2000 1669 1130 851 1349 1212 1046 1491 1290 1154 0 2171 1368 1197 1252 1437 
1637 2365 2640 2374 2330 2587 1676 1874 2916 2685 2830 2348 2036 2071 2657 2135 2964 2435 0 2612 2010 2097 2427 
1155 1057 992 492 971 754 1165 2188 520 352 788 651 1570 762 281 637 616 1408 2360 0 750 646 616 
461 460 771 487 985 685 449 1682 1243 1033 1519 522 1098 669 820 256 1335 1242 1735 923 0 231 547 
615 456 721 402 939 667 591 1824 1178 970 1456 389 1239 612 735 44 1271 1375 1973 841 157 0 414 
963 612 606 169 797 363 962 2000 981 740 1265 178 1408 556 363 464 1059 1314 2199 564 571 447 0 
0 758 1015 761 768 918 88 1189 1414 1112 1326 729 814 475 1076 514 1405 1043 1263 1157 414 476 846 
757 0 313 623 931 376 749 1829 1220 980 1466 572 1263 655 750 506 1280 1258 1935 941 454 500 563 
958 318 0 495 794 289 967 1829 1068 848 1336 444 1239 527 641 521 1145 1143 1935 808 634 516 437 
761 681 622 0 478 399 763 1679 696 476 1015 216 1091 370 361 324 758 984 1771 436 437 319 156 
710 1007 1022 424 0 803 729 1622 1026 530 725 556 1035 243 769 633 794 771 1714 715 746 628 559 
884 388 316 416 757 0 876 1799 1047 808 1307 407 1206 490 412 484 1116 1102 1923 658 581 479 340 
89 746 999 762 796 898 0 1189 1414 1139 1354 730 842 503 1076 515 1432 1074 1299 1157 415 477 847 
1115 1831 1839 1615 1617 1766 1134 0 2169 1948 2053 1577 1394 1413 1907 1528 2177 1624 1408 1928 1431 1490 1683 
1580 1434 1266 896 1039 1092 1582 2410 0 592 974 1013 1855 1135 663 1117 733 1426 2551 509 1230 1112 887 
1148 1170 1022 606 587 828 1167 2055 591 0 508 738 1406 676 418 815 423 936 2147 288 935 810 642 
1316 1502 1457 938 727 1332 1335 2000 981 487 0 1059 1389 843 906 1137 403 711 2064 724 1250 1132 1076 
704 566 560 144 560 436 706 1622 717 497 1015 0 1035 313 458 267 779 923 1714 457 380 262 152 
715 1173 1346 1096 1024 1275 747 1387 1666 1377 1376 1074 0 729 1402 875 1581 1074 1472 1409 778 837 1192 
475 778 772 344 293 648 494 1387 998 636 922 355 758 0 689 461 945 758 1539 727 530 456 479 
1039 766 598 366 836 414 1038 1909 660 425 932 476 1343 644 0 598 722 1258 2054 246 711 593 355 
496 410 653 349 705 539 490 1582 942 702 1188 317 946 438 663 0 995 1051 1666 662 113 167 448 
1365 1470 1339 899 786 1165 1384 2238 700 408 377 1029 1623 902 743 1105 0 935 2350 589 1218 1100 970 
996 1367 1322 1100 832 1251 1035 1642 1443 892 711 1062 1078 795 1238 1061 960 0 1734 1137 1060 1056 1168 
1358 2073 2094 1878 1863 2028 1377 1625 2420 2198 2203 1830 1649 1659 2169 1774 2409 1876 0 2158 1677 1736 1931 
1137 1007 838 477 762 654 1139 2055 485 285 742 589 1438 742 244 696 547 1145 2147 0 809 691 468 
403 457 700 398 754 586 405 1497 981 751 1265 366 845 487 712 223 1045 1074 1576 711 0 198 496 
533 454 620 294 650 496 534 1607 867 647 1147 262 971 383 608 44 929 1016 1699 607 157 0 370 
849 587 583 151 608 333 854 1717 795 575 1070 163 1164 421 342 415 857 1037 1816 505 510 388 0 
0 772 966 725 664 863 88 1100 1245 1033 1294 679 815 470 1007 514 1312 1016 1184 956 414 476 781 
757 0 285 625 836 375 749 1755 1145 924 1410 570 1298 642 756 506 1212 1226 1923 852 451 499 541 
990 327 0 552 763 316 980 1776 1070 849 1336 497 1298 569 612 562 1138 1143 1923 779 675 557 468 
730 654 622 0 426 399 733 1560 646 425 922 216 1087 343 357 293 708 931 1703 355 406 288 164 
645 827 805 437 0 711 664 1500 1026 515 685 486 1035 194 778 526 744 757 1632 715 639 521 579 
876 374 307 407 681 0 868 1718 998 767 1265 415 1233 487 419 480 1056 1074 1923 659 570 475 347 
89 746 966 750 692 891 0 1100 1269 1051 1328 704 843 498 1031 515 1336 1037 1219 1001 415 477 809 
1086 1764 1822 1596 1505 1741 1105 0 2129 1933 1930 1559 1372 1325 1907 1484 2155 1597 1405 1841 1370 1446 1652 
1275 1213 1173 707 1016 1074 1276 2128 0 592 974 757 1575 884 663 832 733 1428 2239 509 954 827 849 
982 919 893 417 509 783 988 1815 602 0 487 467 1310 594 418 542 408 931 1949 265 655 537 559 
1244 1421 1381 911 679 1280 1263 2000 942 492 0 962 1421 790 917 1053 377 776 2064 709 1166 1048 1050 
694 539 517 145 462 423 697 1530 663 442 932 0 1077 276 423 257 725 893 1676 372 370 252 152 
709 1160 1202 978 919 1126 746 1269 1509 1293 1386 930 0 719 1284 861 1576 1051 1410 1220 764 823 1031 
459 641 619 340 194 525 478 1330 874 634 822 292 807 0 634 340 881 697 1432 583 453 335 423 
1021 752 598 357 767 414 1025 1851 658 418 922 467 1322 636 0 584 720 1226 2008 244 697 579 346 
496 410 619 341 610 528 490 1500 859 638 1147 295 1035 416 619 0 923 1016 1641 568 113 163 426 
1302 1242 1202 730 738 1097 1303 2055 700 413 377 780 1557 849 743 855 0 917 2209 561 976 850 872 
992 1213 1173 978 783 1097 1035 1553 1446 899 771 920 1077 741 1248 922 929 0 1696 1147 1020 909 1019 
1135 1819 1866 1644 1553 1789 1154 1384 2190 1971 2062 1607 1418 1373 1950 1532 2246 1645 0 1901 1418 1494 1700 
1009 953 838 442 705 654 1007 1829 502 273 709 492 1322 619 244 567 564 1113 1985 0 680 562 468 
403 457 666 388 657 575 406 1415 942 685 1172 342 924 463 666 221 971 1051 1547 615 0 205 473 
533 454 571 290 559 477 534 1500 808 587 1070 244 1035 365 568 44 870 960 1651 517 157 0 351 
814 569 547 151 556 333 832 1619 747 526 1015 163 1162 399 338 392 809 984 1762 456 505 387 0 
0 758 916 715 659 847 88 1100 1245 1033 1287 679 783 465 1023 514 1307 1113 1184 956 414 476 764 
757 0 285 611 833 375 749 1770 1145 923 1409 569 1189 639 749 506 1203 1310 1923 850 451 499 541 
928 299 0 484 706 298 955 1736 1026 793 1280 442 1189 512 612 504 1083 1179 1923 723 617 499 414 
733 649 590 0 483 414 735 1572 647 428 922 216 1035 345 357 296 714 1043 1696 358 409 291 156 
645 817 758 410 0 701 664 1523 1003 520 685 486 894 194 751 528 744 748 1609 712 641 523 545 
899 397 321 400 704 0 891 1736 1003 780 1265 440 1189 510 412 502 1066 1179 1923 652 593 497 340 
89 746 939 740 687 875 0 1100 1269 1071 1287 704 811 493 1050 515 1331 1133 1219 1001 415 477 792 
1086 1764 1727 1534 1499 1670 1105 0 2059 1849 1930 1498 1370 1323 1828 1467 2118 1598 1405 1769 1370 1429 1587 
1266 1191 1132 703 1016 1074 1268 2125 0 592 974 753 1569 876 663 825 738 1381 2382 509 940 820 838 
974 892 833 414 509 776 980 1815 591 0 487 464 1259 587 418 536 408 876 1939 259 649 531 549 
1244 1388 1329 900 679 1272 1263 1866 942 487 0 955 1338 790 906 1041 377 719 2008 695 1154 1045 1040 
694 534 475 137 462 418 696 1529 665 446 932 0 990 276 443 257 732 1016 1663 376 370 252 152 
710 1160 1159 978 919 1102 748 1289 1502 1283 1448 938 0 718 1271 862 1564 1081 1410 1213 765 824 1019 
459 631 572 340 194 515 478 1289 876 624 789 292 708 0 654 342 848 811 1410 587 455 337 423 
1021 790 598 357 810 429 1025 1866 658 418 922 467 1299 631 0 580 725 1179 2008 244 693 575 346 
496 410 579 331 607 522 490 1523 859 640 1147 295 893 413 637 0 929 1113 1609 570 113 163 426 
1290 1213 1154 726 738 1095 1292 2125 700 408 377 776 1569 849 743 848 0 941 2399 561 963 843 861 
947 1166 1109 916 739 1050 1009 1523 1372 875 711 876 990 697 1174 871 906 0 1641 1073 972 866 964 
1142 1819 1775 1582 1547 1718 1161 1393 2120 1933 2053 1546 1461 1371 1879 1515 2174 1646 0 1822 1418 1477 1635 
969 886 827 408 705 669 980 1815 476 259 695 458 1259 581 244 530 543 1074 1939 0 643 525 468 
403 457 626 378 654 569 405 1367 942 687 1172 342 793 460 684 221 977 1133 1536 617 0 198 473 
533 454 528 280 556 471 534 1523 808 589 1110 244 924 362 586 44 875 1059 1632 519 157 0 351 
790 565 506 151 569 348 806 1596 748 529 1015 163 1053 375 338 367 815 1074 1720 459 480 362 0 
