51
5
10800
0
542
507
553
521
493
449
493
428
583
451
378
459
522
563
527
411
489
507
548
501
562
588
493
582
541
381
498
592
390
420
396
469
470
460
557
598
550
567
563
557
441
561
579
558
521
565
592
576
568
402
0 1928 1362 275 1258 745 715 920 1263 1752 848 1295 366 1758 646 461 835 299 1483 1411 1790 1595 815 814 1066 166 445 233 740 916 852 1634 1203 1319 743 1364 631 777 264 368 297 2075 1833 1474 202 2033 948 1485 439 1232 1125 
1754 0 1137 1626 742 2181 1891 1058 1950 1464 1093 829 1794 1458 1844 1595 1053 1504 813 631 484 927 1992 1450 1439 1778 1453 1570 1060 1130 1090 1286 2132 1707 1200 1752 2040 2213 1570 1429 1502 362 144 807 1601 106 1073 806 1483 883 1763 
1318 1175 0 1190 581 1736 1450 561 1452 721 602 618 1358 727 1381 1174 609 1047 785 746 1038 897 1550 1024 975 1348 1032 1133 597 693 652 985 1654 1277 737 1322 1595 1768 1150 973 1045 1286 1083 779 1165 1276 636 778 1026 555 1314 
399 1678 1162 0 1053 823 440 689 983 1554 694 1091 445 1548 371 319 592 415 1236 1206 1543 1348 540 539 860 462 335 225 574 678 628 1459 924 1119 652 1164 709 855 364 426 417 1816 1586 1220 246 1779 710 1238 522 1028 843 
1264 737 582 1136 0 1682 1396 492 1382 1038 533 103 1304 1032 1327 1088 540 978 414 165 685 526 1496 936 907 1275 946 1063 528 624 583 822 1584 1205 668 1250 1541 1714 1067 904 976 916 600 408 1111 809 567 407 956 156 1244 
737 2345 1788 640 1684 0 1013 1321 1637 2189 1339 1721 428 2195 944 975 1237 956 1916 1839 2213 2030 1113 1186 1511 646 975 851 1219 1323 1265 2056 1492 1764 1297 1812 314 44 921 1025 956 2445 2253 1908 687 2446 1342 1909 1098 1658 1499 
927 2124 1553 751 1449 1062 0 1086 752 1946 1082 1486 979 1952 212 763 972 924 1669 1602 2018 1781 381 629 1242 992 779 728 963 1059 1028 1827 518 1495 1040 1540 1162 1094 867 931 926 2224 2032 1660 765 2225 1107 1671 1025 1423 865 
881 1065 587 753 483 1315 1029 0 1050 994 272 520 937 988 964 738 177 658 673 648 930 785 1133 587 517 926 596 713 199 218 131 876 1250 794 349 839 1165 1347 713 583 656 1148 967 667 728 1170 136 666 637 457 891 
1264 2050 1488 1136 1384 1682 752 1008 0 1873 1169 1421 1304 1879 800 1121 996 1283 1604 1537 1919 1716 848 752 1212 1326 1077 1124 1095 1013 945 1755 414 1465 1223 1510 1541 1714 1263 1218 1285 2162 1956 1595 1111 2151 1029 1606 1348 1358 365 
1679 1490 721 1551 989 2105 1817 964 1830 0 1010 981 1719 6 1742 1520 957 1432 1023 1103 1355 1095 1943 1375 1352 1703 1378 1495 988 1046 999 927 2087 1623 1124 1668 1980 2137 1495 1357 1430 1617 1398 1017 1526 1591 982 1025 1411 918 1688 
878 1175 630 760 526 1315 1053 251 1143 1122 0 563 937 1128 964 747 196 568 786 691 1038 898 1133 695 662 869 614 727 130 383 335 991 1277 976 206 1021 1186 1347 700 493 566 1289 1083 746 735 1276 326 779 547 500 1021 
1278 820 617 1150 103 1696 1410 527 1420 1089 568 0 1318 1095 1341 1130 575 1012 517 239 788 629 1510 993 945 1313 988 1100 563 659 618 857 1622 1250 703 1295 1555 1728 1105 939 1010 1020 683 511 1125 892 602 510 991 77 1282 
309 1928 1369 212 1265 428 652 920 1200 1752 913 1302 0 1758 583 531 804 543 1483 1418 1790 1595 752 751 1077 268 547 423 786 890 840 1634 1141 1347 864 1392 314 460 508 612 541 2075 1833 1474 259 2033 928 1485 683 1239 1101 
1655 1490 727 1527 989 2082 1787 958 1830 6 997 981 1695 0 1718 1496 957 1409 1018 1103 1355 1095 1901 1351 1344 1679 1354 1471 965 1046 999 927 2018 1623 1105 1668 1949 2114 1471 1334 1407 1617 1398 1012 1502 1591 982 1020 1388 918 1664 
877 2345 1750 702 1646 1016 199 1283 798 2135 1271 1683 942 2141 0 858 1169 953 1883 1799 2213 1997 240 812 1443 976 878 763 1151 1255 1220 2039 566 1696 1229 1741 1114 1048 904 976 955 2445 2236 1860 716 2445 1304 1876 1072 1620 1014 
464 1714 1197 379 1086 937 640 726 1129 1579 708 1123 553 1585 571 0 606 430 1272 1239 1579 1384 740 654 874 554 159 233 588 692 657 1461 1112 1126 664 1171 817 969 380 400 432 1848 1622 1264 354 1815 747 1274 498 1060 964 
780 1136 645 652 541 1205 975 178 976 1054 196 578 826 1060 855 639 0 562 729 706 987 841 1043 526 581 843 506 638 100 286 161 933 1225 841 257 886 1091 1237 639 487 560 1243 1031 723 627 1237 200 722 541 515 830 
314 1641 1090 430 989 925 690 626 1263 1480 565 1011 549 1474 621 424 552 0 1199 1142 1506 1311 790 811 830 305 336 258 457 684 621 1376 1178 1091 460 1136 752 957 147 94 2 1768 1549 1171 387 1742 701 1201 172 948 1125 
1474 810 854 1346 427 1892 1606 775 1621 1089 810 517 1514 1095 1537 1316 768 1229 0 469 678 176 1706 1170 1172 1499 1174 1291 777 848 808 535 1825 1431 929 1476 1751 1924 1291 1154 1227 895 718 124 1321 915 791 35 1208 571 1483 
1400 614 735 1272 153 1825 1532 645 1552 1149 686 239 1440 1146 1463 1257 693 1130 456 0 664 568 1632 1101 1060 1431 1116 1233 681 777 736 927 1754 1355 821 1400 1677 1857 1233 1055 1128 824 477 450 1247 686 720 449 1109 293 1414 
1704 464 1085 1576 697 2140 1875 993 1867 1403 1035 787 1744 1397 1767 1545 1002 1439 753 689 0 865 1943 1400 1376 1728 1403 1520 995 1066 1026 1254 2116 1643 1135 1688 1991 2172 1520 1364 1437 557 372 747 1551 565 1009 746 1418 825 1713 
1601 947 993 1473 558 2022 1733 920 1748 1077 941 648 1641 1083 1664 1441 899 1354 176 600 809 0 1839 1297 1296 1624 1299 1416 908 979 941 448 2012 1570 1048 1615 1890 2054 1416 1279 1352 1041 849 244 1448 1051 928 153 1333 702 1610 
1061 2481 1940 881 1889 1205 388 1461 879 2328 1469 1870 1108 2334 293 1038 1367 1144 2101 2042 2349 2215 0 1031 1641 1152 1058 954 1349 1453 1405 2195 699 1917 1427 1962 1294 1237 1093 1155 1146 2581 2389 2035 895 2582 1482 2094 1251 1798 1115 
849 1641 1090 721 989 1281 630 616 724 1464 769 1036 895 1458 825 718 604 885 1199 1142 1506 1311 1001 0 815 926 689 721 696 618 555 1376 780 1074 826 1119 1140 1313 860 820 887 1768 1549 1171 696 1742 637 1201 953 973 586 
1031 1490 967 896 863 1460 1189 514 1200 1367 649 900 1082 1361 1120 862 546 787 1068 1048 1355 1180 1289 753 0 1048 720 837 588 430 440 1264 1404 633 728 678 1319 1492 837 722 789 1617 1398 1059 871 1591 424 1070 852 837 1101 
168 1965 1402 321 1298 640 761 956 1334 1792 887 1335 262 1798 692 593 874 338 1523 1451 1830 1635 861 860 1102 0 577 365 779 972 891 1674 1244 1353 782 1398 485 672 303 407 336 2089 1893 1514 325 2070 975 1525 478 1272 1196 
447 1641 1090 411 989 964 659 605 1129 1464 587 1001 585 1458 590 169 485 341 1199 1142 1506 1311 759 629 753 537 0 216 467 571 536 1376 1048 1017 530 1062 849 996 363 311 343 1768 1549 1135 386 1742 626 1201 409 938 938 
233 1737 1202 233 1123 831 513 736 1129 1579 725 1160 453 1585 444 228 623 288 1295 1276 1602 1407 613 672 884 361 212 0 605 709 674 1461 992 1136 622 1181 717 863 224 299 290 1888 1645 1286 206 1838 757 1297 395 1097 999 
759 1106 635 631 531 1184 906 184 1129 1038 130 568 805 1032 834 618 97 469 719 696 987 831 1043 621 640 770 485 617 0 316 257 927 1148 892 160 946 1080 1216 601 394 467 1243 1008 713 606 1207 259 712 448 505 925 
883 1150 679 755 575 1315 1029 226 1050 1089 361 612 937 1095 964 742 286 673 766 740 1019 878 1133 597 435 935 606 723 300 0 141 969 1250 781 440 826 1165 1347 723 608 675 1269 1056 760 730 1251 130 759 728 549 907 
835 1136 665 707 561 1268 984 131 1050 1075 335 598 881 1081 913 694 161 631 738 726 987 850 1081 555 465 889 561 681 261 141 0 942 1225 734 405 779 1140 1300 681 566 633 1243 1031 732 682 1237 113 731 677 535 859 
1561 1290 993 1433 818 1980 1693 859 1708 828 894 855 1601 834 1624 1418 852 1310 542 946 1155 453 1793 1257 1244 1611 1299 1416 861 933 892 0 1919 1509 1001 1554 1839 2012 1416 1235 1308 1417 1198 583 1408 1391 875 512 1289 792 1570 
1213 2236 1675 1085 1571 1554 518 1208 414 2080 1249 1608 1253 2086 566 1071 1147 1255 1791 1724 2104 1917 668 780 1419 1275 1024 1065 1129 1215 1152 1947 0 1672 1207 1717 1490 1586 1204 1266 1257 2336 2144 1782 1060 2337 1229 1793 1362 1545 627 
1282 1746 1221 1190 1123 1736 1450 760 1452 1579 895 1160 1358 1585 1381 1130 792 1035 1304 1276 1611 1416 1550 1002 555 1293 988 1084 834 676 686 1461 1654 0 979 132 1595 1768 1085 971 1037 1888 1654 1295 1165 1848 670 1306 1101 1097 1314 
818 1248 766 725 662 1281 1013 328 1263 1180 206 699 899 1174 944 712 254 508 863 827 1118 979 1097 772 784 809 577 667 159 460 412 1066 1255 1062 0 1107 1140 1313 640 433 506 1375 1156 857 700 1349 403 856 487 636 1101 
1325 1806 1258 1206 1154 1752 1466 805 1514 1628 940 1191 1374 1634 1397 1155 837 1078 1359 1307 1666 1471 1566 1063 600 1336 1013 1132 879 721 731 1510 1711 132 1022 0 1611 1784 1128 1014 1080 1941 1709 1350 1181 1902 715 1361 1144 1128 1376 
565 2187 1627 468 1523 309 917 1160 1452 2065 1178 1560 284 2059 839 787 1076 766 1743 1676 2055 1860 1043 1024 1335 484 803 679 1058 1149 1104 1899 1387 1588 1136 1633 0 341 731 835 764 2287 2095 1734 515 2288 1181 1745 922 1497 1314 
769 2345 1821 672 1716 44 1053 1353 1669 2249 1379 1753 460 2252 984 1001 1277 1009 1975 1898 2213 2089 1153 1218 1551 678 1015 883 1259 1360 1297 2108 1532 1854 1337 1853 346 0 955 1078 1007 2445 2253 1959 719 2446 1374 1968 1149 1690 1531 
262 1737 1202 351 1123 894 649 736 1263 1579 707 1160 530 1585 580 413 670 164 1295 1276 1602 1407 749 808 884 286 376 217 599 738 675 1461 1128 1136 602 1181 733 938 0 221 162 1888 1645 1286 308 1838 757 1297 300 1097 1125 
402 1523 1013 498 899 1006 723 552 1200 1405 491 953 637 1399 654 398 478 98 1123 1053 1388 1235 823 750 769 393 310 291 383 623 560 1294 1203 1026 386 1071 840 1038 213 0 100 1650 1431 1117 457 1624 627 1125 143 873 1075 
316 1641 1090 432 989 925 692 627 1263 1480 566 1011 551 1474 623 426 553 2 1199 1142 1506 1311 792 813 832 307 338 260 458 686 623 1376 1178 1091 461 1136 754 957 149 96 0 1768 1549 1171 389 1742 702 1201 173 948 1125 
1846 363 1218 1718 837 2264 2018 1150 2029 1539 1180 933 1886 1533 1948 1687 1145 1596 893 829 562 1015 2117 1542 1531 1872 1545 1662 1152 1222 1182 1368 2200 1799 1292 1846 2119 2296 1662 1521 1594 0 394 887 1693 381 1165 886 1575 973 1856 
1655 143 1040 1527 602 2082 1787 956 1830 1358 997 689 1695 1352 1718 1496 948 1403 715 491 376 827 1901 1351 1344 1679 1354 1471 959 1046 990 1184 2018 1623 1099 1668 1949 2114 1471 1328 1401 396 0 709 1502 243 973 708 1382 743 1664 
1493 848 827 1365 465 1916 1625 737 1640 1180 778 555 1533 1186 1556 1336 785 1229 124 507 716 218 1725 1189 1172 1519 1194 1311 773 869 828 568 1856 1465 929 1510 1770 1948 1311 1154 1227 948 756 0 1340 950 812 99 1208 542 1502 
202 1746 1229 73 1123 677 513 762 1129 1579 767 1160 299 1585 444 392 665 378 1304 1276 1611 1416 613 612 940 316 408 204 647 751 701 1461 992 1195 725 1240 563 709 308 447 376 1888 1654 1295 0 1848 783 1306 518 1097 922 
1873 106 1237 1743 796 2292 2018 1175 2029 1558 1205 883 1914 1552 1948 1712 1170 1621 910 685 581 1037 2117 1567 1556 1898 1570 1687 1177 1247 1207 1394 2238 1854 1317 1880 2147 2324 1687 1546 1619 384 243 905 1718 0 1190 921 1600 943 1908 
907 1089 605 776 501 1338 1053 135 1129 1016 287 538 960 1022 984 742 201 667 692 666 956 804 1153 617 428 926 600 717 226 130 113 895 1274 753 366 798 1186 1370 717 600 669 1160 1004 686 751 1186 0 685 654 475 922 
1466 806 850 1338 423 1885 1598 771 1614 1077 806 513 1506 1083 1529 1316 764 1229 35 465 674 153 1698 1163 1169 1499 1174 1291 773 844 804 505 1825 1423 929 1468 1743 1917 1291 1154 1227 891 714 107 1313 915 787 0 1208 567 1476 
456 1641 1090 572 989 1069 801 636 1334 1487 575 1036 691 1481 732 504 562 146 1199 1142 1506 1311 910 891 911 447 416 369 467 764 701 1376 1280 1164 470 1209 894 1101 290 172 144 1768 1549 1171 529 1742 711 1201 0 973 1196 
1231 874 554 1108 156 1654 1368 464 1360 1031 505 77 1276 1032 1299 1070 512 949 569 293 817 681 1468 917 878 1242 918 1039 500 596 555 794 1562 1195 640 1240 1513 1686 1034 874 947 1041 737 521 1083 946 539 562 953 0 1222 
1098 1859 1322 972 1218 1511 856 859 365 1683 1013 1255 1133 1689 1037 975 847 1143 1414 1371 1721 1526 1077 610 1062 1155 944 975 950 861 798 1565 627 1319 1074 1364 1370 1543 1114 1076 1145 2056 1764 1405 947 1959 880 1416 1206 1192 0 
0 2195 1695 335 1526 990 874 1117 1485 1976 1119 1543 515 1982 815 614 1075 387 1694 1700 2027 1844 1003 1009 1302 257 611 345 1029 1076 1017 1924 1483 1565 975 1627 756 1012 282 511 385 2301 2075 1688 252 2309 1152 1690 602 1490 1325 
2033 0 1432 1879 899 2651 2202 1257 2214 1729 1272 1003 2137 1700 2093 1891 1234 1875 994 752 699 1125 2301 1670 1739 2120 1765 1859 1273 1343 1288 1568 2504 2000 1423 2069 2391 2686 1897 1782 1873 517 199 988 1844 143 1311 990 1784 1084 2082 
1572 1592 0 1401 856 2190 1699 789 1692 945 781 844 1670 951 1612 1451 758 1441 1029 1069 1429 1160 1859 1210 1209 1648 1320 1379 795 878 817 1321 2030 1524 969 1586 1931 2248 1478 1337 1443 1731 1497 1023 1393 1730 838 1025 1361 771 1532 
547 1922 1383 0 1214 1067 539 869 1144 1690 871 1231 613 1696 480 402 753 584 1392 1388 1732 1523 649 667 1079 608 406 285 703 811 785 1667 1122 1320 865 1382 854 1089 473 585 586 1964 1800 1386 363 2037 852 1388 676 1178 1067 
1479 963 794 1308 0 2097 1606 717 1580 1212 709 120 1577 1183 1519 1358 639 1271 514 200 955 688 1752 1098 1097 1522 1141 1283 704 746 685 1138 1900 1396 862 1458 1828 2146 1308 1167 1273 1298 776 513 1300 1075 706 513 1250 185 1420 
857 2751 2237 792 2126 0 1343 1674 1967 2563 1672 2108 542 2569 1256 1277 1562 1174 2283 2308 2591 2424 1489 1467 1895 841 1246 1087 1529 1607 1574 2493 1909 2149 1621 2218 358 44 1094 1280 1172 2880 2646 2310 914 2910 1709 2288 1374 2031 1789 
889 2270 1767 689 1598 1433 0 1189 946 2149 1225 1615 984 2155 305 730 1109 922 1766 1772 2100 1915 474 771 1434 952 734 613 1082 1148 1089 1983 660 1697 1174 1759 1205 1455 801 919 924 2360 2150 1760 705 2384 1224 1762 1014 1562 1153 
1144 1429 760 1005 704 1745 1307 0 1294 1139 433 692 1260 1145 1220 1022 283 879 873 906 1266 1050 1453 797 678 1154 778 935 304 323 222 1103 1576 954 486 1016 1500 1767 915 880 881 1568 1334 872 997 1567 240 872 953 619 1146 
1491 2316 1807 1320 1636 2097 919 1227 0 2149 1397 1653 1589 2155 971 1370 1189 1592 1813 1813 2141 1965 1063 1052 1476 1567 1364 1298 1302 1186 1127 2074 490 1739 1456 1806 1839 2146 1522 1529 1594 2406 2196 1798 1312 2430 1262 1800 1678 1600 472 
1862 1734 884 1687 1073 2493 2015 1083 2056 0 1085 1126 1979 6 1906 1737 1060 1683 1231 1247 1571 1316 2114 1496 1567 1930 1591 1665 1099 1171 1114 1140 2289 1854 1249 1923 2233 2528 1749 1608 1685 1848 1639 1225 1679 1888 1139 1227 1598 1073 1822 
1083 1475 743 894 687 1669 1203 370 1294 1230 0 675 1184 1236 1116 896 287 728 930 887 1312 1064 1349 820 756 1111 747 875 203 456 395 1148 1576 1101 248 1163 1424 1691 870 631 726 1614 1380 922 920 1613 416 918 640 602 1146 
1497 1063 790 1326 107 2129 1624 713 1641 1282 705 0 1595 1253 1537 1376 682 1315 621 274 1034 795 1770 1159 1124 1566 1194 1304 719 802 741 1249 1938 1437 877 1499 1839 2185 1352 1211 1317 1383 883 620 1318 1181 762 620 1250 92 1481 
371 2246 1726 306 1557 629 845 1148 1445 2032 1167 1574 0 2038 786 708 1050 681 1725 1731 2100 1867 971 1009 1365 385 712 591 1024 1107 1048 1942 1447 1628 1116 1690 425 673 576 805 679 2336 2126 1719 422 2360 1183 1721 896 1521 1285 
1862 1734 893 1687 1073 2493 2015 1083 2056 9 1085 1126 1979 0 1906 1737 1060 1683 1231 1247 1571 1316 2114 1496 1567 1930 1591 1665 1099 1171 1114 1149 2289 1854 1249 1923 2233 2528 1749 1608 1685 1848 1639 1225 1679 1888 1139 1227 1598 1073 1822 
850 2246 1745 650 1576 1348 269 1167 985 2051 1179 1593 960 2057 0 691 1075 873 1744 1750 2100 1890 285 1009 1380 913 695 574 1036 1126 1067 1959 732 1643 1128 1705 1130 1370 762 874 875 2336 2126 1738 666 2360 1202 1740 977 1540 1286 
622 1939 1423 422 1254 1153 725 920 1225 1727 895 1271 688 1733 666 0 777 606 1429 1428 1769 1560 835 737 1079 683 215 294 727 835 825 1704 1285 1350 889 1412 929 1175 495 607 608 2031 1833 1423 438 2054 876 1425 698 1218 1146 
964 1422 750 794 694 1555 1152 269 1144 1127 277 682 1070 1133 1065 796 0 703 856 894 1259 1027 1298 617 680 990 602 755 118 347 185 1088 1426 990 300 1052 1310 1577 738 701 705 1561 1327 855 810 1560 251 855 795 609 946 
396 1939 1423 611 1254 1153 890 920 1519 1727 722 1271 755 1733 831 584 761 0 1429 1428 1769 1560 1035 1026 1079 439 526 390 657 871 823 1704 1483 1350 596 1412 946 1175 189 180 2 2031 1833 1423 528 2054 874 1425 219 1218 1359 
1613 1108 1015 1442 460 2238 1740 920 1733 1285 880 580 1711 1284 1653 1492 805 1472 0 540 859 232 1894 1251 1300 1689 1351 1420 870 914 851 699 2030 1563 1028 1625 2006 2290 1509 1368 1474 1205 952 148 1434 1212 872 57 1403 645 1573 
1600 819 995 1429 192 2223 1727 895 1720 1294 866 299 1698 1265 1640 1479 791 1446 554 0 955 728 1894 1238 1261 1676 1351 1407 856 898 837 1147 2030 1563 1011 1625 2006 2274 1509 1368 1448 1129 622 553 1421 926 858 553 1361 364 1560 
1914 703 1315 1745 813 2547 2080 1141 2056 1612 1156 933 2033 1583 1971 1795 1118 1753 899 822 0 1050 2179 1554 1623 1983 1649 1723 1157 1227 1172 1493 2346 1881 1307 1950 2287 2582 1808 1666 1755 844 539 898 1737 797 1195 898 1668 1015 1881 
1783 1237 1208 1612 628 2407 1934 1008 1967 1285 1006 748 1893 1291 1862 1662 969 1636 214 708 1034 0 2045 1421 1487 1871 1516 1590 1033 1095 1016 609 2251 1754 1183 1816 2174 2462 1674 1533 1638 1384 1116 308 1604 1375 1063 195 1551 813 1743 
1068 2485 2011 882 1826 1557 501 1411 1074 2318 1409 1844 1184 2324 371 950 1299 1123 2006 2008 2310 2147 0 1197 1616 1144 944 806 1266 1344 1311 2222 889 1881 1358 1950 1424 1579 1027 1125 1125 2575 2365 2033 898 2599 1446 2011 1253 1784 1375 
1037 1824 1257 831 1118 1618 854 751 810 1580 893 1135 1133 1586 1065 833 670 1100 1304 1292 1644 1435 1298 0 947 1104 850 812 770 715 667 1557 981 1217 969 1279 1373 1640 1029 996 1102 1889 1712 1298 847 1964 754 1300 1145 1082 661 
1197 1734 1121 1077 1039 1877 1365 667 1393 1466 771 1069 1346 1472 1278 1098 620 965 1231 1213 1571 1362 1511 917 0 1207 848 1007 714 504 532 1467 1675 779 872 835 1586 1921 993 931 967 1848 1639 1225 1069 1888 484 1227 1069 1016 1233 
225 2246 1738 415 1569 935 990 1160 1545 2047 1173 1586 404 2053 895 785 1122 447 1737 1743 2100 1884 1105 1061 1365 0 775 516 1078 1119 1060 1959 1568 1628 1044 1690 673 957 342 571 445 2336 2126 1731 433 2360 1195 1733 662 1533 1385 
698 1862 1313 498 1178 1218 801 802 1294 1639 788 1195 764 1645 742 240 670 467 1327 1352 1667 1458 923 813 947 746 0 322 620 728 718 1616 1371 1210 747 1272 1008 1240 502 468 469 1904 1735 1321 514 1991 769 1323 559 1142 1146 
420 1967 1448 300 1279 1076 612 920 1294 1752 998 1296 618 1758 553 287 853 417 1454 1453 1794 1585 722 807 1115 531 266 0 837 898 850 1729 1200 1356 838 1418 859 1098 306 418 419 2031 1859 1448 271 2081 914 1450 509 1243 1146 
992 1429 774 775 718 1555 1086 321 1225 1139 168 706 1070 1145 999 777 125 710 870 920 1266 1050 1232 741 762 1023 628 756 0 407 309 1088 1507 1045 184 1107 1310 1577 764 585 708 1568 1334 869 791 1567 367 869 683 633 1146 
1083 1437 776 886 720 1669 1203 330 1225 1230 434 708 1184 1201 1116 888 349 815 886 920 1274 1050 1349 742 478 1097 714 867 377 0 168 1103 1507 890 535 951 1424 1691 850 816 817 1576 1342 885 920 1575 147 885 922 635 1146 
1042 1449 793 856 737 1623 1167 239 1167 1230 466 725 1138 1236 1080 858 218 763 899 940 1286 1050 1313 704 562 1075 662 815 336 192 0 1124 1449 838 518 894 1378 1645 798 764 765 1588 1354 898 872 1587 152 898 855 652 1110 
1758 1592 1245 1587 1004 2377 1899 998 1900 1004 987 1069 1863 1010 1798 1637 942 1612 616 1069 1429 545 2017 1396 1457 1843 1491 1565 989 1074 1004 0 2162 1733 1139 1795 2142 2432 1649 1508 1614 1731 1497 690 1579 1730 1042 589 1551 1016 1718 
1450 2625 2072 1279 1970 1963 666 1516 472 2417 1582 1974 1548 2423 711 1387 1472 1491 2142 2152 2450 2283 812 1010 1765 1526 1356 1197 1439 1475 1416 2347 0 2034 1531 2103 1788 2021 1421 1490 1493 2716 2505 2169 1271 2748 1551 2147 1618 1897 780 
1659 2139 1605 1488 1436 2285 1786 1050 1836 1920 1202 1453 1757 1926 1699 1538 1079 1491 1630 1610 1971 1761 1919 1353 781 1735 1370 1466 1143 933 1017 1848 2143 0 1293 166 2046 2320 1528 1387 1493 2228 2032 1624 1480 2253 927 1626 1536 1400 1675 
1042 1519 931 851 865 1618 1152 468 1393 1285 227 853 1133 1291 1065 853 293 727 994 1069 1356 1125 1298 917 916 1075 704 832 168 554 477 1268 1542 1174 0 1236 1373 1640 816 602 725 1658 1424 988 867 1657 514 990 697 780 1233 
1742 2246 1699 1571 1530 2358 1899 1144 1967 2032 1296 1547 1854 2038 1782 1621 1174 1574 1724 1704 2100 1867 2001 1408 856 1843 1453 1549 1237 1016 1069 1942 2162 185 1387 0 2142 2416 1611 1470 1576 2314 2126 1718 1563 2360 1016 1720 1619 1494 1730 
676 2532 2026 611 1908 406 1152 1459 1743 2379 1457 1899 373 2385 1065 1037 1347 941 2070 2090 2357 2211 1298 1261 1664 621 1040 896 1314 1392 1359 2267 1730 1922 1406 1991 0 446 829 1046 939 2622 2412 2097 727 2646 1494 2075 1140 1822 1583 
906 2821 2298 836 2172 44 1365 1718 2056 2607 1716 2154 586 2613 1278 1322 1606 1222 2321 2354 2629 2462 1511 1511 1987 885 1291 1120 1573 1651 1618 2537 1922 2206 1665 2275 402 0 1142 1328 1220 2919 2684 2348 947 2956 1753 2326 1422 2077 1843 
353 1967 1448 526 1279 1101 803 920 1485 1752 897 1296 718 1758 744 529 850 237 1454 1453 1794 1585 923 1009 1115 402 519 303 832 895 847 1729 1383 1350 771 1412 910 1123 0 315 235 2031 1859 1448 443 2081 898 1450 406 1243 1325 
546 1870 1341 691 1178 1298 990 821 1421 1639 634 1195 901 1645 892 536 659 180 1346 1352 1686 1477 1105 952 982 589 474 451 555 785 737 1616 1568 1253 494 1315 1076 1320 311 0 178 1934 1754 1340 689 1991 788 1342 210 1142 1261 
394 1939 1423 609 1254 1153 892 920 1519 1727 723 1271 753 1733 833 585 762 2 1429 1428 1769 1560 1035 1026 1079 437 527 392 658 872 824 1704 1483 1350 597 1412 946 1175 191 181 0 2031 1833 1423 526 2054 875 1425 220 1218 1359 
2067 471 1485 1926 971 2683 2235 1291 2214 1771 1306 1074 2169 1753 2126 1928 1268 1912 1029 967 790 1160 2334 1704 1773 2152 1799 1880 1307 1377 1322 1603 2504 2034 1457 2103 2423 2728 1930 1818 1910 0 507 1023 1904 460 1345 1025 1822 1155 2082 
1936 198 1348 1767 724 2550 2095 1163 2084 1645 1178 844 2036 1616 1986 1814 1140 1775 930 577 583 1064 2194 1576 1645 2004 1671 1745 1179 1249 1194 1507 2374 1922 1329 1991 2290 2585 1825 1688 1777 554 0 922 1759 313 1217 924 1690 932 1979 
1649 1127 1061 1478 493 2272 1776 920 1769 1348 924 613 1747 1319 1689 1528 838 1488 169 573 892 341 1919 1287 1326 1725 1426 1456 908 950 884 808 2030 1589 1060 1651 2046 2320 1584 1440 1490 1260 992 0 1470 1265 914 168 1403 678 1609 
273 2024 1511 118 1342 935 657 946 1294 1811 996 1359 447 1817 598 520 871 521 1508 1516 1830 1639 767 785 1176 442 524 303 821 942 906 1783 1247 1431 979 1493 688 957 416 645 519 2155 1912 1502 0 2138 981 1504 736 1306 1146 
2121 139 1540 1983 994 2739 2293 1361 2311 1818 1376 1072 2223 1812 2184 1986 1338 1985 1113 810 814 1244 2392 1774 1861 2206 1891 1963 1377 1447 1392 1687 2601 2113 1527 2182 2477 2780 2007 1889 1987 546 289 1107 1973 0 1415 1109 1909 1154 2185 
1053 1375 690 885 634 1669 1203 244 1225 1080 348 622 1184 1086 1116 882 270 766 800 834 1218 985 1349 730 538 1075 665 818 291 145 119 1026 1507 841 449 897 1424 1691 801 767 768 1514 1262 799 920 1513 0 799 858 549 1146 
1623 1108 1033 1452 469 2245 1750 920 1743 1285 889 589 1721 1289 1663 1502 814 1488 49 549 868 215 1894 1261 1301 1699 1370 1430 879 914 860 682 2030 1564 1035 1626 2006 2290 1528 1387 1490 1224 968 157 1444 1231 881 0 1403 654 1583 
559 1878 1423 731 1254 1316 1002 920 1519 1650 635 1271 945 1656 954 645 764 172 1358 1428 1698 1489 1145 1052 1115 602 585 491 660 899 851 1627 1580 1356 599 1418 1107 1338 351 228 170 1940 1766 1352 691 1991 914 1354 0 1218 1359 
1446 1123 712 1275 173 2046 1573 635 1545 1212 627 87 1544 1183 1486 1325 604 1239 687 340 1109 861 1719 1061 1054 1490 1109 1253 641 724 663 1124 1830 1350 799 1412 1784 2104 1276 1135 1241 1421 945 686 1267 1241 684 686 1169 0 1385 
1408 2222 1698 1237 1529 2007 1151 1120 434 1976 1290 1546 1506 1982 1187 1287 1082 1509 1697 1703 2027 1844 1315 952 1416 1484 1281 1215 1195 1079 1020 1924 743 1679 1365 1741 1746 2065 1439 1456 1511 2301 2102 1691 1229 2336 1155 1693 1605 1493 0 
0 2246 1630 332 1492 887 878 1105 1451 1985 1032 1565 435 1987 753 704 1026 330 1810 1687 2070 1881 1002 993 1242 229 667 399 1027 1059 992 1827 1325 1534 963 1587 658 938 289 521 328 2289 2135 1707 232 2339 1126 1800 504 1511 1304 
1962 0 1353 1829 843 2504 2161 1295 2122 1694 1312 933 2073 1700 2024 1839 1225 1731 1016 712 637 1195 2272 1627 1653 2058 1635 1818 1227 1309 1278 1506 2394 2026 1376 2072 2294 2542 1779 1712 1733 475 172 975 1854 143 1274 1012 1853 1013 2062 
1447 1410 0 1289 809 1997 1619 724 1615 995 669 756 1531 989 1522 1300 687 1202 910 978 1175 1096 1707 1102 1151 1531 1106 1283 679 778 745 1208 1856 1458 837 1511 1738 2035 1250 1183 1204 1476 1288 898 1317 1512 754 912 1304 682 1468 
471 1914 1297 0 1170 1026 546 836 1164 1625 815 1243 582 1631 421 453 706 569 1475 1365 1658 1558 641 622 995 575 451 276 691 769 688 1477 1093 1277 778 1330 805 1054 451 601 567 1952 1771 1378 334 2008 816 1471 671 1189 1021 
1414 869 689 1256 0 1975 1586 696 1586 1181 641 106 1498 1175 1489 1287 659 1184 469 157 799 599 1674 1073 1108 1498 1100 1250 651 742 716 967 1825 1409 809 1462 1705 2013 1232 1165 1186 1067 756 484 1284 938 718 469 1286 160 1439 
957 2711 2180 809 2012 0 1306 1621 1955 2518 1621 2023 556 2520 1209 1264 1500 1154 2221 2197 2550 2375 1394 1429 1785 863 1255 1067 1516 1567 1530 2490 1791 2151 1575 2197 374 48 1089 1280 1152 2795 2602 2220 892 2838 1655 2228 1347 1960 1795 
782 2278 1666 647 1528 1343 0 1141 840 2028 1157 1601 893 2030 254 742 1034 858 1843 1723 2120 1914 474 774 1328 886 740 565 1052 1117 1050 1848 601 1620 1111 1673 1106 1371 740 890 856 2332 2167 1743 645 2372 1184 1850 956 1547 1159 
1051 1336 721 899 777 1617 1249 0 1255 1092 425 724 1158 1098 1152 939 299 836 830 896 1088 984 1337 732 672 1108 768 895 326 342 255 1139 1418 1020 484 1073 1365 1645 872 788 834 1378 1214 806 897 1438 288 830 953 650 1154 
1358 2255 1634 1200 1496 1920 878 1109 0 1993 1287 1569 1442 1995 944 1259 1072 1378 1810 1691 2120 1881 1096 867 1301 1442 1210 1194 1179 1085 1018 1827 468 1593 1319 1646 1649 1958 1360 1359 1380 2309 2144 1711 1228 2349 1152 1817 1480 1515 448 
1814 1645 921 1654 1061 2348 2022 1137 2037 0 1143 1157 1919 6 1885 1671 1067 1573 1227 1213 1410 1297 2133 1469 1495 1911 1477 1648 1069 1151 1120 985 2174 1787 1218 1853 2137 2386 1621 1554 1575 1711 1523 1186 1682 1747 1116 1223 1675 1120 1843 
994 1366 671 834 727 1544 1168 414 1318 1225 0 674 1085 1231 1071 867 267 719 875 884 1137 1070 1256 806 754 1074 704 830 170 459 435 1139 1503 1138 229 1191 1292 1572 843 606 717 1432 1244 851 832 1468 435 875 643 600 1173 
1405 966 677 1247 103 1959 1577 684 1586 1198 629 0 1489 1192 1480 1278 647 1184 572 260 930 702 1665 1073 1108 1489 1089 1241 639 738 705 1084 1825 1409 797 1462 1696 1997 1232 1165 1186 1218 859 587 1275 1044 714 572 1283 77 1439 
419 2194 1584 262 1446 541 808 1059 1410 1948 1097 1519 0 1950 683 715 964 663 1758 1641 2033 1827 917 884 1242 410 713 538 982 1020 951 1764 1260 1534 1054 1587 396 577 622 854 661 2247 2083 1661 345 2288 1091 1754 837 1465 1263 
1807 1645 950 1644 1061 2339 2022 1127 1955 6 1143 1157 1908 0 1865 1661 1057 1563 1227 1213 1410 1297 2113 1459 1485 1904 1467 1638 1059 1141 1110 985 2174 1777 1208 1830 2137 2377 1611 1544 1565 1711 1523 1171 1672 1747 1106 1223 1665 1120 1825 
765 2255 1634 630 1496 1293 291 1109 868 1993 1150 1569 876 1995 0 725 1018 841 1810 1691 2120 1881 306 993 1301 869 723 548 1045 1085 1018 1827 629 1593 1104 1646 1106 1321 723 873 839 2309 2144 1711 628 2349 1152 1817 953 1515 1159 
592 2048 1415 483 1277 1207 772 949 1334 1759 883 1350 729 1765 647 0 774 568 1605 1472 1788 1692 867 831 1068 722 221 295 759 865 805 1611 1238 1382 846 1435 968 1235 480 527 566 2119 1929 1508 481 2142 914 1601 667 1296 1184 
869 1279 694 734 743 1455 1049 260 1077 1058 263 697 973 1064 969 767 0 671 789 855 1061 941 1154 567 659 943 603 730 100 325 171 1047 1250 954 278 1007 1207 1483 707 623 669 1345 1157 765 732 1381 264 789 749 623 967 
380 1946 1339 531 1201 1078 919 873 1445 1651 719 1274 676 1657 788 572 786 0 1500 1396 1683 1584 1002 993 995 365 477 416 693 806 725 1503 1410 1277 631 1330 864 1106 191 194 2 1987 1796 1403 462 2040 826 1496 234 1220 1298 
1576 959 1003 1418 472 2121 1748 949 1746 1225 863 562 1660 1231 1651 1431 835 1333 0 522 800 191 1874 1233 1286 1660 1237 1412 839 914 881 559 2018 1578 995 1631 1879 2159 1381 1314 1335 1067 856 167 1446 1080 883 58 1435 629 1599 
1531 758 847 1373 158 2098 1703 854 1701 1280 799 245 1615 1286 1606 1380 778 1282 529 0 819 659 1791 1188 1242 1615 1186 1367 782 850 824 1084 2016 1534 940 1587 1828 2136 1330 1263 1284 1076 645 544 1401 822 826 529 1384 312 1554 
1859 587 1281 1714 838 2402 2086 1197 2037 1631 1214 933 1971 1637 1949 1731 1127 1633 930 829 0 1112 2197 1529 1555 1978 1537 1708 1129 1211 1180 1420 2255 1867 1278 1913 2192 2440 1681 1614 1635 707 487 940 1742 725 1176 918 1735 1013 1949 
1726 1143 1177 1568 626 2248 1924 1033 1888 1225 1010 716 1845 1231 1803 1585 981 1487 207 676 956 0 2026 1383 1401 1813 1391 1562 992 1057 1026 479 2150 1693 1141 1746 2046 2286 1535 1468 1489 1218 1021 299 1596 1242 1022 197 1589 783 1749 
978 2488 1848 817 1700 1514 478 1313 1039 2174 1335 1773 1076 2176 329 912 1214 999 1980 1895 2325 2134 0 1153 1499 1048 919 735 1230 1281 1222 2097 826 1791 1289 1860 1283 1542 911 1036 1001 2542 2377 1880 815 2582 1356 1987 1140 1719 1287 
865 1855 1197 730 1111 1455 842 745 805 1539 864 1184 973 1545 962 763 658 978 1415 1306 1598 1472 1147 0 911 965 764 726 758 678 597 1391 896 1189 929 1242 1207 1483 904 952 980 1896 1711 1293 728 1949 725 1411 1073 1130 757 
1155 1743 1100 999 1061 1698 1323 658 1410 1455 760 1089 1239 1461 1226 992 620 920 1325 1256 1508 1408 1411 862 0 1233 853 994 661 487 539 1327 1637 845 819 912 1446 1726 959 873 919 1816 1621 1171 1025 1846 484 1321 995 1035 1263 
250 2323 1694 438 1556 807 993 1169 1557 2032 1166 1629 400 2034 859 792 1093 403 1897 1751 2160 1947 1076 1073 1314 0 786 524 1078 1145 1078 1874 1463 1606 1027 1659 571 843 362 594 401 2377 2212 1771 447 2417 1184 1903 577 1575 1410 
621 1855 1210 513 1148 1207 817 759 1318 1566 709 1221 759 1572 692 228 600 481 1417 1343 1600 1499 919 814 885 740 0 301 585 691 611 1418 1270 1172 635 1225 1009 1235 467 440 479 1896 1713 1301 511 1949 712 1413 580 1167 1173 
322 2048 1415 288 1277 1009 610 949 1255 1759 913 1350 567 1765 485 305 806 398 1605 1472 1788 1692 705 739 1085 452 268 0 791 886 805 1611 1096 1382 836 1435 790 1037 226 434 396 2119 1929 1508 267 2142 919 1601 504 1296 1154 
860 1336 732 725 775 1455 1047 312 1164 1089 163 735 973 1095 962 758 97 675 821 887 1088 978 1147 664 756 953 595 721 0 377 268 1079 1381 1020 178 1073 1207 1483 734 562 673 1378 1214 797 723 1438 353 821 649 661 1064 
990 1301 706 830 762 1543 1168 313 1164 1089 415 709 1084 1095 1071 863 300 767 817 883 1088 978 1256 663 466 1045 699 826 316 0 164 1072 1381 880 474 946 1291 1571 803 719 765 1378 1179 793 828 1403 139 817 866 635 1064 
933 1279 695 794 744 1515 1168 224 1164 1058 403 698 1056 1064 1071 827 181 731 790 856 1061 949 1256 627 569 1019 663 790 281 167 0 1047 1343 838 459 906 1263 1543 767 683 729 1345 1157 766 792 1381 143 790 830 624 1021 
1647 1571 1194 1489 994 2178 1828 969 1830 926 936 1089 1731 932 1722 1505 910 1407 595 1053 1336 462 1972 1304 1347 1731 1311 1483 941 994 957 0 2099 1639 1090 1692 1992 2216 1455 1388 1409 1637 1449 669 1517 1673 959 569 1509 1035 1670 
1347 2488 1848 1189 1709 1860 567 1322 434 2174 1444 1782 1431 2176 620 1293 1285 1340 1980 1907 2325 2134 866 846 1512 1431 1196 1109 1339 1298 1231 2097 0 1867 1398 1860 1638 1904 1275 1377 1342 2542 2377 1909 1217 2582 1365 1987 1481 1728 732 
1416 2029 1374 1258 1236 1982 1588 949 1651 1744 1041 1309 1500 1750 1491 1284 887 1184 1590 1431 1773 1677 1676 1138 697 1500 1100 1252 941 754 806 1596 1884 0 1090 152 1707 2020 1232 1165 1186 2119 1920 1493 1286 2123 751 1586 1286 1255 1504 
965 1571 854 799 918 1515 1168 520 1410 1334 222 857 1056 1340 1071 832 320 715 1081 1103 1336 1215 1256 881 935 1033 669 795 223 585 491 1216 1574 1212 0 1265 1263 1543 808 602 713 1637 1449 1040 797 1673 561 1077 689 783 1263 
1475 2079 1428 1317 1290 2027 1647 969 1684 1788 1093 1363 1559 1794 1550 1343 948 1245 1634 1485 1910 1721 1735 1171 754 1559 1149 1311 992 811 863 1640 1919 163 1141 0 1766 2065 1293 1226 1247 2119 1969 1537 1345 2173 808 1630 1347 1309 1537 
745 2566 1918 608 1819 375 1168 1415 1736 2288 1431 1877 384 2290 1071 1040 1310 867 2074 2004 2403 2228 1256 1223 1595 598 1072 884 1326 1377 1324 2267 1653 1945 1385 1991 0 411 826 1025 865 2620 2455 2022 691 2660 1458 2081 1052 1818 1589 
993 2763 2250 853 2079 44 1335 1687 2037 2544 1687 2090 600 2546 1238 1324 1566 1209 2275 2264 2604 2429 1423 1495 1879 910 1300 1098 1582 1633 1596 2516 1825 2227 1641 2273 405 0 1144 1335 1207 2843 2656 2274 941 2901 1721 2282 1402 2027 1866 
355 2029 1395 483 1257 1064 806 949 1437 1744 819 1330 663 1750 681 567 843 215 1590 1452 1773 1677 917 936 1050 352 510 310 839 863 782 1596 1260 1341 804 1394 851 1092 0 364 213 2119 1920 1493 414 2123 883 1586 338 1276 1290 
523 1855 1258 653 1148 1251 935 821 1410 1566 637 1221 819 1572 817 520 664 147 1417 1343 1600 1499 1034 897 961 508 425 427 570 754 673 1418 1411 1227 525 1280 1005 1279 295 0 145 1896 1713 1337 605 1949 774 1413 189 1167 1263 
378 1946 1339 529 1201 1078 925 875 1451 1651 721 1274 674 1657 790 574 788 2 1500 1396 1683 1584 1002 993 995 363 479 414 695 808 727 1503 1410 1277 633 1330 862 1106 193 196 0 1987 1796 1403 460 2040 828 1496 236 1220 1304 
2036 507 1438 1929 998 2605 2239 1358 2185 1786 1375 1130 2174 1792 2102 1896 1288 1794 1162 997 762 1296 2350 1690 1716 2141 1698 1881 1290 1372 1341 1638 2460 2071 1439 2117 2395 2643 1850 1775 1796 0 524 1121 1905 461 1337 1158 1889 1184 2125 
1846 195 1261 1692 693 2402 2086 1175 2037 1623 1192 780 1971 1618 1949 1709 1105 1611 892 562 541 1088 2197 1507 1533 1953 1515 1686 1107 1189 1158 1401 2255 1867 1256 1883 2192 2440 1659 1592 1613 495 0 922 1720 282 1154 892 1713 847 1890 
1571 947 952 1413 459 2121 1743 898 1741 1280 850 549 1655 1286 1646 1422 822 1324 149 509 787 257 1874 1228 1265 1655 1228 1407 826 894 868 619 2018 1557 995 1610 1878 2159 1372 1305 1326 1049 843 0 1441 1065 870 141 1426 616 1594 
225 2029 1402 100 1264 899 646 949 1255 1744 913 1337 447 1750 521 539 806 434 1590 1459 1773 1677 741 722 1091 439 542 294 791 869 788 1596 1121 1382 878 1435 670 938 393 625 432 2119 1920 1493 0 2123 920 1586 608 1283 1154 
2069 135 1487 1954 946 2638 2274 1398 2227 1827 1415 1046 2207 1833 2137 1939 1328 1855 1195 780 771 1329 2385 1730 1756 2173 1738 1923 1330 1412 1381 1678 2482 2118 1479 2164 2428 2676 1887 1821 1855 497 260 1154 1942 0 1377 1191 1909 1113 2167 
1012 1252 634 859 690 1570 1191 241 1255 1028 343 637 1111 1034 1094 892 302 787 745 811 1027 875 1279 728 519 1089 719 855 244 130 174 1015 1416 870 402 930 1318 1598 823 739 785 1307 1130 721 857 1354 0 745 865 563 1154 
1576 959 1003 1418 473 2121 1748 949 1746 1225 864 563 1660 1231 1651 1449 836 1351 59 523 801 172 1874 1233 1286 1660 1255 1412 840 914 882 534 2018 1578 1002 1631 1879 2159 1399 1332 1353 1067 857 156 1446 1080 884 0 1453 630 1599 
587 1855 1245 738 1148 1315 1047 949 1552 1566 620 1221 883 1572 962 677 748 223 1417 1343 1600 1499 1147 1041 1091 572 582 570 654 916 830 1418 1532 1382 592 1435 1069 1343 414 231 221 1896 1713 1301 669 1949 932 1413 0 1167 1405 
1342 1076 614 1184 169 1920 1514 621 1535 1138 566 90 1426 1144 1417 1230 584 1104 638 326 988 768 1602 1002 1002 1426 1040 1178 576 675 642 1066 1762 1341 734 1394 1633 1958 1152 1085 1106 1218 908 634 1212 1173 651 638 1206 0 1388 
1300 2165 1551 1142 1413 1859 1128 1043 421 1911 1204 1486 1384 1917 1214 1201 991 1303 1725 1608 2014 1813 1332 788 1242 1384 1139 1136 1096 996 928 1731 734 1534 1245 1587 1591 1897 1302 1284 1305 2233 2054 1628 1170 2259 1068 1721 1405 1432 0 
0 2226 1593 381 1485 937 896 1068 1463 1970 1092 1518 513 1976 780 633 988 349 1703 1686 1962 1827 992 1015 1234 249 663 330 1031 1046 970 1876 1429 1494 935 1549 774 969 273 470 347 2215 2084 1701 227 2311 1044 1701 536 1450 1342 
2126 0 1488 2089 907 2781 2373 1316 2207 1734 1310 1002 2385 1728 2329 1981 1265 1836 1028 778 716 1155 2471 1727 1755 2121 1763 1917 1319 1360 1324 1517 2471 2009 1458 2054 2581 2813 1841 1768 1834 457 160 1026 2046 122 1300 1026 1822 1074 2152 
1562 1434 0 1581 811 2244 1874 701 1665 926 741 820 1857 935 1725 1462 742 1362 1028 1016 1290 1155 1945 1203 1227 1599 1253 1375 779 858 818 1190 2018 1487 929 1542 2033 2276 1329 1258 1360 1623 1370 1026 1533 1559 814 1026 1365 732 1544 
507 1914 1417 0 1309 1019 545 869 1135 1730 858 1342 607 1739 429 400 719 509 1455 1510 1740 1582 662 651 1045 607 466 276 731 883 797 1618 1127 1335 797 1390 855 1051 439 554 511 1995 1819 1453 338 2009 895 1453 649 1274 1050 
1460 864 719 1465 0 2158 1759 595 1552 1166 635 104 1690 1160 1609 1346 636 1260 500 178 794 652 1829 1090 1099 1497 1133 1273 673 752 712 1030 1857 1405 817 1460 1943 2190 1227 1156 1258 1121 687 504 1417 969 708 499 1250 172 1431 
970 2838 2242 817 2124 0 1365 1719 1950 2605 1749 2189 575 2611 1233 1269 1585 1149 2308 2291 2568 2442 1445 1468 1904 843 1307 1080 1611 1697 1621 2477 1871 2185 1685 2230 417 44 1142 1271 1147 2821 2693 2315 893 2931 1693 2304 1309 2114 1820 
1276 2554 1960 1116 1818 1306 0 1415 854 2349 1445 1867 1273 2355 245 1023 1281 1326 2044 1985 2284 2178 478 868 1601 1398 1062 1037 1307 1393 1317 2179 572 1889 1381 1934 1375 1338 1228 1313 1328 2519 2409 2051 1118 2639 1389 2040 1419 1780 1213 
1120 1359 797 1083 737 1751 1380 0 1283 1227 430 746 1316 1236 1230 1016 288 877 934 909 1215 1070 1442 776 675 1157 818 942 358 327 241 1047 1559 960 532 1015 1574 1783 883 824 875 1548 1295 888 1035 1484 267 932 922 658 1162 
1570 2346 1707 1474 1599 2057 835 1199 0 2106 1336 1632 1699 2112 976 1369 1140 1547 1830 1800 2076 1967 1076 861 1442 1710 1313 1373 1306 1177 1101 2008 456 1702 1448 1757 1974 2101 1514 1443 1545 2311 2201 1822 1426 2431 1220 1818 1572 1564 443 
1912 1671 918 1882 1128 2596 2193 1135 2029 0 1137 1201 2182 6 2155 1795 1084 1691 1242 1329 1527 1283 2297 1546 1574 1902 1582 1704 1138 1179 1143 1004 2257 1854 1277 1899 2362 2628 1658 1587 1689 1848 1607 1240 1871 1796 1119 1240 1643 1134 1948 
1073 1410 728 1029 668 1665 1298 345 1302 1227 0 677 1230 1236 1148 900 292 741 1028 846 1266 1155 1360 843 850 1111 789 914 147 502 462 1190 1619 1141 224 1196 1488 1697 833 620 739 1599 1346 932 958 1535 439 1026 650 589 1181 
1502 984 770 1521 117 2214 1806 646 1612 1251 686 0 1746 1245 1665 1402 687 1302 617 277 934 769 1911 1150 1160 1539 1193 1315 724 803 763 1074 1894 1434 868 1489 1981 2246 1269 1198 1300 1277 804 621 1473 1091 759 616 1303 100 1491 
384 2317 1690 283 1582 564 828 1182 1402 2106 1172 1615 0 2112 712 683 1012 692 1800 1783 2047 1956 921 943 1377 374 749 551 1034 1158 1084 1973 1361 1637 1108 1692 487 608 616 813 690 2282 2172 1798 359 2402 1165 1798 879 1547 1281 
1912 1671 918 1914 1128 2622 2193 1149 2029 6 1137 1201 2182 0 2155 1812 1098 1705 1242 1329 1527 1283 2297 1560 1588 1928 1596 1718 1152 1193 1157 1010 2280 1854 1291 1899 2388 2654 1672 1601 1703 1848 1607 1240 1871 1796 1133 1240 1643 1134 1955 
1274 2786 2182 1101 2099 1306 271 1661 930 2551 1691 2164 1273 2557 0 1235 1527 1319 2245 2266 2505 2379 317 1139 1871 1398 1249 1030 1553 1639 1563 2423 663 2112 1627 2157 1375 1338 1221 1306 1321 2748 2630 2252 1103 2865 1635 2241 1412 2089 1283 
619 1965 1450 625 1342 1156 781 949 1283 1768 892 1375 736 1777 665 0 753 537 1493 1543 1778 1620 898 778 1082 700 245 312 765 919 831 1656 1314 1362 831 1417 1019 1188 467 542 539 2073 1855 1491 467 2050 932 1491 637 1307 1162 
982 1359 819 999 759 1527 1214 227 1135 1227 285 768 1092 1236 1064 787 0 739 934 935 1215 1070 1276 635 723 1041 676 799 127 382 216 1047 1385 1007 302 1062 1350 1559 745 686 737 1548 1295 889 818 1484 284 932 781 680 1038 
369 1844 1361 630 1253 1054 882 817 1402 1676 793 1286 666 1685 766 546 757 0 1395 1454 1680 1522 992 1000 991 358 473 386 751 831 745 1564 1399 1289 659 1344 880 1086 181 131 2 1943 1760 1393 472 1943 843 1393 210 1218 1281 
1651 995 1046 1684 470 2347 1968 876 1763 1310 886 574 1922 1304 1919 1555 831 1451 0 536 771 218 2037 1301 1337 1688 1342 1464 893 979 912 572 2068 1597 1038 1652 2113 2379 1418 1347 1449 1112 869 167 1636 1110 914 37 1476 642 1642 
1626 736 899 1654 180 2322 1932 775 1715 1292 815 277 1922 1286 1798 1530 804 1426 556 0 830 708 2012 1253 1311 1663 1317 1439 853 932 881 1089 2018 1571 1006 1626 2088 2354 1393 1322 1424 1052 559 560 1606 835 877 555 1426 345 1594 
1996 666 1396 1981 840 2672 2274 1220 2121 1642 1214 961 2277 1636 2225 1884 1169 1776 934 869 0 1054 2367 1631 1659 1978 1667 1789 1223 1264 1228 1416 2355 1932 1362 1977 2438 2709 1743 1672 1774 750 558 934 1938 755 1204 932 1720 1033 2075 
1798 1094 1207 1852 620 2512 2090 1041 1950 1366 1061 724 2063 1375 2045 1702 992 1598 222 686 934 0 2187 1453 1480 1856 1489 1611 1042 1085 1049 486 2214 1740 1183 1795 2278 2544 1565 1494 1596 1277 1030 295 1783 1219 1025 192 1562 792 1794 
1518 3085 2514 1363 2396 1487 482 1923 1047 2898 1986 2461 1454 2910 357 1447 1779 1540 2602 2563 2869 2738 0 1353 2093 1557 1470 1251 1813 1890 1819 2767 867 2395 1936 2440 1556 1519 1442 1527 1542 3175 3006 2609 1362 3160 1912 2598 1633 2386 1363 
1057 1789 1321 999 1222 1610 859 776 795 1639 957 1255 1175 1648 1088 855 738 1140 1360 1423 1645 1487 1300 0 998 1186 910 867 865 790 704 1527 896 1289 1022 1344 1433 1642 1062 1036 1138 1916 1725 1358 886 1907 841 1358 1165 1187 731 
1227 1694 1210 1218 1105 1894 1512 657 1402 1552 823 1121 1443 1561 1362 1124 668 1020 1265 1306 1550 1392 1574 926 0 1264 925 1032 789 515 578 1440 1719 798 899 867 1699 1938 995 913 1018 1848 1630 1263 1170 1820 539 1263 1045 1053 1281 
253 2302 1676 462 1568 796 1049 1168 1576 2106 1149 1601 419 2112 891 796 1106 444 1786 1769 2037 1922 1094 1114 1341 0 780 549 1113 1146 1070 1961 1543 1601 1034 1656 616 828 368 565 442 2267 2157 1784 444 2387 1129 1784 631 1533 1455 
594 1780 1302 690 1191 1242 846 756 1283 1639 745 1224 801 1648 730 225 606 461 1351 1392 1636 1478 958 790 943 675 0 287 618 770 684 1527 1337 1221 669 1276 1088 1274 442 418 463 1912 1716 1349 525 1896 782 1349 513 1156 1162 
309 2096 1494 432 1386 1011 613 982 1283 1856 987 1419 592 1862 497 303 843 380 1579 1587 1856 1706 730 775 1142 507 333 0 855 958 886 1742 1181 1434 848 1489 840 1043 310 425 382 2091 1970 1577 240 2181 974 1577 520 1351 1162 
985 1373 838 999 778 1528 1214 316 1283 1227 158 787 1093 1236 1064 788 145 715 993 962 1229 1116 1276 778 810 1041 677 800 0 462 361 1067 1497 1117 175 1172 1351 1560 755 591 713 1562 1309 932 819 1498 418 991 690 699 1162 
1093 1373 816 1050 756 1670 1298 337 1218 1227 453 765 1235 1236 1148 918 377 839 993 929 1229 1120 1360 743 534 1117 780 901 417 0 192 1074 1520 960 561 986 1493 1702 845 786 837 1562 1309 932 958 1498 142 991 881 677 1132 
1033 1359 817 999 757 1633 1270 197 1135 1227 462 766 1198 1236 1120 873 188 789 934 929 1215 1070 1332 685 589 1067 730 851 315 209 0 1047 1435 858 490 933 1456 1665 795 736 787 1548 1295 887 918 1484 170 932 831 678 1068 
1798 1421 1207 1852 973 2512 2090 1027 1950 936 1015 1066 2063 945 2045 1702 964 1598 572 1047 1277 493 2187 1453 1462 1856 1489 1611 1042 1085 1024 0 2214 1740 1178 1795 2278 2544 1565 1494 1596 1610 1357 645 1783 1546 1025 542 1562 998 1794 
1586 2659 2075 1490 1935 1840 574 1527 467 2403 1616 1981 1715 2409 726 1434 1452 1600 2129 2102 2389 2263 921 991 1770 1726 1355 1311 1478 1505 1429 2305 0 2039 1552 2084 1924 1884 1502 1587 1602 2624 2514 2134 1442 2746 1548 2125 1693 1906 764 
1502 2034 1466 1514 1358 2206 1806 995 1638 1800 1069 1391 1739 1806 1658 1395 926 1302 1525 1559 1830 1652 1911 1176 698 1539 1193 1315 1042 794 831 1688 1919 0 1183 149 1981 2238 1269 1198 1300 2073 1908 1523 1466 2119 802 1523 1327 1323 1517 
1033 1525 951 999 883 1610 1238 461 1402 1345 226 892 1175 1354 1088 854 325 712 1098 1093 1381 1225 1300 1000 965 1069 735 856 180 607 541 1259 1550 1245 0 1300 1433 1642 800 588 710 1714 1461 1096 885 1650 563 1096 687 804 1281 
1562 2137 1524 1581 1416 2244 1874 1066 1715 1881 1143 1449 1857 1887 1725 1462 994 1362 1600 1617 1887 1727 1945 1253 771 1599 1253 1375 1120 867 912 1763 2018 170 1259 0 2033 2276 1329 1258 1360 2106 1991 1598 1533 2222 875 1598 1387 1381 1594 
739 2666 2075 642 1935 409 1229 1549 1765 2433 1579 2005 400 2439 1079 1093 1415 895 2136 2102 2396 2270 1291 1303 1735 611 1092 914 1441 1527 1451 2305 1732 2009 1460 2054 0 441 819 998 893 2631 2521 2143 718 2746 1523 2132 1078 1930 1644 
1022 2926 2308 861 2190 44 1413 1779 2029 2678 1816 2255 619 2684 1281 1329 1645 1188 2381 2357 2641 2515 1493 1528 1962 887 1353 1134 1671 1757 1681 2550 1925 2237 1745 2282 431 0 1181 1310 1186 2903 2777 2388 969 3010 1753 2377 1348 2180 1878 
343 1851 1396 577 1288 1037 778 840 1402 1694 887 1321 652 1703 662 502 780 165 1419 1489 1704 1546 895 1000 1011 344 485 282 803 854 768 1582 1303 1304 730 1359 866 1069 0 286 163 1954 1784 1417 416 1963 866 1417 350 1253 1281 
485 1780 1330 746 1222 1202 960 805 1402 1639 689 1255 782 1648 799 562 711 162 1351 1423 1636 1478 1017 943 984 474 484 419 620 819 733 1527 1450 1289 528 1344 985 1234 250 0 160 1912 1716 1349 619 1896 831 1349 197 1187 1281 
367 1847 1378 628 1270 1054 884 819 1402 1676 794 1303 664 1685 768 548 759 2 1401 1471 1686 1528 992 1000 991 356 475 388 753 833 747 1564 1399 1289 661 1344 878 1086 183 133 0 1943 1766 1399 470 1948 845 1399 211 1235 1281 
2138 441 1516 2089 950 2793 2378 1329 2207 1762 1323 1072 2385 1756 2329 1981 1278 1836 1046 986 739 1173 2471 1740 1768 2133 1776 1935 1332 1373 1337 1535 2471 2039 1471 2084 2593 2825 1852 1781 1834 0 484 1044 2046 431 1313 1044 1853 1144 2154 
1962 177 1380 1967 746 2666 2242 1196 2121 1626 1190 843 2262 1620 2193 1848 1145 1752 910 619 604 1043 2335 1607 1635 1972 1643 1765 1199 1240 1204 1405 2342 1889 1338 1934 2432 2698 1719 1648 1750 470 0 922 1924 276 1180 914 1696 918 2075 
1651 995 1006 1684 469 2347 1968 875 1763 1310 885 573 1922 1304 1919 1555 830 1451 124 535 770 254 2037 1301 1337 1688 1342 1464 892 975 912 608 2068 1597 1038 1652 2113 2379 1418 1347 1449 1098 868 0 1636 1090 914 105 1476 641 1642 
215 2175 1554 225 1446 833 690 1046 1283 1955 1012 1479 405 1961 574 545 864 459 1664 1647 1924 1791 807 796 1227 405 611 314 876 994 945 1827 1232 1487 949 1542 653 865 383 580 457 2168 2033 1662 0 2260 1009 1662 646 1411 1162 
2301 134 1638 2294 1037 3011 2522 1467 2370 1894 1461 1093 2590 1888 2534 2123 1416 1986 1098 856 818 1225 2676 1903 1904 2296 1929 2056 1470 1511 1475 1587 2634 2185 1609 2230 2773 3043 2040 1937 1984 444 254 1096 2251 0 1451 1096 2012 1165 2317 
1046 1270 694 1050 634 1670 1304 207 1218 1030 331 643 1235 1039 1154 920 303 804 838 812 1102 987 1366 749 539 1111 745 866 295 142 157 962 1526 871 439 947 1493 1702 810 751 802 1439 1206 794 958 1395 0 837 846 555 1162 
1651 995 1046 1684 466 2347 1968 872 1763 1310 882 570 1922 1304 1919 1555 827 1451 35 532 767 188 2037 1301 1337 1688 1342 1464 889 952 912 542 2068 1597 1038 1652 2113 2379 1418 1347 1449 1079 865 142 1636 1090 900 0 1426 638 1642 
538 1780 1330 799 1222 1253 1066 949 1513 1639 692 1255 835 1648 903 672 854 183 1351 1423 1636 1478 1112 1053 1105 527 599 522 746 944 862 1527 1561 1405 654 1460 1032 1285 353 229 181 1912 1716 1349 641 1896 960 1349 0 1187 1392 
1417 1042 684 1427 201 2129 1721 560 1518 1166 600 102 1652 1160 1571 1281 601 1217 701 361 1001 853 1783 1053 1060 1454 1105 1228 638 717 677 999 1824 1362 782 1417 1895 2161 1184 1113 1215 1327 888 690 1379 1141 673 700 1242 0 1397 
1398 2226 1593 1302 1485 1984 1113 1068 393 1970 1222 1518 1527 1976 1152 1197 1009 1426 1703 1686 1962 1827 1326 737 1311 1538 1177 1203 1175 1046 970 1876 687 1571 1322 1626 1785 2028 1393 1322 1424 2215 2084 1701 1254 2311 1086 1701 1451 1450 0 
0 1865 1408 275 1350 773 772 939 1374 1799 854 1363 396 1806 704 474 841 299 1486 1512 1730 1609 873 852 1143 166 445 233 746 954 884 1656 1255 1392 743 1437 611 805 264 368 297 1959 1797 1491 202 1971 964 1482 439 1300 1209 
1997 0 1330 1874 739 2458 2150 1250 2163 1726 1283 826 2080 1720 2108 1839 1251 1709 1011 628 499 1134 2253 1652 1635 2018 1694 1798 1251 1322 1282 1529 2304 1917 1391 1962 2314 2490 1798 1634 1707 362 144 1016 1847 106 1265 1007 1688 880 2013 
1389 1202 0 1311 635 1878 1595 616 1548 862 637 644 1494 856 1555 1246 649 1079 813 806 1066 943 1699 1076 1015 1380 1101 1211 632 748 707 1015 1727 1347 772 1392 1766 1910 1211 1004 1077 1279 1134 877 1284 1303 702 809 1058 581 1383 
414 1675 1249 0 1191 925 497 717 1129 1622 734 1204 542 1628 429 344 626 430 1296 1353 1540 1419 598 577 940 494 361 240 608 712 666 1479 995 1195 686 1240 748 957 379 441 432 1760 1607 1301 275 1776 738 1292 537 1141 875 
1364 806 629 1275 0 1837 1559 594 1543 1152 615 103 1458 1146 1519 1216 627 1054 448 171 710 578 1663 1071 1001 1355 1064 1179 610 712 683 927 1722 1320 750 1365 1730 1869 1186 979 1052 948 669 512 1248 871 666 444 1033 156 1378 
750 2345 1877 660 1818 0 1062 1384 1722 2257 1382 1829 435 2263 1019 1015 1283 1009 1984 1971 2213 2106 1166 1250 1553 687 1022 868 1269 1363 1328 2150 1544 1854 1340 1853 309 44 949 1086 1007 2430 2273 1994 703 2446 1405 1980 1149 1763 1557 
927 2108 1647 766 1589 1062 0 1160 760 2080 1149 1602 979 2086 212 774 1036 942 1725 1751 1970 1854 381 695 1322 1028 797 752 1036 1141 1089 1899 539 1571 1107 1616 1144 1094 891 955 944 2189 2036 1730 772 2209 1181 1721 1049 1539 922 
931 1136 655 930 605 1496 1161 0 1209 1004 272 614 1118 1010 1177 765 181 653 732 776 987 862 1321 610 533 943 615 732 199 230 131 889 1250 819 349 864 1390 1528 732 578 651 1210 1056 794 915 1237 136 728 632 551 920 
1419 2075 1609 1283 1551 1793 761 1122 0 1980 1274 1564 1466 1986 809 1280 1117 1437 1687 1713 1938 1813 880 846 1331 1474 1236 1267 1206 1137 1067 1862 414 1580 1351 1625 1738 1838 1406 1390 1439 2153 2003 1692 1256 2176 1143 1683 1505 1501 370 
1761 1493 721 1636 1021 2203 1919 1016 1950 0 1049 1091 1825 6 1876 1596 1017 1474 1088 1183 1358 1098 2021 1418 1402 1772 1460 1564 1016 1118 1062 927 2150 1693 1156 1738 2049 2235 1564 1399 1472 1578 1425 1093 1609 1594 1061 1084 1453 1028 1725 
877 1248 689 947 639 1501 1144 273 1272 1180 0 648 1123 1174 1182 751 201 567 845 810 1118 979 1326 722 711 868 640 726 130 387 352 1015 1368 976 206 1021 1316 1533 699 492 565 1333 1180 911 922 1349 341 841 546 585 1045 
1357 883 617 1255 103 1825 1539 582 1514 1152 603 0 1438 1146 1499 1211 615 1047 544 239 806 674 1643 1039 989 1348 1053 1161 598 711 673 962 1693 1320 738 1365 1710 1857 1161 970 1045 1025 746 608 1228 952 665 540 1026 77 1349 
319 1878 1436 229 1378 428 726 950 1272 1819 965 1391 0 1825 658 573 855 553 1499 1540 1743 1622 827 806 1172 284 590 437 837 972 895 1669 1218 1421 929 1466 317 460 518 622 551 1970 1809 1504 272 1984 975 1495 693 1328 1125 
1754 1475 727 1629 1021 2194 1913 1008 1883 6 1041 1091 1825 0 1868 1589 1010 1466 1088 1161 1340 1211 2013 1411 1394 1765 1453 1557 1008 1118 1055 939 2145 1693 1148 1738 2049 2226 1557 1391 1464 1560 1407 1093 1602 1576 1061 1084 1445 1028 1718 
907 2260 1798 742 1740 1038 224 1311 806 2194 1342 1753 976 2200 0 918 1243 995 1884 1907 2128 2006 240 917 1513 1007 929 800 1229 1323 1256 2056 604 1762 1300 1812 1123 1070 942 1003 997 2345 2188 1894 748 2361 1332 1880 1097 1690 1032 
467 1694 1269 426 1211 1048 713 736 1272 1628 723 1224 676 1634 645 0 615 433 1315 1373 1559 1438 814 706 917 557 166 236 597 701 673 1485 1139 1195 675 1240 882 1080 383 403 435 1779 1626 1320 400 1795 757 1311 501 1161 1045 
853 1175 709 835 659 1430 1018 178 1129 1097 196 668 1052 1103 1108 648 0 561 790 830 1038 927 1252 561 602 862 537 656 100 286 161 948 1250 885 257 930 1316 1462 656 486 559 1279 1107 852 818 1276 205 786 540 605 859 
314 1616 1162 430 1086 958 761 657 1374 1537 571 1098 593 1543 693 453 558 0 1237 1248 1481 1360 862 872 898 305 380 267 463 733 666 1394 1245 1148 460 1193 752 990 147 110 2 1701 1548 1242 387 1717 731 1233 172 1035 1209 
1573 852 892 1448 520 2013 1732 819 1702 1200 851 610 1631 1206 1692 1408 815 1295 0 513 699 189 1839 1230 1208 1584 1272 1376 818 889 860 547 1884 1486 962 1531 1937 2045 1376 1220 1293 948 742 150 1421 958 843 35 1274 664 1537 
1538 672 782 1406 153 1968 1690 747 1660 1232 768 239 1589 1226 1650 1368 776 1240 500 0 683 630 1794 1188 1156 1542 1237 1341 763 850 821 1084 1839 1463 929 1508 1864 2000 1341 1161 1238 882 535 564 1379 737 804 496 1222 293 1495 
1979 482 1282 1851 898 2422 2140 1230 2100 1678 1263 988 2044 1672 2098 1814 1231 1689 930 787 0 1055 2243 1632 1615 1988 1674 1778 1231 1302 1262 1450 2291 1882 1371 1927 2278 2454 1778 1614 1687 557 372 972 1830 583 1245 924 1668 1036 2003 
1680 959 1013 1555 623 2120 1875 934 1830 1200 954 713 1738 1206 1799 1510 920 1399 178 616 802 0 1943 1337 1313 1691 1379 1483 941 1007 963 465 2018 1575 1077 1620 2006 2152 1483 1324 1397 1020 845 289 1528 1059 948 155 1378 767 1644 
1062 2409 1955 896 1929 1199 388 1468 887 2318 1481 1911 1109 2324 293 1071 1382 1144 2048 2082 2277 2170 0 1065 1652 1154 1079 954 1368 1462 1413 2228 699 1917 1439 1962 1281 1231 1093 1157 1146 2494 2337 2058 908 2510 1489 2044 1251 1848 1160 
1031 1594 1162 899 1094 1444 670 631 842 1537 784 1107 1096 1543 874 835 623 931 1215 1256 1459 1338 1043 0 868 1104 757 890 711 647 580 1394 854 1119 855 1164 1368 1476 976 878 933 1679 1526 1220 882 1695 652 1211 998 1044 588 
1072 1498 1040 1111 989 1674 1302 520 1272 1427 655 994 1296 1421 1340 906 555 822 1133 1151 1363 1256 1484 797 0 1088 755 872 594 436 464 1294 1436 634 734 679 1535 1706 872 774 824 1583 1430 1138 1080 1599 430 1129 890 931 1125 
168 1908 1445 333 1387 674 830 974 1400 1831 893 1400 306 1837 762 606 880 338 1516 1549 1760 1639 939 917 1172 0 577 365 785 990 928 1686 1320 1421 782 1466 489 706 303 407 336 1981 1828 1521 325 2002 996 1512 478 1337 1235 
447 1579 1149 457 1086 1091 729 614 1272 1507 601 1091 716 1513 661 177 493 341 1200 1248 1444 1323 830 733 795 537 0 216 475 579 551 1394 1203 1062 553 1107 928 1123 363 311 343 1664 1511 1205 416 1680 635 1196 409 1028 1054 
233 1719 1280 247 1222 925 576 755 1272 1648 733 1235 551 1654 508 241 663 288 1340 1384 1584 1463 677 713 940 361 212 0 625 749 704 1505 1085 1195 622 1240 757 957 224 299 290 1816 1651 1345 206 1822 776 1336 395 1172 1045 
774 1175 706 812 656 1421 1000 204 1210 1074 130 665 1043 1080 1093 625 97 464 787 827 1038 919 1237 653 667 765 514 623 0 329 258 948 1255 954 160 966 1216 1453 596 389 462 1253 1107 849 795 1276 283 783 443 602 951 
956 1224 739 962 689 1525 1144 226 1209 1165 361 698 1147 1159 1213 768 291 707 831 860 1118 966 1357 643 451 972 640 757 300 0 159 991 1300 783 440 828 1419 1557 757 659 709 1309 1156 893 930 1325 130 827 723 635 942 
907 1181 733 890 683 1474 1066 151 1152 1097 335 692 1096 1103 1148 703 161 658 796 854 1053 927 1292 586 481 926 591 708 261 141 0 954 1250 736 405 781 1368 1506 708 610 660 1279 1113 858 873 1282 113 792 677 629 884 
1659 1448 1056 1534 918 2095 1822 920 1788 851 944 955 1717 857 1778 1494 910 1368 626 1080 1313 520 1943 1316 1300 1669 1358 1462 910 984 947 0 2018 1568 1050 1613 1994 2127 1462 1293 1366 1533 1380 702 1507 1549 948 596 1347 889 1623 
1298 2205 1751 1147 1693 1548 518 1264 423 2135 1317 1706 1345 2141 566 1163 1218 1277 1834 1859 2073 1955 701 817 1473 1353 1118 1087 1204 1279 1209 2039 0 1722 1275 1767 1617 1580 1226 1290 1279 2290 2133 1834 1135 2306 1285 1830 1384 1643 645 
1408 1843 1343 1349 1285 1910 1633 851 1609 1754 999 1298 1532 1760 1593 1246 886 1161 1441 1447 1685 1564 1737 1137 648 1419 1101 1211 941 767 795 1611 1788 0 1077 132 1810 1942 1211 1114 1163 1920 1752 1446 1322 1925 761 1437 1229 1235 1444 
818 1314 823 892 773 1453 1072 353 1272 1255 206 782 1075 1254 1148 705 254 508 934 946 1179 1055 1292 802 811 809 594 667 159 473 415 1139 1375 1062 0 1107 1268 1485 640 433 506 1399 1246 972 871 1415 427 930 487 719 1125 
1436 1847 1353 1378 1295 1941 1662 874 1635 1773 1011 1308 1561 1779 1622 1274 910 1189 1460 1457 1704 1583 1766 1163 671 1447 1135 1239 959 790 818 1630 1825 132 1099 0 1839 1973 1239 1142 1191 1925 1771 1465 1351 1941 784 1456 1257 1245 1470 
598 2187 1724 508 1666 314 1015 1237 1558 2135 1246 1679 311 2141 976 852 1147 769 1810 1834 2055 1942 1120 1086 1417 497 869 716 1133 1227 1182 1972 1497 1666 1204 1711 0 346 734 838 767 2272 2115 1812 551 2288 1258 1798 925 1616 1393 
782 2345 1893 692 1889 44 1116 1404 1742 2257 1415 1855 467 2263 1050 1048 1316 1021 1984 2042 2213 2106 1220 1270 1586 719 1055 900 1302 1396 1349 2150 1598 1854 1373 1880 341 0 982 1099 1019 2430 2273 1994 735 2446 1425 1980 1161 1783 1577 
262 1719 1280 351 1222 947 720 755 1374 1648 713 1235 574 1654 652 435 680 164 1340 1384 1584 1463 821 857 940 286 402 226 605 771 704 1505 1203 1195 602 1240 733 979 0 221 162 1816 1651 1345 308 1822 776 1336 300 1172 1209 
402 1579 1090 500 1021 1052 791 583 1299 1470 497 1055 681 1476 723 411 484 98 1200 1183 1444 1323 892 829 855 393 338 297 389 690 623 1331 1274 1108 386 1153 840 1084 213 0 100 1664 1511 1205 457 1680 657 1196 143 992 1132 
316 1616 1162 432 1086 964 763 658 1374 1537 572 1098 595 1543 695 455 559 2 1237 1248 1481 1360 864 874 900 307 382 269 464 735 668 1394 1245 1160 461 1205 754 996 149 112 0 1701 1548 1242 389 1717 732 1233 173 1035 1209 
2081 363 1413 1986 955 2560 2241 1335 2197 1812 1368 1042 2182 1806 2199 1914 1336 1794 1075 836 562 1198 2344 1737 1720 2094 1779 1888 1336 1407 1367 1593 2408 1991 1476 2036 2416 2592 1886 1719 1792 0 394 1080 1957 381 1350 1071 1773 1096 2070 
1851 143 1185 1724 599 2289 2021 1104 2029 1581 1137 686 1911 1575 1979 1684 1105 1563 852 488 376 991 2124 1506 1489 1872 1548 1652 1105 1176 1136 1376 2174 1751 1245 1796 2145 2321 1652 1488 1561 396 0 918 1697 243 1119 848 1542 740 1822 
1564 835 875 1428 503 1991 1712 802 1682 1232 834 593 1611 1226 1672 1396 798 1267 154 496 682 265 1839 1210 1188 1568 1264 1368 801 872 843 613 1884 1463 962 1508 1890 2023 1368 1192 1265 900 725 0 1401 938 826 132 1246 614 1517 
202 1754 1315 73 1257 755 570 790 1209 1688 807 1270 387 1694 502 409 699 378 1375 1419 1619 1498 671 650 1032 325 416 204 681 785 739 1545 1085 1276 759 1321 593 787 308 447 376 1848 1686 1380 0 1858 811 1371 518 1207 951 
2135 106 1467 2046 811 2620 2293 1379 2253 1872 1418 898 2242 1866 2251 1975 1390 1849 1075 700 596 1198 2396 1791 1774 2146 1844 1939 1390 1461 1421 1593 2464 2039 1530 2084 2476 2652 1938 1773 1847 384 243 1080 2017 0 1404 1071 1853 964 2126 
941 1150 665 974 615 1525 1161 135 1209 1051 287 624 1147 1057 1213 775 209 670 757 786 1019 887 1357 645 444 972 625 742 226 130 131 927 1300 755 366 800 1419 1557 742 595 668 1233 1081 819 947 1251 0 753 649 561 951 
1565 848 888 1448 516 2013 1732 815 1702 1200 847 606 1631 1206 1692 1396 811 1295 35 509 695 166 1839 1230 1200 1576 1264 1368 814 885 856 517 1884 1486 962 1531 1937 2045 1368 1220 1293 916 738 142 1421 950 839 0 1274 660 1537 
456 1616 1173 572 1094 1105 869 667 1413 1563 581 1107 735 1569 801 517 568 146 1237 1256 1481 1360 982 936 963 447 444 375 473 787 721 1420 1354 1250 470 1295 894 1137 290 172 144 1701 1548 1242 529 1717 741 1233 0 1044 1248 
1292 943 554 1214 156 1775 1498 519 1460 1038 540 77 1397 1032 1458 1143 552 982 598 293 854 728 1602 993 934 1283 988 1100 535 648 610 894 1639 1250 675 1295 1669 1809 1105 904 980 1076 800 618 1187 1025 602 594 959 0 1295 
1284 1847 1387 1148 1329 1709 873 896 369 1773 1053 1342 1331 1779 1041 1111 888 1234 1460 1491 1704 1583 1106 667 1143 1339 1024 1132 985 916 845 1630 631 1392 1130 1437 1603 1741 1271 1187 1236 1925 1771 1465 1121 1941 920 1456 1302 1279 0 
