13
15
3600
0
2564
1964
2664
1816
2395
2112
2476
2468
1935
1841
2469
2406
0 796 698 1298 969 739 614 928 907 888 1797 704 836 
796 0 1316 1940 1583 821 925 1540 765 1240 2430 1312 1159 
561 1249 0 797 557 607 412 514 847 432 1284 288 642 
1152 1831 846 0 1128 1212 975 1085 1426 1058 858 636 1244 
889 1577 328 1130 0 939 740 48 1176 760 1629 616 979 
710 813 677 1298 945 0 332 898 443 515 1797 684 434 
502 931 498 1074 771 337 0 728 622 535 1573 513 428 
928 1589 344 1149 47 961 756 0 1207 776 1648 632 997 
906 742 994 1630 1240 441 580 1197 0 628 2147 986 521 
805 1023 541 1225 805 551 552 762 619 0 1724 598 277 
1577 2267 1287 502 1554 1650 1412 1511 1877 1475 0 1080 1685 
506 1215 286 750 550 594 357 507 815 419 1239 0 621 
687 795 725 1330 1004 331 332 963 399 351 1830 732 0 
0 796 962 1663 1244 739 700 1191 907 1139 2334 958 1088 
796 0 1393 2251 1669 819 981 1616 765 1031 2900 1450 938 
735 1373 0 836 580 622 526 534 980 447 1367 295 657 
1292 2072 879 0 1166 1262 1132 1113 1694 1078 890 669 1288 
1059 1711 328 1301 0 961 854 48 1322 775 1769 623 997 
738 813 723 1460 1021 0 332 968 443 529 1990 720 439 
566 957 598 1301 895 337 0 849 711 656 1769 629 557 
1059 1732 346 1301 50 975 863 0 1343 793 1769 641 1009 
906 747 1041 1789 1317 441 598 1264 0 642 2444 1064 541 
938 1053 571 1301 840 556 583 794 647 0 1769 598 277 
1776 2531 1358 502 1617 1755 1581 1564 2157 1538 0 1128 1748 
644 1313 300 782 569 594 458 523 937 419 1296 0 629 
783 818 802 1540 1096 336 363 1043 427 355 2166 799 0 
0 932 1009 1679 1269 1098 814 1213 1271 1394 2276 1034 1289 
845 0 1574 2260 1851 1013 1216 1802 921 1611 2905 1623 1514 
682 1534 0 1079 644 824 636 593 1183 644 1812 346 928 
1257 2115 888 0 1179 1449 1219 1123 1725 1313 1263 672 1528 
1072 1890 346 1307 0 1196 981 63 1499 995 2053 692 1236 
881 1051 967 1719 1261 0 458 1205 670 812 2347 1062 713 
610 1216 720 1450 1022 528 0 966 998 852 2066 795 854 
1072 1890 358 1307 55 1202 981 0 1499 995 2053 704 1247 
1275 897 1379 2165 1663 668 787 1607 0 872 2788 1428 731 
870 1183 569 1307 844 847 750 793 811 0 2053 650 369 
1831 2648 1504 580 1734 2012 1746 1678 2287 1881 0 1225 2087 
593 1438 327 1005 602 785 560 551 1135 605 1724 0 881 
852 879 1009 1750 1269 553 456 1213 517 535 2347 1093 0 
0 1021 905 1483 1243 1087 833 1192 1329 1155 2156 920 1093 
1079 0 1642 2202 1891 1031 1174 1841 971 1240 2801 1585 1115 
636 1452 0 910 662 719 558 614 1032 479 1496 319 722 
1225 2048 975 0 1243 1400 1150 1192 1627 1219 1204 699 1391 
1122 1970 501 1322 0 1265 1062 80 1523 1007 1864 820 1287 
814 1019 760 1378 1052 0 375 1001 590 664 1938 827 513 
565 1194 647 1232 936 443 0 884 827 720 1770 662 569 
1122 1970 487 1313 52 1231 1049 0 1523 997 1864 806 1287 
1069 958 1177 1730 1420 560 670 1369 0 795 2337 1141 644 
928 1235 620 1254 925 726 676 857 815 0 1792 687 377 
1736 2580 1477 611 1764 1886 1653 1713 2160 1726 0 1227 1922 
567 1378 308 910 593 680 489 545 1002 460 1496 0 703 
779 948 825 1440 1158 432 389 1107 521 532 2027 876 0 
0 973 823 1416 1093 926 700 1049 1204 1095 2006 849 938 
928 0 1497 2118 1778 1053 1174 1734 1029 1508 2666 1490 1403 
602 1403 0 941 580 678 463 532 950 516 1489 320 716 
1210 2024 958 0 1211 1347 1097 1167 1604 1136 1099 683 1358 
952 1742 348 1186 0 1055 811 48 1339 864 1767 668 1075 
840 1052 818 1428 1093 0 439 1049 574 677 2022 866 564 
553 1178 619 1223 889 427 0 841 785 680 1812 645 567 
980 1742 366 1186 52 1055 829 0 1339 882 1767 686 1090 
1062 958 1088 1660 1369 609 668 1325 0 754 2277 1131 697 
928 1221 654 1291 929 754 653 876 762 0 1868 716 345 
1702 2519 1424 587 1716 1862 1624 1672 2112 1661 0 1207 1899 
544 1376 315 915 585 662 405 537 913 500 1470 0 690 
761 947 796 1416 1063 466 365 1019 474 533 2006 844 0 
0 991 801 1373 1104 953 700 1055 1193 1080 1954 811 958 
938 0 1526 2110 1819 1039 1163 1767 978 1250 2712 1584 1171 
606 1437 0 846 589 681 455 541 981 504 1433 293 743 
1209 2078 895 0 1224 1389 1059 1175 1598 1136 1034 677 1364 
947 1784 338 1225 0 1077 793 48 1315 842 1795 631 1087 
783 1025 742 1367 1058 0 388 1009 538 638 1954 802 528 
521 1135 597 1225 893 454 0 845 734 635 1795 638 504 
957 1795 351 1225 52 1077 806 0 1335 855 1795 644 1097 
1063 926 1093 1745 1383 518 687 1334 0 759 2352 1189 649 
846 1265 543 1225 839 734 631 791 800 0 1795 603 396 
1704 2577 1440 590 1719 1900 1598 1670 2161 1647 0 1213 1868 
562 1361 305 830 601 663 411 553 960 500 1412 0 725 
748 965 778 1406 1081 415 384 1032 481 459 1988 838 0 
0 917 738 1352 1022 926 685 979 1182 965 1920 749 921 
881 0 1477 2095 1741 948 1086 1698 964 1147 2658 1508 1054 
598 1370 0 854 580 668 487 532 942 457 1408 296 710 
1181 1987 897 0 1162 1286 1070 1119 1571 1117 1061 670 1303 
935 1699 333 1212 0 1017 820 48 1287 790 1785 629 1021 
815 1000 795 1477 1086 0 437 1043 555 635 2083 820 509 
514 1091 570 1212 855 383 0 807 754 683 1785 581 526 
952 1731 349 1212 53 1037 836 0 1319 806 1785 645 1040 
1068 935 1124 1748 1388 546 700 1345 0 797 2311 1151 670 
860 1219 586 1212 871 707 675 823 771 0 1785 637 375 
1769 2554 1519 633 1753 1872 1678 1710 2178 1709 0 1275 1918 
550 1360 318 843 603 665 439 555 927 454 1408 0 698 
722 897 778 1393 1059 400 372 1016 464 534 1981 789 0 
0 947 822 1399 1135 991 747 1090 1241 1138 2047 848 989 
906 0 1582 2257 1834 978 1161 1791 937 1219 2864 1621 1081 
596 1427 0 883 620 740 548 570 994 533 1510 311 772 
1214 2025 972 0 1213 1328 1124 1168 1620 1213 1062 694 1393 
947 1736 340 1212 0 1058 888 55 1327 873 1845 651 1100 
789 1011 758 1380 1041 0 394 996 542 611 2003 802 512 
542 1136 616 1249 894 496 0 844 780 636 1886 660 537 
952 1754 355 1212 54 1085 915 0 1345 888 1845 666 1112 
1021 941 1093 1804 1347 557 663 1302 0 735 2375 1139 636 
899 1239 627 1285 917 780 669 855 833 0 1930 700 387 
1754 2588 1481 581 1722 1892 1671 1677 2184 1728 0 1237 1948 
544 1348 334 837 612 721 506 562 980 536 1471 0 753 
743 980 792 1460 1093 474 382 1048 527 450 2113 836 0 
0 991 818 1475 1177 986 717 1124 1237 1100 2000 843 983 
1087 0 1594 2260 1889 1137 1180 1841 1003 1496 2874 1653 1424 
609 1455 0 874 593 713 538 545 1024 523 1424 297 736 
1220 2099 958 0 1226 1406 1167 1173 1623 1133 1024 690 1439 
952 1789 346 1239 0 1085 884 50 1339 869 1729 643 1149 
832 987 792 1475 1103 0 431 1050 550 652 2000 837 558 
558 1135 643 1286 936 476 0 881 798 690 1776 661 527 
967 1822 360 1239 52 1085 898 0 1363 883 1729 657 1153 
1069 959 1113 1804 1407 555 707 1354 0 792 2348 1172 698 
928 1210 633 1325 925 743 668 871 774 0 1832 684 360 
1760 2613 1448 599 1725 1962 1713 1672 2174 1686 0 1229 1970 
552 1365 314 882 600 686 481 552 1003 514 1424 0 709 
759 959 803 1475 1103 474 399 1050 505 515 2000 848 0 
0 933 817 1422 1098 976 757 1049 1252 1096 2012 849 1027 
949 0 1607 2240 1923 1085 1192 1864 986 1484 2784 1615 1398 
635 1473 0 971 653 715 568 593 1028 475 1518 335 807 
1238 2207 958 0 1217 1357 1211 1168 1748 1179 1018 692 1481 
980 1869 343 1242 0 1068 919 66 1376 818 1812 678 1156 
863 1064 829 1483 1135 0 457 1086 607 699 2104 920 608 
581 1174 650 1305 940 415 0 886 789 688 1892 706 593 
980 1896 356 1242 64 1083 932 0 1414 831 1812 691 1156 
1118 889 1186 1909 1476 577 766 1427 0 782 2434 1251 694 
889 1211 601 1266 897 733 696 837 749 0 1831 684 362 
1789 2658 1477 619 1745 1928 1762 1696 2350 1708 0 1247 2027 
578 1423 328 925 624 686 517 564 993 467 1477 0 778 
801 916 854 1517 1135 476 439 1086 492 476 2104 944 0 
0 1112 819 1586 1131 1027 741 1088 1265 1093 2098 1022 1271 
928 0 1667 2509 2130 968 1187 2085 907 1169 2904 1876 1119 
771 1720 0 1119 666 900 716 623 1255 581 1670 462 873 
1615 2444 1084 0 1415 1697 1575 1372 2063 1426 1082 859 1780 
1120 2058 344 1287 0 1254 1088 58 1622 925 1854 800 1253 
839 1033 844 1570 1161 0 431 1118 487 648 2062 873 548 
586 1277 692 1489 1004 494 0 963 962 821 2036 794 755 
1128 2058 355 1310 47 1254 1088 0 1622 938 1876 811 1281 
1128 874 1264 2062 1709 535 766 1666 0 749 2437 1334 649 
1069 1410 731 1360 1039 882 823 996 888 0 1919 889 420 
2338 3087 1730 674 2068 2410 2198 2023 2801 2076 0 1529 2414 
757 1714 507 1000 808 839 702 765 1223 599 1545 0 891 
967 1050 1093 1762 1538 569 596 1495 516 427 2235 1154 0 
0 805 849 1690 1235 893 794 1194 1202 1132 2214 1098 1294 
808 0 1503 2326 1851 895 1069 1810 828 1073 2815 1709 1036 
787 1640 0 1069 793 877 682 748 1227 523 1493 640 796 
1640 2427 1193 0 1555 1760 1520 1514 2017 1384 997 976 1644 
1154 2019 349 1273 0 1291 1045 52 1572 872 1697 976 1157 
928 1033 846 1498 1235 0 383 1194 459 551 2005 976 510 
650 1144 721 1361 1105 387 0 1062 813 720 1785 882 682 
1154 2019 362 1273 49 1291 1094 0 1589 885 1697 976 1174 
1179 851 1166 1886 1512 507 725 1471 0 679 2370 1256 627 
1059 1369 746 1340 1166 721 739 1125 775 0 1764 976 351 
2277 3006 1859 724 2131 2279 2120 2088 2593 2005 0 1590 2250 
752 1621 537 874 889 865 647 844 1227 528 1328 0 801 
984 1146 1029 1692 1389 440 528 1348 494 370 2214 1048 0 
0 820 792 1311 1059 746 704 1018 921 972 1760 766 1057 
796 0 1423 2026 1669 821 955 1628 765 1253 2431 1413 1172 
598 1390 0 891 602 665 512 559 1055 459 1303 289 680 
1207 1972 965 0 1201 1341 1115 1160 1544 1106 885 688 1316 
935 1691 337 1171 0 1005 849 48 1360 796 1620 626 1009 
785 828 766 1346 1059 0 382 1018 460 539 1795 756 483 
531 991 619 1171 882 377 0 839 776 659 1620 593 581 
952 1691 351 1171 47 1018 863 0 1361 810 1620 640 1024 
963 768 1040 1557 1300 447 592 1259 0 640 2016 1003 533 
851 1124 591 1171 854 574 584 811 684 0 1620 621 286 
1767 2480 1511 613 1751 1928 1699 1710 2152 1710 0 1280 1924 
538 1263 332 843 595 637 452 552 1013 446 1265 0 667 
756 886 821 1366 1087 376 386 1046 486 351 1822 811 0 
0 796 723 1276 1017 744 648 971 907 918 1690 730 872 
800 0 1350 1878 1616 823 925 1570 765 1011 2303 1358 938 
586 1285 0 806 578 628 436 517 880 448 1265 302 658 
1141 1862 838 0 1130 1217 975 1084 1500 1028 858 628 1278 
928 1616 328 1117 0 972 764 48 1228 776 1531 630 1007 
706 813 739 1299 1017 0 332 971 443 521 1713 684 440 
498 931 502 1072 823 337 0 762 635 546 1486 527 450 
935 1652 344 1136 65 975 780 0 1264 792 1550 646 1019 
906 742 1029 1563 1331 441 593 1285 0 636 2004 1027 521 
847 1029 635 1203 918 561 559 856 621 0 1617 602 277 
1548 2290 1272 502 1540 1637 1396 1494 1937 1457 0 1062 1701 
514 1215 314 753 596 599 364 535 840 419 1203 0 629 
690 799 768 1318 1062 341 339 1016 401 351 1732 737 0 
0 796 707 1244 971 739 640 930 907 918 1703 710 859 
796 0 1347 1878 1608 832 925 1565 765 1011 2480 1357 938 
669 1290 0 789 554 624 427 511 899 446 1248 283 656 
1142 1827 865 0 1127 1215 975 1084 1425 1028 950 628 1225 
1011 1638 340 1104 0 972 767 48 1248 786 1563 623 997 
747 848 675 1244 937 0 332 893 443 522 1703 684 441 
594 968 498 1040 766 337 0 723 663 552 1499 508 445 
1020 1638 350 1171 47 975 777 0 1248 796 1630 633 1009 
906 747 994 1529 1241 460 586 1198 0 632 2004 986 521 
897 1024 539 1104 800 570 554 757 639 0 1563 591 277 
1557 2266 1280 504 1543 1643 1425 1500 1869 1465 0 1070 1665 
600 1244 284 743 545 597 358 502 855 422 1202 0 632 
780 804 725 1267 1004 350 334 963 419 351 1726 734 0 
