53
5
10800
0
545
410
592
493
453
520
473
393
474
569
471
503
497
481
547
398
564
375
459
408
418
411
566
367
451
595
366
447
510
569
505
398
423
400
453
479
437
519
563
434
575
391
546
473
567
551
397
545
524
559
379
412
0 384 671 1548 1047 991 455 1055 723 790 1788 810 515 164 444 2047 810 258 1771 924 201 1285 1844 337 963 522 1701 172 1083 843 395 628 142 1682 181 666 519 1474 882 564 1205 382 854 1302 90 369 1042 537 582 1315 290 1049 153 
286 0 726 1471 839 865 523 952 558 610 1701 777 335 252 441 1961 630 460 1684 804 347 1186 1755 448 791 572 1608 300 980 727 215 509 385 1595 292 584 555 1354 789 509 1085 429 754 1195 335 417 956 357 569 1201 287 955 324 
1033 766 0 2230 731 1630 1257 1699 1286 1047 2337 1208 845 931 1226 2625 619 1149 2360 1524 1114 1900 2422 1173 639 1327 2290 989 1727 1451 944 1273 1061 2271 981 1348 1340 2123 1549 1261 1861 687 1478 1915 1062 702 1705 1126 726 1934 1072 1711 1091 
1505 1546 1858 0 1595 1316 1736 628 1110 1366 1342 1993 1377 1471 1143 1588 1605 1599 1325 975 1401 1610 1396 1666 1644 1808 1255 1519 656 820 1355 960 1564 1236 1511 981 1093 152 1235 1145 577 1544 837 626 1508 1531 1251 1139 1787 1034 1238 1367 1476 
1039 1038 749 1572 0 1065 1228 1079 702 457 1841 1482 802 948 772 2065 615 1168 1795 950 1114 1359 1873 1158 487 1298 1725 1008 1107 871 864 870 1099 1706 1000 988 1030 1498 965 698 1229 1036 898 1337 1101 1023 1130 692 1279 1350 957 1136 1091 
1360 1408 1695 1737 1485 0 1598 1244 888 1256 1972 1856 1224 1333 990 2252 1495 1454 1976 965 1256 293 2057 1525 1534 1668 1840 1381 1272 936 1202 1013 1419 1862 1373 1100 1134 1663 781 1053 1394 1406 984 1415 1363 1393 809 1047 1649 1428 1093 779 1331 
457 636 958 1851 1215 1275 0 1346 940 986 2048 520 707 453 860 2336 1003 289 2067 1171 441 1569 2133 165 1164 177 1976 357 1374 1098 587 881 347 1978 370 932 769 1765 1194 881 1496 634 1105 1556 419 621 1350 729 547 1569 617 1356 391 
974 1038 1325 628 1110 767 1199 0 566 820 817 1453 846 926 612 1063 1081 1070 842 441 870 1065 920 1129 1098 1269 772 979 28 289 824 422 1035 753 970 449 566 615 691 615 354 1036 306 524 980 1023 714 609 1250 513 707 830 946 
688 687 980 1151 725 446 871 615 0 496 1286 1141 539 600 350 1532 745 808 1269 393 744 739 1340 796 774 920 1199 648 643 371 517 464 739 1180 640 521 622 1034 358 276 759 685 420 851 750 672 526 270 924 876 531 532 739 
830 829 822 1412 229 832 1016 874 497 0 1628 1274 597 742 567 1878 406 953 1611 743 905 1085 1682 940 278 1093 1541 790 905 666 659 665 881 1522 782 770 820 1295 756 493 1018 827 693 1141 892 814 913 487 1065 1160 748 925 881 
1608 1649 1943 1350 1698 1389 1844 815 1183 1469 0 2111 1480 1574 1246 328 1708 1702 196 1058 1504 1683 228 1769 1747 1926 317 1622 817 911 1458 1056 1667 271 1614 1066 1178 1233 1308 1248 932 1647 930 1107 1611 1634 1331 1242 1903 669 1341 1447 1579 
794 792 1092 2109 1469 1481 518 1585 1172 1240 2292 0 935 681 1091 2580 1225 727 2315 1410 879 1775 2377 583 1372 544 2215 716 1613 1337 815 1114 784 2226 703 1189 1207 2009 1400 1109 1735 740 1364 1795 804 681 1556 957 452 1808 939 1562 829 
529 354 755 1415 773 787 712 880 551 544 1628 969 0 441 444 1878 323 649 1611 749 603 1105 1682 637 484 761 1541 489 911 672 201 431 580 1522 481 506 617 1298 711 479 1035 402 694 1147 591 390 867 327 664 1160 519 873 580 
164 349 636 1525 931 952 447 1055 643 695 1755 701 420 0 547 2022 715 333 1738 889 351 1246 1820 372 876 496 1668 173 1083 812 300 594 229 1649 165 669 661 1451 874 594 1182 347 839 1271 206 334 1037 442 486 1284 393 1049 286 
419 418 705 1330 784 663 602 756 480 555 1477 856 234 331 0 1723 529 539 1460 625 493 973 1531 527 690 651 1390 379 784 548 212 307 470 1371 371 382 493 1233 587 363 900 416 570 1015 481 403 743 211 648 1034 330 749 470 
1887 1938 2229 1561 2010 1680 2136 1064 1474 1746 317 2390 1757 1853 1523 0 1991 1979 295 1348 1781 2005 465 2050 2030 2183 450 1908 1066 1196 1735 1333 1944 406 1900 1358 1470 1444 1599 1525 1175 1936 1205 1345 1890 1923 1621 1519 2197 832 1618 1737 1861 
824 551 622 1698 624 1093 1010 1205 773 436 1936 1265 317 736 730 2215 0 948 1944 1031 898 1387 2016 940 193 1093 1831 784 1233 949 496 726 875 1840 776 801 915 1624 1006 656 1355 599 976 1407 886 587 1165 504 826 1420 814 1171 875 
192 521 808 1548 1181 991 404 1055 803 952 1788 831 637 279 578 2047 934 0 1771 924 152 1285 1844 297 1094 445 1701 178 1083 824 517 663 58 1682 191 627 480 1474 879 698 1205 519 815 1283 132 506 1037 659 580 1296 328 1049 102 
1644 1685 1978 1350 1734 1441 1877 842 1235 1505 202 2139 1516 1610 1282 296 1744 1738 0 1090 1540 1735 373 1805 1783 1945 182 1658 844 938 1494 1092 1703 136 1650 1117 1229 1233 1360 1284 961 1683 959 1133 1647 1670 1363 1278 1936 588 1377 1479 1615 
913 956 1239 1009 990 622 1132 478 421 756 1143 1386 782 860 548 1389 1005 1015 1129 0 806 929 1197 1057 1037 1202 1060 913 506 185 760 333 980 1041 900 402 519 883 347 551 622 945 242 694 916 934 302 545 1182 719 643 418 881 
200 498 785 1499 1181 879 444 977 727 952 1724 871 629 340 502 1972 928 266 1707 841 0 1186 1778 337 1073 485 1637 285 1005 758 509 587 229 1618 298 561 414 1397 803 622 1128 496 749 1219 163 483 978 648 682 1262 252 969 116 
1281 1337 1624 1603 1327 617 1527 1110 807 1098 1903 1781 1153 1262 919 2104 1332 1375 1828 876 1177 0 1898 1446 1376 1594 1756 1310 1138 854 1131 926 1340 1737 1302 995 1053 1529 700 960 1260 1335 907 1337 1284 1322 728 949 1578 1350 1014 698 1252 
1684 1725 2013 1403 1774 1479 1916 899 1273 1545 228 2174 1556 1650 1322 471 1784 1778 367 1147 1580 1773 0 1845 1827 1974 488 1698 909 995 1534 1132 1743 442 1690 1157 1269 1286 1398 1324 1018 1723 1009 1188 1687 1710 1420 1318 1966 753 1417 1536 1655 
340 577 864 1746 1181 1139 165 1253 871 952 1972 583 648 394 743 2252 947 172 1976 1094 324 1433 2057 0 1105 263 1879 240 1281 1000 528 822 230 1881 253 799 652 1672 1060 822 1403 575 989 1458 302 562 1214 670 444 1471 500 1220 274 
998 712 657 1643 487 1095 1177 1150 755 451 1910 1399 478 897 825 2147 193 1110 1876 1011 1069 1389 1950 1107 0 1247 1796 950 1178 928 657 887 1038 1777 938 962 1073 1569 1022 751 1300 760 952 1384 1051 748 1176 663 974 1397 982 1182 1046 
512 700 997 1900 1299 1287 177 1406 994 1070 2097 510 771 517 898 2385 1075 320 2120 1232 472 1581 2182 263 1236 0 2031 428 1434 1153 651 965 378 2031 441 956 800 1835 1206 960 1556 698 1144 1611 452 685 1362 793 611 1624 648 1368 422 
1536 1577 1865 1247 1626 1316 1767 741 1110 1397 293 2041 1408 1502 1174 429 1636 1630 160 991 1432 1610 464 1697 1675 1845 0 1550 743 832 1386 967 1595 22 1542 1012 1124 1130 1235 1176 850 1575 849 1035 1539 1562 1264 1170 1824 445 1269 1380 1507 
172 446 733 1616 1047 1065 359 1123 740 792 1908 684 517 173 572 2121 812 162 1845 989 274 1359 1913 241 974 428 1769 0 1151 911 397 691 121 1750 13 749 602 1542 971 691 1273 444 936 1375 134 401 1130 539 457 1388 418 1136 224 
1002 1047 1334 656 1110 795 1228 28 594 848 819 1482 874 953 640 1072 1102 1096 844 469 898 1105 920 1158 1130 1298 774 1008 0 317 852 450 1061 755 1000 477 594 643 719 643 382 1045 334 552 1005 1032 742 637 1279 488 735 858 982 
828 865 1153 924 931 606 1055 385 405 674 1008 1309 700 778 466 1254 928 927 1044 185 724 899 1116 975 968 1121 964 826 403 0 678 276 887 945 818 277 394 790 504 469 529 863 87 539 831 850 459 463 1108 564 561 575 799 
437 343 688 1403 811 773 620 866 530 582 1628 874 199 349 430 1878 494 557 1611 735 511 1105 1682 545 655 669 1541 397 894 658 0 417 488 1522 389 492 603 1286 697 465 1018 391 680 1120 499 379 853 313 653 1160 396 859 488 
632 642 958 1009 826 594 826 485 410 597 1149 1084 458 555 224 1395 753 726 1145 333 528 887 1203 751 875 875 1075 603 513 277 436 0 691 1056 595 159 270 890 518 382 629 640 304 735 635 627 582 386 872 760 365 680 603 
134 508 795 1572 1110 1022 394 1079 802 854 1841 774 579 221 537 2065 874 181 1795 965 187 1316 1873 276 1039 458 1725 120 1107 859 459 698 0 1706 133 662 515 1498 920 657 1229 506 850 1319 74 463 1097 601 522 1332 363 1094 137 
1536 1577 1865 1280 1626 1350 1767 758 1144 1397 271 2041 1408 1502 1174 407 1636 1630 138 1006 1432 1644 442 1697 1675 1845 48 1550 760 849 1386 982 1595 0 1542 1012 1124 1163 1269 1176 867 1575 866 1042 1539 1562 1279 1170 1824 454 1269 1395 1507 
181 438 725 1603 1047 1065 372 1110 732 784 1903 674 509 165 573 2104 804 175 1828 989 287 1359 1898 254 967 441 1756 13 1138 904 389 683 134 1737 0 758 615 1529 967 683 1260 436 930 1365 147 393 1130 531 444 1378 419 1136 237 
663 731 1029 1023 1047 710 895 494 509 764 1178 1176 547 644 313 1421 842 717 1145 390 537 1065 1232 788 1003 941 1075 692 522 275 525 181 682 1056 684 0 181 899 634 471 638 729 246 733 646 716 671 497 968 758 449 787 633 
512 731 1029 1151 1047 733 744 611 581 780 1283 1191 608 652 374 1529 903 566 1266 507 386 1065 1337 637 1062 785 1196 617 639 392 586 298 531 1177 630 195 0 1034 657 507 755 729 383 850 495 716 788 533 993 875 298 819 482 
1399 1436 1723 152 1485 1211 1626 526 983 1256 1235 1881 1269 1361 1035 1481 1495 1493 1218 855 1295 1505 1289 1556 1534 1696 1148 1409 554 703 1247 836 1458 1129 1401 863 992 0 1130 1032 460 1434 720 509 1402 1421 1139 1026 1677 914 1132 1255 1370 
849 909 1217 1199 967 430 1100 677 358 737 1355 1354 721 818 487 1601 991 946 1338 343 745 723 1409 1017 1032 1165 1268 866 705 433 699 498 916 1249 858 573 623 1082 0 532 821 906 482 913 852 890 180 526 1148 945 582 294 820 
565 607 894 1199 707 628 791 670 275 478 1355 1047 423 520 189 1601 660 728 1338 539 605 929 1409 716 756 840 1268 568 698 462 401 343 659 1249 560 418 512 1082 552 0 814 605 489 920 622 592 708 152 837 949 370 714 611 
1084 1120 1407 636 1181 876 1302 221 675 952 869 1556 960 1037 721 1122 1190 1181 894 550 981 1186 973 1232 1230 1372 824 1085 249 398 943 531 1146 805 1077 558 675 560 800 724 0 1118 415 392 1087 1105 823 718 1353 608 816 953 1057 
456 170 463 1603 1047 1065 693 1110 728 780 1903 740 408 388 611 2104 598 614 1828 975 517 1359 1898 618 751 742 1756 454 1138 897 385 679 524 1737 446 754 725 1529 965 679 1260 0 930 1358 505 60 1130 527 347 1371 457 1136 494 
823 860 1153 922 898 615 1055 380 414 669 1008 1309 695 773 461 1254 926 920 1044 239 719 929 1116 970 968 1114 964 821 408 87 673 271 876 945 813 246 375 785 539 464 524 858 0 547 826 845 512 458 1108 572 556 628 794 
1249 1281 1568 626 1316 1065 1471 484 832 1087 1178 1725 1113 1206 879 1424 1339 1343 1167 679 1145 1359 1232 1401 1365 1541 1097 1254 512 527 1091 689 1308 1078 1246 690 807 509 958 882 387 1279 519 0 1252 1266 952 876 1522 754 978 1068 1220 
71 443 730 1548 1110 952 425 1055 782 847 1788 796 572 203 503 2047 867 228 1771 916 155 1246 1844 307 1020 478 1701 142 1083 834 452 657 86 1682 155 647 500 1474 873 623 1205 441 835 1302 0 428 1029 594 552 1315 292 1049 109 
442 158 512 1603 1047 1029 677 1110 716 768 1903 681 396 340 599 2104 586 564 1828 965 505 1323 1898 602 747 726 1756 404 1138 885 373 667 474 1737 396 742 713 1529 952 667 1260 60 913 1344 475 0 1106 515 321 1357 445 1112 482 
1002 1069 1356 1330 1119 449 1233 751 536 887 1477 1487 871 970 637 1723 1147 1096 1460 303 895 742 1531 1163 1168 1303 1390 1016 779 463 849 586 1061 1371 1008 657 773 1233 183 682 895 1067 519 979 1005 1054 0 676 1284 984 732 116 982 
517 516 803 1199 701 622 700 664 269 472 1342 956 333 429 226 1588 508 637 1325 533 591 929 1396 625 667 749 1255 477 692 456 315 367 568 1236 469 442 549 1082 546 152 808 514 483 920 579 501 702 0 746 945 407 708 568 
586 429 668 1874 1267 1275 570 1376 965 1038 2071 452 667 473 870 2359 809 487 2094 1201 639 1569 2156 448 963 636 2024 460 1404 1128 607 918 528 2005 447 988 970 1795 1194 907 1526 348 1155 1586 548 318 1350 749 0 1599 716 1356 589 
1299 1344 1631 1023 1380 1093 1534 483 880 1151 708 1788 1161 1269 927 833 1390 1393 575 727 1195 1387 808 1464 1429 1604 415 1317 458 575 1139 737 1358 437 1309 738 855 907 1006 941 641 1342 567 743 1302 1329 1006 924 1585 0 1032 1122 1270 
286 468 755 1330 967 695 611 788 529 732 1515 963 484 389 250 1761 779 433 1498 657 235 996 1569 504 948 652 1428 414 816 580 398 403 369 1409 415 452 305 1233 619 370 932 466 607 1042 303 453 775 396 725 1057 0 781 292 
1002 1069 1356 1371 1119 460 1247 829 538 889 1628 1501 873 970 639 1878 1149 1096 1611 409 897 745 1682 1167 1168 1315 1535 1030 857 569 851 650 1061 1522 1022 725 775 1286 289 684 980 1067 625 1074 1005 1054 106 678 1298 1128 734 0 982 
249 612 899 1672 1207 1065 328 1179 894 978 1922 755 694 336 652 2178 990 150 1905 1011 243 1359 1976 221 1151 369 1795 235 1207 920 574 754 115 1809 248 718 571 1598 971 772 1329 610 907 1375 189 578 1130 716 566 1388 419 1136 0 
0 509 816 1767 1263 1176 628 1243 988 958 1975 1028 671 226 668 2325 1063 332 2088 1161 244 1489 2071 498 1291 628 1994 247 1311 1039 537 877 190 1960 236 877 688 1779 1132 860 1420 504 1085 1621 146 481 1313 772 762 1571 425 1345 182 
397 0 810 1539 971 960 633 1055 699 657 1742 977 406 293 568 2067 800 524 1838 964 436 1273 1778 538 1037 688 1788 383 1123 802 272 612 489 1731 363 745 765 1566 926 614 1207 498 838 1395 429 475 1101 507 728 1337 365 1133 374 
933 544 0 2178 994 1524 1180 1592 1302 1219 2395 1479 1000 837 1122 2748 846 1088 2451 1518 1007 1838 2460 1086 840 1301 2370 938 1660 1388 816 1151 1026 2336 913 1229 1297 2140 1481 1171 1769 615 1434 1972 1020 682 1661 1022 914 1953 921 1693 938 
1741 1755 2112 0 1800 1472 1959 658 1286 1495 1542 2395 1624 1631 1276 1869 1858 1868 1629 1116 1679 1785 1578 1868 1939 2090 1588 1709 692 911 1535 1115 1794 1531 1689 1110 1324 171 1430 1329 712 1770 928 789 1834 1728 1464 1332 2094 1198 1411 1620 1793 
1269 1283 875 1848 0 1290 1483 1303 975 552 2048 1911 1162 1159 1073 2398 828 1447 2122 1229 1375 1582 2113 1396 658 1604 2037 1237 1371 1099 1073 1112 1322 2003 1217 1205 1310 1829 1246 897 1480 1298 1145 1681 1347 1256 1427 911 1558 1631 1219 1459 1336 
1673 1687 2043 2069 1760 0 1894 1452 1156 1455 2226 2326 1534 1563 1186 2576 1819 1763 2282 1252 1589 331 2291 1800 1850 2032 2201 1641 1520 1204 1445 1225 1726 2167 1621 1318 1412 2021 970 1289 1629 1702 1285 1827 1751 1660 982 1292 2024 1771 1321 863 1703 
598 898 1317 2178 1543 1510 0 1587 1357 1238 2395 667 1059 688 1082 2748 1445 358 2451 1513 558 1830 2460 225 1645 268 2370 477 1655 1383 859 1201 416 2336 514 1206 1013 2140 1467 1203 1764 893 1429 1972 503 870 1647 1038 741 1953 765 1679 460 
1105 1162 1509 742 1164 755 1352 0 631 860 1064 1751 1000 1026 636 1372 1288 1135 1128 465 961 1075 1055 1265 1267 1460 1005 1106 34 282 880 488 1107 1020 1086 504 684 749 736 700 435 1177 291 642 1169 1135 749 712 1427 618 731 895 1085 
985 997 1339 1233 1015 518 1206 728 0 709 1473 1605 813 877 599 1781 1046 1092 1560 520 938 849 1509 1118 1151 1327 1519 962 762 460 758 654 1047 1462 942 666 839 1234 486 506 930 1009 515 1035 1072 968 703 518 1280 1092 694 653 1054 
1028 1055 954 1554 484 1009 1254 1055 710 0 1755 1653 863 931 833 2079 572 1218 1859 964 1138 1322 1791 1167 449 1375 1817 1009 1123 813 808 875 1094 1744 989 970 1104 1566 983 657 1207 1069 849 1399 1119 1029 1174 669 1329 1350 943 1206 1107 
1854 1856 2221 1495 1895 1570 2061 926 1384 1590 0 2460 1719 1726 1371 451 1963 1963 323 1246 1774 1892 308 1960 2052 2155 480 1813 994 1015 1630 1213 1908 416 1784 1217 1431 1409 1528 1424 1061 1866 1038 1355 1930 1824 1594 1427 2186 787 1506 1739 1899 
1068 1125 1472 2471 1782 1800 634 1885 1596 1477 2641 0 1284 906 1406 3007 1667 862 2697 1817 1040 2103 2724 801 1887 637 2616 896 1927 1673 1095 1427 921 2582 880 1505 1513 2434 1757 1415 2096 1111 1719 2248 984 1048 1964 1272 681 2284 1219 1947 989 
754 541 1050 1528 1017 897 934 988 757 713 1711 1278 0 593 526 2033 460 870 1798 919 793 1213 1747 838 698 1014 1757 683 1056 776 269 570 813 1700 663 703 868 1531 878 672 1172 620 812 1358 786 597 1062 516 1001 1337 706 1094 731 
230 474 781 1712 1164 1176 603 1188 862 820 1975 962 569 0 731 2321 960 443 2001 1131 456 1489 2004 508 1203 658 1958 255 1256 969 435 775 291 1914 235 910 915 1724 1110 777 1365 469 1015 1551 274 446 1313 670 690 1501 513 1345 382 
567 514 821 1355 950 726 746 850 644 610 1615 1081 299 406 0 1938 693 683 1702 759 606 1075 1651 651 932 801 1661 496 884 605 244 399 626 1604 476 532 697 1356 707 533 1002 509 641 1161 599 486 921 326 841 1198 443 866 544 
2176 2160 2511 1788 2179 1848 2358 1206 1673 1884 408 2739 1969 2058 1660 0 2296 2286 358 1535 2093 2151 592 2275 2374 2445 519 2100 1274 1304 1912 1502 2194 455 2086 1506 1720 1703 1816 1713 1344 2157 1327 1638 2213 2115 1880 1716 2495 958 1795 2033 2165 
1085 775 787 1967 950 1323 1291 1400 1077 614 2156 1690 434 980 924 2506 0 1255 2212 1326 1191 1607 2221 1204 283 1412 2131 1045 1468 1196 649 957 1130 2097 1025 1024 1228 1957 1280 978 1577 854 1242 1778 1155 831 1460 773 1169 1728 1126 1492 1152 
240 696 1049 1726 1389 1176 497 1202 1021 1084 1975 977 821 355 719 2325 1256 0 2036 1152 200 1489 2030 386 1451 497 1958 185 1270 1001 687 869 58 1924 215 859 670 1738 1110 920 1379 691 1047 1583 145 667 1313 928 711 1533 407 1345 102 
1990 1992 2343 1570 2053 1697 2197 988 1511 1717 275 2589 1834 1854 1498 373 2089 2123 0 1373 1905 2016 459 2114 2205 2284 234 1937 1056 1142 1757 1340 2031 170 1923 1344 1558 1512 1655 1551 1153 1989 1165 1447 2050 1947 1721 1554 2327 706 1633 1864 1990 
1153 1223 1570 1174 1291 708 1411 617 584 986 1380 1851 1059 1099 685 1688 1365 1158 1467 0 984 1075 1416 1290 1393 1483 1410 1177 651 250 931 585 1130 1369 1157 590 770 1115 426 799 817 1238 369 877 1205 1196 388 811 1498 996 780 534 1121 
246 664 1009 1695 1389 1123 577 1171 984 1084 1975 1044 826 429 683 2310 1250 281 1990 1105 0 1436 2004 466 1451 577 1917 333 1239 952 692 836 246 1883 363 787 598 1707 1083 884 1348 659 999 1535 179 636 1246 938 807 1485 375 1278 131 
1644 1658 2018 1896 1532 710 1862 1352 1083 1227 2121 2295 1451 1534 1157 2471 1570 1734 2158 1192 1560 0 2186 1771 1634 1996 2074 1612 1420 1087 1416 1196 1697 2040 1592 1273 1383 1922 911 1260 1529 1673 1168 1704 1722 1631 949 1263 2007 1654 1292 828 1674 
1900 1907 2272 1559 1986 1622 2118 977 1436 1642 297 2510 1771 1778 1423 638 2021 2028 517 1298 1850 1976 0 2025 2143 2205 622 1866 1045 1067 1682 1265 1960 558 1852 1269 1483 1469 1580 1476 1110 1915 1090 1404 1968 1873 1646 1479 2256 838 1558 1791 1948 
461 787 1152 2069 1445 1378 221 1455 1236 1140 2226 819 882 576 944 2576 1291 221 2282 1381 421 1691 2291 0 1503 357 2201 337 1523 1251 748 1099 279 2167 374 1090 891 2021 1335 1086 1632 782 1297 1837 366 759 1515 987 588 1783 628 1547 323 
1351 1029 716 1955 823 1374 1565 1394 1084 651 2156 1931 697 1241 1172 2506 287 1529 2212 1320 1457 1613 2221 1478 0 1686 2131 1319 1462 1190 915 1197 1404 2097 1299 1296 1398 1926 1331 994 1571 1103 1236 1772 1429 1132 1511 988 1335 1722 1307 1543 1418 
663 979 1339 2238 1629 1561 319 1638 1419 1324 2395 762 1153 769 1133 2748 1534 423 2451 1564 623 1880 2460 404 1729 0 2370 575 1706 1434 950 1284 481 2336 612 1250 1057 2182 1518 1262 1830 995 1480 2050 568 956 1698 1129 822 1991 830 1730 525 
1854 1856 2221 1495 1895 1570 2061 926 1384 1590 406 2460 1719 1726 1371 561 1963 1963 240 1246 1774 1892 590 1960 2052 2155 0 1813 994 1015 1630 1213 1908 50 1784 1217 1431 1409 1528 1424 1061 1866 1038 1355 1930 1824 1594 1427 2186 527 1506 1739 1899 
216 575 882 1848 1263 1258 510 1303 988 958 2048 889 670 243 816 2398 1126 216 2122 1229 376 1571 2113 311 1299 557 2037 0 1371 1099 536 876 175 2003 37 997 846 1829 1230 878 1480 552 1145 1681 214 516 1395 771 603 1631 578 1427 278 
1131 1183 1530 784 1263 797 1393 42 673 958 1076 1792 1025 1069 678 1384 1318 1155 1187 507 981 1115 1121 1287 1354 1480 1038 1147 0 324 926 530 1127 1075 1127 546 726 791 778 742 477 1198 333 684 1202 1156 791 754 1468 660 773 936 1118 
992 1055 1396 969 1095 642 1254 451 518 757 1262 1653 832 931 533 1570 1185 1035 1349 225 871 979 1298 1167 1175 1360 1255 1001 485 0 777 385 1007 1251 981 373 553 965 547 597 651 1069 127 635 1064 1029 509 609 1329 733 628 655 998 
633 457 877 1469 971 843 812 952 703 661 1688 1179 245 472 472 2000 639 749 1775 876 672 1204 1724 717 877 867 1734 562 1020 722 0 516 692 1677 542 649 814 1469 824 618 1110 536 758 1297 665 513 1011 462 914 1277 589 1021 610 
828 799 1164 1174 1015 682 1031 616 600 705 1380 1411 584 691 285 1688 1017 852 1467 492 696 988 1416 931 1151 1119 1410 781 650 371 529 0 817 1369 761 310 487 1115 663 545 816 794 401 894 843 771 795 557 1110 996 453 822 795 
182 638 1002 1782 1355 1183 510 1258 1055 1050 1992 977 763 297 754 2342 1217 198 2088 1184 235 1496 2071 355 1391 510 1994 127 1326 1054 629 911 0 1960 157 894 705 1794 1146 960 1435 633 1100 1636 87 609 1320 864 674 1586 442 1352 137 
1844 1856 2221 1495 1872 1560 2061 926 1374 1580 356 2451 1709 1716 1361 528 1963 1963 190 1236 1764 1880 540 1951 2048 2146 66 1794 975 1005 1620 1203 1899 0 1774 1207 1421 1399 1518 1414 1041 1857 1022 1335 1924 1819 1584 1417 2186 538 1496 1729 1874 
221 567 874 1848 1263 1258 527 1303 975 958 2048 881 662 235 821 2398 1065 236 2122 1229 395 1571 2113 331 1277 577 2037 20 1371 1099 528 868 194 2003 0 994 865 1829 1215 870 1480 544 1145 1681 220 508 1395 763 566 1631 583 1427 297 
913 882 1251 1174 1185 805 1117 612 681 875 1380 1516 667 774 368 1688 1126 935 1467 560 779 1115 1416 1023 1287 1238 1410 864 646 377 612 271 900 1369 844 0 288 1115 786 646 812 877 290 900 951 854 844 694 1183 996 536 942 878 
703 910 1317 1293 1263 863 969 788 781 958 1522 1554 775 821 476 1848 1217 697 1609 736 541 1204 1558 882 1365 1003 1568 789 822 553 720 415 662 1511 819 242 0 1344 844 731 971 896 513 1101 688 873 1029 774 1206 1163 382 1061 640 
1625 1639 2018 177 1684 1324 1844 650 1138 1379 1473 2282 1507 1515 1159 1781 1760 1736 1560 974 1562 1637 1509 1752 1786 1986 1519 1593 684 803 1418 998 1678 1462 1573 1024 1238 0 1282 1213 613 1654 812 654 1703 1612 1322 1216 1986 1092 1294 1478 1676 
1059 1125 1472 1293 1164 537 1319 792 488 869 1522 1718 894 997 595 1848 1288 1092 1609 434 938 868 1558 1224 1287 1417 1568 1073 826 524 839 650 1064 1511 1053 730 835 1344 0 709 971 1140 579 1101 1133 1098 217 721 1394 1163 690 363 1064 
895 842 1206 1355 950 761 1068 833 465 571 1615 1443 641 734 342 1938 907 1018 1702 742 917 1075 1651 983 1045 1165 1661 824 867 588 586 564 964 1604 804 697 852 1344 742 0 985 837 624 1146 950 814 937 224 1137 1198 577 902 872 
1351 1365 1712 813 1408 1009 1565 362 864 1103 1195 1987 1224 1241 869 1503 1480 1401 1299 698 1227 1322 1231 1478 1510 1686 1173 1319 396 515 1135 721 1373 1201 1299 737 924 728 983 934 0 1380 524 622 1419 1338 998 950 1640 824 967 1154 1346 
612 215 588 1767 1185 1209 848 1243 919 872 1975 980 599 508 783 2325 819 739 2088 1182 651 1522 2071 753 1082 928 1994 598 1311 1039 487 827 704 1960 578 981 976 1779 1169 829 1420 0 1085 1621 644 69 1346 722 498 1571 580 1378 589 
1011 1091 1402 969 1095 683 1285 451 559 775 1262 1684 850 947 551 1570 1217 1049 1349 319 889 988 1298 1181 1195 1374 1255 1018 485 136 795 403 1021 1251 998 343 530 965 641 615 651 1075 0 658 1091 1064 603 627 1360 756 646 749 1016 
1544 1558 1941 866 1603 1259 1758 684 1083 1298 1473 2193 1421 1434 1073 1781 1679 1661 1560 887 1487 1572 1509 1671 1705 1905 1519 1512 718 704 1332 924 1597 1462 1492 932 1143 733 1225 1132 621 1573 686 0 1622 1531 1193 1135 1844 1059 1219 1349 1601 
99 608 1002 1782 1355 1183 559 1258 1055 1050 1992 1009 770 276 756 2342 1190 247 2088 1184 214 1496 2071 415 1400 559 1994 180 1326 1054 636 911 95 1960 210 896 707 1794 1162 960 1435 603 1100 1636 0 580 1320 871 734 1586 444 1352 147 
591 194 595 1744 1164 1176 827 1220 893 851 1975 918 578 487 762 2325 798 718 2036 1152 630 1489 2030 732 1066 882 1958 572 1288 1016 466 806 662 1924 552 932 960 1756 1145 808 1397 60 1062 1598 623 0 1313 701 462 1548 559 1345 568 
1248 1300 1647 1441 1389 565 1500 926 696 1084 1652 1928 1162 1176 787 1962 1454 1314 1739 428 1140 896 1688 1413 1491 1621 1698 1254 994 592 1073 839 1286 1641 1234 884 1023 1453 241 916 1094 1315 711 1277 1330 1273 0 926 1575 1276 882 146 1257 
744 691 1049 1355 950 766 934 838 470 576 1615 1278 431 583 377 1938 688 860 1702 747 783 1075 1651 828 870 1001 1661 673 872 593 400 499 803 1604 653 632 797 1344 747 207 985 686 629 1146 776 663 937 0 1001 1198 612 917 721 
814 570 847 2238 1524 1574 838 1628 1338 1219 2395 615 1025 746 1142 2748 1095 701 2451 1554 905 1892 2460 669 1323 965 2370 683 1696 1424 842 1201 759 2336 663 1279 1315 2181 1531 1203 1830 438 1470 2015 807 445 1711 1022 0 1965 949 1743 803 
1524 1538 1936 1233 1583 1219 1738 631 1055 1278 960 2177 1402 1414 1054 1082 1659 1630 781 885 1456 1532 1003 1651 1685 1893 541 1492 643 702 1313 911 1577 591 1472 932 1143 1087 1191 1111 790 1553 711 1035 1602 1511 1193 1114 1833 0 1188 1349 1570 
437 587 894 1373 1164 746 800 870 664 805 1615 1224 651 507 352 1938 1055 504 1702 779 348 1075 1651 689 1234 800 1661 596 905 625 596 505 469 1604 592 589 400 1399 727 544 1017 582 661 1226 469 559 937 607 928 1198 0 886 414 
1254 1300 1647 1528 1389 569 1500 977 704 1084 1688 1928 1162 1176 791 2000 1480 1314 1775 542 1140 900 1724 1413 1491 1621 1734 1254 1045 706 1073 846 1286 1677 1234 932 1023 1512 355 916 1153 1315 775 1329 1334 1273 114 926 1575 1288 886 0 1261 
297 753 1108 1881 1445 1258 446 1331 1134 1140 2087 951 878 412 810 2437 1291 150 2155 1257 291 1571 2152 335 1503 446 2074 242 1399 1127 744 957 115 2040 272 952 761 1857 1215 1017 1508 748 1173 1709 202 724 1395 978 676 1659 498 1427 0 
0 495 840 1715 1188 1095 596 1180 876 885 1951 1009 667 208 627 2272 1011 327 2045 1098 274 1437 2029 434 1248 575 2005 213 1208 1013 475 826 184 1964 216 877 695 1736 1011 809 1420 496 1017 1484 144 484 1220 696 729 1504 415 1284 198 
343 0 874 1539 931 933 596 988 635 644 1753 968 426 319 589 2096 775 523 1832 931 397 1275 1854 508 969 678 1794 338 1016 817 234 591 434 1727 330 671 754 1551 875 605 1235 530 828 1299 433 518 1073 455 676 1333 472 1136 429 
856 513 0 2058 862 1454 1104 1527 1118 1157 2361 1461 899 832 1088 2682 773 1081 2429 1427 915 1796 2403 1013 717 1162 2404 851 1555 1353 747 1093 948 2348 843 1187 1293 2082 1384 1134 1767 619 1380 1849 941 657 1581 1005 854 1890 957 1645 933 
1741 1721 1996 0 1748 1398 1885 646 1223 1460 1501 2236 1537 1617 1248 1848 1803 1781 1556 1118 1570 1740 1595 1814 1849 1952 1542 1650 674 935 1465 1064 1743 1475 1639 1063 1249 194 1328 1296 707 1698 923 861 1710 1664 1525 1311 2033 1181 1339 1589 1631 
1207 1174 929 1715 0 1144 1340 1180 816 592 1951 1719 1053 1077 920 2272 730 1340 2045 1098 1238 1434 2029 1272 564 1398 2005 1110 1208 1013 956 968 1203 1964 1099 1094 1186 1736 1059 797 1420 1151 1017 1484 1248 1117 1256 796 1450 1504 1075 1320 1237 
1522 1505 1777 1770 1559 0 1664 1235 907 1271 2028 2058 1305 1401 1016 2349 1612 1554 2076 1017 1343 291 2070 1596 1671 1722 2051 1434 1263 942 1233 1037 1526 1995 1423 1107 1223 1791 805 1107 1475 1482 1031 1498 1483 1448 871 1122 1781 1518 1112 804 1404 
523 881 1174 2058 1515 1420 0 1529 1187 1227 2361 641 1028 675 1040 2682 1392 314 2429 1429 467 1762 2403 187 1619 186 2404 474 1557 1355 808 1159 390 2348 492 1156 942 2082 1350 1203 1769 882 1382 1853 496 868 1547 1025 682 1890 765 1611 418 
1111 1089 1361 673 1148 777 1259 0 581 829 875 1638 910 976 603 1230 1199 1092 939 479 888 1156 954 1191 1206 1317 924 1026 28 303 834 472 1064 845 1015 475 658 720 724 650 376 1066 291 659 1085 1032 785 649 1365 576 718 927 1004 
834 821 1111 1248 850 496 1024 679 0 577 1382 1389 683 732 498 1714 916 949 1437 506 838 787 1476 930 893 1076 1423 751 707 420 615 547 847 1356 743 613 732 1238 386 385 856 822 506 932 908 810 579 384 1104 1069 668 601 924 
922 919 969 1480 273 870 1104 952 577 0 1714 1483 781 830 671 2065 482 1081 1769 873 985 1235 1824 1013 316 1162 1755 849 980 759 713 701 948 1688 841 841 898 1489 817 558 1173 931 770 1237 1000 919 1029 557 1227 1333 834 1069 1003 
1854 1840 2140 1537 1876 1533 1989 926 1358 1584 0 2362 1661 1741 1372 462 1928 1918 285 1269 1694 1883 307 1943 1966 2064 413 1774 954 1086 1589 1188 1879 351 1763 1200 1386 1458 1463 1420 1144 1824 1109 1308 1837 1788 1660 1435 2186 791 1463 1724 1755 
1085 1086 1341 2343 1744 1735 689 1826 1416 1456 2586 0 1217 914 1369 2905 1594 888 2654 1725 1052 2040 2628 812 1823 671 2629 924 1854 1651 1041 1374 958 2573 897 1468 1543 2352 1665 1421 1995 951 1678 2170 1061 930 1842 1250 557 2164 1252 1887 1002 
660 501 958 1539 952 870 835 977 653 662 1731 1213 0 558 522 2072 451 762 1786 916 714 1235 1830 747 623 920 1772 577 1005 799 248 524 673 1705 569 604 787 1532 817 615 1216 593 810 1277 736 581 1029 427 917 1333 698 1069 746 
195 448 793 1673 1085 1095 567 1138 776 785 1938 930 567 0 730 2259 916 392 2000 1082 393 1437 1963 479 1136 649 1956 207 1166 985 375 732 252 1900 199 812 874 1694 1011 746 1378 449 981 1448 245 437 1220 596 647 1468 603 1284 343 
492 479 824 1369 855 736 667 833 573 582 1622 1009 299 390 0 1956 694 594 1677 779 546 1116 1716 579 866 749 1663 409 861 665 231 390 505 1596 401 470 653 1415 683 530 1093 480 676 1165 568 468 866 342 747 1246 467 871 578 
2172 2146 2418 1839 2183 1833 2327 1246 1658 1889 430 2700 1952 2049 1672 0 2205 2162 363 1569 1959 2138 608 2262 2245 2398 514 2088 1274 1386 1903 1488 2124 457 2080 1500 1686 1765 1763 1720 1449 2116 1409 1613 2128 2101 1934 1735 2478 934 1763 1975 2068 
1027 696 800 1854 720 1220 1164 1316 954 527 2098 1543 380 896 860 2419 0 1173 2149 1216 1052 1534 2140 1105 238 1222 2124 922 1344 1142 586 862 1015 2068 913 932 1115 1894 1150 826 1556 788 1161 1636 1056 776 1347 638 1088 1656 1008 1411 1049 
209 632 958 1739 1332 1144 476 1204 953 1044 1977 991 804 361 744 2298 1163 0 2062 1136 153 1486 2029 360 1390 455 2037 213 1232 1043 612 854 76 1981 224 857 634 1760 1045 929 1444 633 1047 1514 182 621 1242 833 691 1534 451 1306 104 
1880 1864 2155 1570 1932 1563 2038 977 1388 1614 281 2411 1691 1771 1402 367 1945 1938 0 1299 1724 1883 548 1976 1993 2113 222 1806 1005 1116 1619 1218 1900 160 1793 1230 1416 1489 1493 1450 1173 1852 1139 1337 1864 1814 1690 1465 2201 706 1493 1754 1785 
1175 1160 1432 1139 1188 707 1311 550 511 888 1251 1690 998 1045 659 1583 1246 1202 1306 0 977 1065 1345 1243 1304 1369 1292 1081 578 236 890 531 1174 1225 1070 514 697 1091 421 709 727 1137 298 761 1131 1103 380 708 1436 932 774 533 1052 
231 645 958 1627 1332 1095 524 1092 913 1044 1938 1025 817 394 698 2232 1163 276 1965 1098 0 1437 1908 408 1390 503 1910 380 1120 1002 625 813 254 1840 391 808 585 1648 1011 880 1332 646 888 1449 207 634 1208 846 777 1469 404 1272 126 
1461 1441 1713 1681 1410 653 1600 1146 836 1134 1938 1976 1241 1337 952 2259 1437 1496 2000 957 1285 0 1989 1532 1534 1658 1996 1370 1174 874 1169 965 1463 1928 1359 1036 1165 1702 740 1054 1386 1418 974 1439 1425 1384 806 1069 1717 1459 1054 739 1346 
1973 1937 2215 1608 1989 1631 2091 1015 1456 1682 266 2464 1759 1842 1470 552 2021 2012 518 1367 1792 1979 0 2026 2048 2166 538 1879 1043 1184 1687 1286 1974 476 1871 1298 1484 1532 1561 1518 1216 1898 1207 1380 1945 1883 1758 1533 2255 858 1561 1817 1872 
398 736 1047 1916 1365 1306 197 1403 1033 1077 2196 789 855 533 943 2517 1219 189 2264 1303 342 1648 2238 0 1446 278 2239 319 1431 1229 663 1024 265 2183 337 1064 823 1968 1236 1041 1643 737 1256 1723 371 713 1433 884 527 1743 640 1497 293 
1237 919 768 1783 570 1177 1376 1248 874 505 2028 1755 596 1113 1009 2349 222 1376 2086 1157 1262 1519 2070 1308 0 1434 2061 1146 1276 1074 802 1024 1239 2005 1135 1149 1223 1807 1115 855 1488 1021 1101 1568 1284 991 1312 854 1254 1588 1112 1376 1261 
587 964 1241 2172 1612 1512 282 1621 1284 1324 2417 735 1070 739 1130 2748 1447 378 2485 1521 531 1883 2459 325 1675 0 2460 552 1649 1447 883 1233 454 2404 570 1236 1022 2157 1442 1262 1861 967 1461 1925 560 950 1639 1095 808 1971 829 1703 482 
1835 1829 2140 1537 1852 1511 1989 919 1336 1562 403 2362 1639 1719 1350 514 1897 1918 229 1247 1672 1883 670 1921 1935 2064 0 1752 947 1064 1567 1166 1853 26 1741 1178 1364 1425 1441 1398 1124 1800 1087 1288 1815 1766 1638 1413 2137 534 1441 1702 1733 
230 578 958 1832 1240 1220 462 1291 907 952 2066 927 697 241 833 2387 1053 197 2135 1175 286 1562 2108 297 1269 491 2105 0 1319 1110 505 862 133 2054 18 932 767 1849 1150 876 1531 579 1144 1611 205 536 1347 726 579 1631 584 1411 236 
1150 1124 1396 701 1148 805 1279 28 609 857 941 1658 954 1020 631 1262 1223 1127 969 507 929 1156 983 1211 1230 1337 947 1049 0 331 862 500 1099 873 1038 503 686 748 752 678 404 1101 319 687 1104 1067 813 677 1400 602 746 958 1025 
978 964 1241 942 995 665 1159 409 469 713 1120 1538 786 868 487 1452 1040 1003 1186 209 772 1007 1214 1054 1108 1217 1168 887 437 0 718 356 940 1105 879 335 518 935 556 534 586 967 93 556 962 950 515 533 1251 725 602 668 898 
522 438 854 1480 879 838 697 952 597 606 1714 1050 267 420 490 2065 701 624 1769 881 576 1185 1824 609 873 779 1755 439 980 767 0 492 535 1688 431 572 755 1493 785 567 1177 510 778 1248 598 498 1011 398 777 1333 560 1015 608 
784 771 1061 1139 971 680 966 542 532 684 1245 1337 591 682 292 1577 977 822 1300 462 622 1007 1339 871 1070 1032 1286 701 570 374 523 0 797 1219 693 245 428 1073 627 505 719 772 385 812 818 760 785 504 1048 932 452 815 748 
188 638 958 1783 1267 1144 474 1248 979 979 2028 955 757 285 778 2349 1122 198 2086 1157 187 1486 2070 309 1349 463 2061 137 1276 1074 565 888 0 2005 148 891 668 1807 1079 941 1488 639 1075 1568 106 596 1276 786 619 1588 485 1340 137 
1835 1829 2140 1506 1852 1511 1989 912 1336 1562 377 2362 1639 1719 1350 488 1897 1918 203 1247 1672 1883 644 1921 1935 2064 67 1752 940 1064 1567 1166 1853 0 1741 1178 1364 1425 1441 1398 1124 1800 1087 1288 1815 1766 1638 1413 2137 551 1441 1702 1733 
243 568 958 1793 1240 1220 490 1258 896 952 2052 898 687 231 846 2373 1053 225 2106 1175 299 1562 2094 325 1261 519 2081 39 1286 1084 495 852 146 2025 0 932 780 1819 1150 866 1498 569 1111 1578 218 518 1347 716 561 1598 597 1411 249 
852 839 1132 1194 1148 798 1056 616 645 844 1315 1399 659 750 360 1647 1053 890 1370 547 690 1156 1409 940 1230 1082 1356 769 644 371 591 283 865 1289 761 0 299 1149 745 588 793 840 287 830 886 828 853 638 1116 1006 520 960 816 
678 964 1241 1369 1240 898 939 803 750 952 1501 1450 840 841 541 1848 1254 695 1556 735 510 1242 1595 827 1343 924 1542 810 831 595 772 464 673 1475 821 275 0 1359 845 765 1072 961 515 1086 648 945 1060 764 1245 1181 402 1108 613 
1671 1651 1942 219 1678 1354 1819 653 1179 1390 1382 2160 1467 1547 1178 1714 1731 1711 1437 1065 1500 1696 1476 1742 1790 1887 1423 1580 681 864 1395 989 1673 1356 1569 1012 1198 0 1284 1226 585 1628 852 739 1640 1594 1479 1241 1960 1069 1269 1545 1561 
1053 1040 1322 1308 1148 463 1206 735 408 811 1450 1585 839 932 540 1782 1171 1035 1505 400 825 754 1544 1138 1184 1264 1491 953 763 476 771 557 1007 1424 942 662 719 1281 0 632 921 1023 562 999 1014 989 239 631 1326 1111 655 370 939 
717 704 999 1253 781 658 892 715 348 508 1450 1283 524 615 225 1782 787 819 1505 661 712 1007 1544 804 824 959 1491 634 743 547 456 410 730 1424 626 490 621 1281 605 0 892 705 558 999 793 693 788 219 972 1089 468 793 803 
1248 1241 1513 698 1267 925 1400 223 712 979 941 1779 1053 1137 734 1262 1314 1267 998 610 1055 1267 1009 1332 1356 1458 976 1170 251 434 967 603 1239 909 1159 606 789 654 855 781 0 1218 422 516 1206 1184 910 780 1517 634 849 1078 1127 
572 229 576 1755 1164 1177 818 1220 864 873 2028 968 546 486 818 2349 813 707 2062 1136 626 1519 2034 730 1022 900 2037 522 1248 1059 463 820 606 1981 514 900 991 1776 1115 834 1460 0 1086 1553 629 60 1312 684 402 1573 701 1376 658 
996 1008 1264 942 1025 684 1159 422 488 729 1120 1538 802 884 503 1452 1066 1015 1204 304 788 1031 1214 1078 1108 1217 1187 910 450 128 734 356 957 1123 895 287 498 957 631 550 599 994 0 583 983 964 610 549 1282 752 618 763 924 
1464 1448 1720 934 1481 1144 1607 572 938 1193 1296 1987 1248 1344 959 1628 1534 1496 1351 785 1285 1486 1390 1539 1593 1665 1337 1377 600 609 1176 823 1468 1270 1366 802 993 732 1079 1006 471 1425 584 0 1425 1391 1180 1048 1724 996 1054 1330 1346 
82 577 958 1741 1267 1144 531 1206 953 979 1977 1017 749 245 709 2298 1122 281 2062 1136 197 1486 2029 388 1349 510 2037 207 1234 1043 557 856 129 1981 218 910 678 1762 1045 891 1446 578 1047 1514 0 566 1242 778 698 1534 445 1306 133 
537 194 622 1731 1148 1144 772 1196 829 838 1977 909 511 437 783 2298 778 657 2045 1098 591 1486 2029 684 986 854 2020 472 1224 1027 428 785 556 1964 464 865 951 1752 1079 799 1436 60 1031 1498 579 0 1276 649 419 1518 666 1340 623 
1252 1243 1515 1386 1332 618 1402 836 607 1044 1622 1781 1053 1139 739 1956 1386 1271 1677 356 1059 929 1716 1334 1444 1460 1663 1172 864 558 972 702 1243 1596 1161 800 919 1415 224 831 1110 1220 620 1127 1210 1186 0 830 1519 1246 854 153 1131 
605 592 958 1248 765 642 780 699 332 492 1450 1175 391 503 298 1782 568 707 1505 645 659 937 1544 692 740 862 1491 522 727 531 342 473 618 1424 514 563 670 1238 589 188 876 593 542 979 681 581 772 0 860 1089 541 777 691 
824 542 833 2058 1496 1488 749 1552 1143 1208 2361 593 897 693 1130 2682 1077 635 2429 1452 788 1833 2403 590 1313 823 2404 683 1580 1378 776 1135 706 2348 685 1229 1269 2083 1418 1169 1792 399 1405 1875 785 415 1615 1025 0 1898 957 1679 739 
1503 1487 1759 1194 1508 1185 1646 569 987 1220 853 2024 1289 1383 1000 969 1561 1535 781 873 1324 1527 946 1578 1620 1704 552 1416 597 697 1217 866 1507 578 1405 869 1085 1073 1115 1066 707 1464 685 879 1464 1430 1312 1081 1763 0 1093 1376 1385 
413 622 958 1369 1085 721 729 818 573 767 1524 1219 608 530 309 1869 992 481 1579 764 281 1116 1618 613 1138 708 1565 583 846 650 540 474 459 1498 586 525 343 1372 668 491 1087 623 661 1127 448 611 851 541 922 1199 0 856 382 
1252 1243 1515 1480 1332 647 1402 952 636 1044 1714 1781 1053 1139 738 2065 1386 1271 1769 505 1059 882 1824 1334 1444 1460 1755 1172 980 674 972 755 1243 1688 1161 860 919 1489 373 830 1173 1220 760 1224 1210 1186 149 829 1519 1296 853 0 1131 
298 721 1015 1854 1387 1220 398 1316 1055 1099 2098 927 885 413 834 2419 1271 150 2149 1216 243 1562 2140 282 1498 377 2124 265 1344 1142 693 923 128 2068 276 952 724 1894 1150 1009 1556 722 1146 1636 234 710 1347 964 651 1656 541 1411 0 
0 603 852 1879 1266 1145 576 1303 1027 980 1991 967 767 226 759 2331 1141 335 2104 1154 260 1466 2070 491 1352 592 2025 181 1340 1053 586 836 196 1983 182 910 700 1928 1076 960 1465 560 1093 1592 102 539 1271 759 734 1617 446 1300 198 
398 0 829 1666 1000 1019 673 1134 782 709 1919 999 497 340 673 2171 864 579 1912 1047 438 1340 1907 611 1080 737 1860 407 1171 951 316 646 504 1818 403 743 771 1690 953 720 1296 537 972 1496 431 516 1148 489 794 1521 456 1167 429 
1429 1080 0 2615 952 1968 1716 2042 1629 1279 2750 1545 1163 1437 1674 3075 793 1650 2840 1921 1521 2276 2806 1584 766 1793 2760 1498 2076 1793 1290 1689 1587 2741 1484 1836 1874 2635 1910 1571 2326 1021 1824 2341 1515 1071 2092 1409 995 2343 1517 2084 1508 
1721 1878 2187 0 1854 1425 1993 658 1267 1521 1619 2477 1601 1809 1298 1933 1916 1769 1652 1140 1569 1746 1668 1967 1895 2012 1628 1871 696 946 1538 1138 1739 1586 1859 1138 1307 176 1394 1379 675 1885 955 825 1742 1853 1476 1410 2243 1270 1381 1580 1685 
1308 1319 929 1922 0 1229 1566 1357 937 579 2061 1937 1107 1236 1067 2401 809 1482 2165 1188 1368 1550 2140 1480 604 1630 2097 1297 1394 1107 1044 1120 1388 2055 1283 1244 1269 1965 1185 884 1519 1309 1147 1646 1394 1293 1380 852 1601 1671 1180 1384 1387 
1495 1647 1960 1824 1626 0 1773 1289 975 1340 1991 2263 1369 1575 1066 2331 1714 1543 2092 1062 1343 297 2070 1710 1705 1770 2013 1636 1326 1030 1306 1114 1513 1971 1622 1215 1244 1882 876 1198 1451 1648 1110 1609 1516 1632 892 1229 1947 1634 1155 841 1459 
569 874 1144 2179 1509 1402 0 1570 1293 1223 2249 612 1013 633 1038 2589 1377 339 2377 1418 503 1723 2328 198 1588 243 2306 454 1607 1320 816 1163 428 2264 493 1136 975 2190 1371 1210 1732 831 1360 1864 536 810 1566 976 732 1894 725 1557 452 
1085 1184 1487 671 1146 768 1347 0 623 860 1036 1789 976 1091 638 1347 1261 1117 1092 507 929 1095 1095 1284 1242 1344 1071 1152 38 300 910 495 1087 1026 1138 497 722 705 784 719 375 1174 314 632 1089 1158 866 727 1466 632 752 942 1033 
1008 1020 1309 1316 964 523 1250 753 0 674 1540 1618 836 914 604 1869 1065 1079 1573 549 879 820 1589 1164 1073 1306 1549 985 791 525 770 641 1049 1507 971 703 777 1368 475 521 932 985 602 1099 1056 969 612 529 1288 1194 718 701 999 
999 1016 966 1550 305 925 1227 1004 652 0 1728 1595 829 906 791 2041 536 1168 1761 916 1081 1246 1777 1141 331 1291 1737 985 1041 811 763 836 1071 1695 971 932 975 1565 927 615 1171 980 862 1365 1073 963 1080 583 1288 1384 904 1117 1066 
1811 1984 2270 1516 1993 1517 2081 917 1359 1610 0 2565 1690 1909 1387 397 1991 1862 239 1235 1658 1838 260 2039 1949 2100 417 1982 954 1041 1627 1227 1839 346 1980 1226 1395 1440 1486 1468 1057 1995 1048 1352 1834 1963 1571 1499 2332 786 1470 1672 1774 
1032 1111 1390 2537 1781 1828 650 1964 1612 1495 2629 0 1264 885 1454 2981 1650 885 2745 1834 1066 2136 2724 810 1871 660 2686 915 1998 1729 1124 1469 967 2644 889 1594 1485 2557 1780 1495 2248 1004 1769 2264 1068 991 1990 1251 580 2265 1259 1966 1025 
754 598 1006 1550 971 881 980 1071 752 679 1737 1334 0 645 584 2052 421 948 1770 936 809 1214 1786 925 683 1014 1746 712 1108 820 262 527 809 1704 708 624 803 1565 897 644 1171 661 851 1374 802 640 1035 413 1033 1408 744 1055 800 
232 470 719 1824 1146 1100 552 1288 878 805 1991 868 593 0 799 2331 953 430 2092 1154 429 1421 2070 490 1193 616 2013 196 1325 1038 412 742 291 1971 196 839 915 1882 1076 816 1450 427 1073 1577 261 406 1266 585 633 1602 590 1255 378 
558 557 806 1395 880 726 782 837 626 575 1619 1119 333 449 0 1933 700 750 1652 779 613 1095 1668 720 907 846 1628 516 875 665 267 372 613 1586 512 469 648 1429 742 504 1003 514 696 1224 606 493 877 273 827 1276 476 917 604 
2151 2347 2640 1824 2334 1828 2449 1231 1666 1941 388 2982 2018 2274 1694 0 2378 2244 348 1542 2004 2136 510 2407 2342 2468 509 2348 1268 1348 1971 1534 2211 440 2343 1533 1702 1745 1793 1775 1351 2365 1355 1661 2181 2333 1873 1806 2705 984 1777 1966 2122 
1112 877 785 2058 832 1295 1369 1460 1012 595 2157 1624 440 1030 990 2497 0 1285 2285 1308 1204 1582 2236 1283 269 1433 2214 1100 1497 1210 654 948 1191 2172 1086 1077 1205 2086 1264 873 1622 947 1250 1749 1198 936 1459 642 1074 1774 1116 1450 1191 
230 676 958 1711 1359 1063 458 1179 944 1073 1919 977 855 386 705 2259 1241 0 1995 1100 164 1384 1959 383 1438 474 1924 212 1216 994 674 776 89 1881 233 849 640 1735 995 929 1341 633 1034 1533 197 612 1190 847 798 1558 386 1205 113 
1985 2094 2435 1618 2155 1653 2205 1031 1495 1746 235 2689 1860 2072 1523 336 2156 2000 0 1371 1794 1977 451 2163 2156 2224 243 2110 1068 1177 1763 1363 1967 172 2122 1362 1531 1546 1622 1604 1152 2160 1184 1462 1991 2128 1707 1635 2497 737 1606 1817 1918 
1173 1332 1635 1197 1273 765 1453 591 620 987 1382 1945 1070 1249 741 1693 1398 1223 1415 0 1023 1095 1431 1390 1352 1450 1391 1310 629 245 1007 581 1193 1349 1296 586 811 1111 450 842 768 1322 374 876 1196 1306 395 850 1614 932 855 525 1139 
256 626 875 1619 1326 990 495 1087 859 1040 1841 1011 805 427 623 2125 1190 267 1848 1014 0 1311 1882 420 1404 511 1833 358 1124 898 624 694 257 1777 379 767 558 1643 937 868 1249 583 955 1456 217 562 1121 797 874 1481 304 1158 155 
1437 1571 1880 1781 1476 647 1715 1249 922 1246 1952 2187 1293 1499 990 2292 1594 1485 2053 1010 1285 0 2027 1652 1601 1712 2004 1560 1286 989 1230 1077 1455 1961 1546 1166 1186 1807 811 1125 1411 1572 1048 1547 1458 1556 827 1156 1868 1572 1097 776 1401 
1875 2059 2331 1580 2085 1585 2144 993 1427 1678 280 2628 1758 1983 1455 575 2069 1939 519 1303 1726 1893 0 2102 2081 2163 575 2049 1030 1109 1695 1295 1906 504 2061 1294 1463 1503 1554 1536 1109 2056 1116 1419 1912 2024 1639 1567 2393 846 1538 1740 1828 
465 793 1060 2058 1415 1322 172 1501 1213 1129 2176 739 915 552 968 2516 1321 260 2304 1349 424 1643 2255 0 1494 326 2233 296 1538 1251 735 1077 349 2191 335 1064 900 2163 1291 1135 1663 750 1291 1790 396 729 1486 908 622 1820 646 1477 373 
1411 1072 752 2058 621 1295 1669 1417 1012 527 2091 1831 685 1339 1150 2431 263 1585 2219 1265 1425 1582 2170 1583 0 1733 2148 1400 1454 1167 899 1199 1491 2106 1386 1316 1326 2040 1264 983 1579 1137 1207 1706 1497 1121 1459 856 1288 1731 1237 1450 1490 
586 933 1253 2179 1550 1430 233 1598 1321 1264 2318 595 1043 682 1038 2658 1433 356 2446 1446 520 1751 2397 338 1629 0 2375 494 1635 1348 865 1178 445 2333 533 1153 998 2190 1399 1212 1760 880 1388 1900 553 859 1594 1055 784 1907 742 1585 469 
1838 2027 2299 1555 2085 1553 2125 968 1395 1646 311 2609 1726 1950 1423 450 2040 1919 175 1271 1694 1877 529 2083 2008 2144 0 2015 1005 1077 1663 1263 1872 22 2027 1262 1431 1472 1522 1504 1080 2024 1084 1390 1879 1992 1607 1535 2361 546 1506 1708 1811 
235 611 865 1953 1238 1183 490 1386 1056 952 2071 840 739 273 832 2411 1111 238 2201 1234 291 1504 2150 346 1322 543 2130 0 1423 1136 558 888 130 2088 39 995 767 2013 1160 941 1548 556 1176 1675 166 497 1349 731 639 1700 513 1338 240 
1131 1210 1513 707 1186 804 1382 36 659 896 1054 1818 1013 1127 674 1365 1284 1152 1115 543 952 1135 1135 1319 1270 1379 1082 1188 0 336 944 531 1122 1042 1174 533 758 741 820 755 411 1200 350 668 1125 1184 903 763 1492 653 788 974 1068 
986 1076 1379 971 1081 648 1246 422 503 747 1206 1692 858 991 525 1517 1187 1015 1259 219 800 992 1255 1183 1150 1243 1235 1055 460 0 792 382 971 1193 1041 359 584 935 633 606 599 1066 138 640 976 1050 578 614 1358 691 639 708 924 
592 499 840 1490 952 829 816 968 700 627 1705 1141 248 483 532 2015 615 784 1738 882 647 1152 1754 754 877 880 1714 550 1005 768 0 475 647 1672 546 572 751 1511 845 592 1117 548 799 1331 640 527 984 361 861 1377 632 1014 638 
802 811 1071 1256 1023 720 1039 655 620 732 1473 1397 587 703 254 1784 947 805 1506 528 605 1095 1522 959 1119 1036 1482 770 693 447 521 0 795 1440 766 251 451 1216 736 561 832 768 439 1024 792 747 847 518 1087 1111 444 917 730 
183 697 958 1765 1326 1092 465 1233 975 1040 1937 924 825 297 738 2277 1218 198 2035 1123 197 1413 2027 352 1405 481 2004 123 1270 1027 644 809 0 1943 144 882 673 1789 1036 960 1395 642 1064 1566 114 583 1231 817 725 1591 419 1244 146 
1818 2005 2294 1516 2022 1530 2081 917 1372 1623 289 2565 1703 1923 1400 428 2020 1905 153 1248 1671 1877 507 2039 1980 2100 73 1989 954 1054 1640 1240 1846 0 1980 1239 1408 1472 1499 1481 1057 2019 1061 1352 1855 1987 1584 1512 2356 567 1483 1685 1787 
229 603 857 1953 1238 1197 503 1386 1056 952 2071 832 731 265 845 2411 1111 251 2201 1234 304 1518 2150 359 1322 556 2130 13 1423 1136 550 880 143 2088 0 1007 780 2013 1166 941 1548 548 1176 1675 179 489 1361 723 627 1700 526 1352 253 
918 933 1253 1197 1186 838 1149 631 698 888 1473 1504 697 813 364 1784 1080 920 1506 579 715 1164 1522 1061 1270 1146 1482 880 669 410 631 246 921 1440 876 0 305 1154 854 671 808 878 294 958 913 857 964 628 1180 1014 554 1014 840 
699 1001 1268 1416 1186 844 932 862 744 894 1638 1454 830 834 497 1955 1229 685 1671 810 485 1214 1687 838 1270 930 1647 798 900 641 764 435 675 1605 819 298 0 1439 860 753 1057 957 525 1211 660 941 984 761 1251 1276 376 1021 624 
1611 1769 2069 219 1697 1342 1892 635 1184 1411 1473 2381 1491 1697 1188 1784 1785 1659 1506 1043 1459 1663 1522 1820 1776 1890 1482 1758 673 839 1428 1025 1629 1440 1744 1063 1232 0 1311 1269 577 1770 853 727 1632 1754 1385 1300 2102 1153 1271 1497 1575 
1027 1111 1414 1378 1146 508 1279 786 494 839 1619 1721 904 1025 568 1933 1261 1049 1652 421 843 805 1668 1216 1235 1276 1628 1084 824 558 835 605 1019 1586 1070 702 741 1368 0 698 961 1101 635 1150 1021 1085 213 706 1393 1194 682 343 964 
839 843 1106 1378 841 754 1064 814 460 536 1619 1439 599 735 286 1933 867 1005 1652 756 785 1095 1668 978 867 1112 1628 802 852 642 553 449 899 1586 798 546 725 1382 770 0 985 800 693 1211 864 779 903 201 1101 1276 531 942 862 
1246 1388 1725 748 1326 933 1515 261 788 1040 1054 2048 1110 1339 803 1365 1413 1285 1115 672 1085 1254 1135 1452 1405 1512 1082 1400 299 465 1047 660 1255 1042 1386 662 887 699 927 884 0 1412 479 641 1258 1396 1074 892 1704 774 904 1129 1201 
625 230 532 2058 1238 1259 876 1427 1038 952 2113 978 617 528 904 2453 816 809 2241 1275 668 1580 2192 814 1063 935 2170 585 1464 1177 530 876 682 2128 585 1028 1004 2040 1228 929 1589 0 1217 1716 661 63 1423 719 415 1741 686 1414 659 
1027 1086 1389 1027 1081 679 1265 471 534 772 1263 1707 883 1006 550 1574 1187 1035 1296 342 825 992 1312 1202 1161 1262 1247 1070 509 135 817 407 1005 1230 1056 317 542 993 695 631 648 1076 0 670 1004 1060 701 639 1368 721 664 831 947 
1476 1618 1934 878 1553 1183 1754 584 1027 1267 1400 2218 1340 1546 1037 1711 1641 1524 1433 864 1324 1504 1449 1691 1632 1751 1409 1607 622 657 1277 888 1494 1367 1593 865 1065 678 1160 1125 492 1619 651 0 1497 1603 1255 1156 1919 1004 1136 1338 1440 
97 651 900 1879 1326 1145 541 1303 1027 1040 1991 991 809 268 770 2331 1190 274 2104 1166 230 1466 2070 439 1404 557 2025 178 1340 1053 628 841 135 1983 199 932 705 1928 1076 960 1465 608 1093 1592 0 587 1271 801 755 1617 451 1300 172 
607 220 556 2058 1238 1259 858 1424 1018 952 2113 964 607 510 893 2453 806 792 2241 1272 658 1580 2192 796 1053 925 2170 555 1461 1174 520 866 652 2128 555 1028 998 2040 1203 929 1586 64 1214 1713 651 0 1398 709 440 1738 676 1414 649 
1216 1340 1643 1438 1359 547 1486 890 697 1073 1642 1956 1107 1257 771 1964 1428 1256 1675 371 1056 844 1691 1423 1438 1483 1651 1318 937 544 1044 808 1226 1609 1304 844 940 1472 263 907 1080 1330 673 1211 1229 1314 0 910 1622 1276 885 130 1172 
725 724 989 1378 857 770 956 830 449 552 1619 1316 398 616 387 1933 666 920 1652 772 780 1095 1668 887 883 995 1628 683 868 658 403 485 780 1586 679 582 761 1429 786 231 1000 681 709 1224 773 660 921 0 988 1276 632 942 771 
872 581 816 2355 1587 1636 797 1800 1418 1301 2470 627 1051 769 1219 2812 1115 774 2598 1648 947 1977 2549 708 1331 908 2527 726 1834 1550 890 1294 817 2485 713 1419 1358 2390 1605 1300 2083 493 1590 2108 860 484 1800 1056 0 2088 993 1791 887 
1495 1654 1960 1241 1578 1229 1773 601 1059 1292 836 2265 1376 1582 1073 969 1666 1543 700 933 1343 1550 947 1710 1657 1770 525 1643 631 698 1313 910 1513 547 1629 910 1104 1071 1198 1150 739 1655 692 936 1516 1639 1275 1181 1957 0 1155 1384 1459 
434 689 958 1416 1146 752 690 863 652 802 1638 1238 715 498 382 1955 1100 462 1671 805 262 1095 1687 615 1186 706 1647 511 905 691 649 487 452 1605 512 560 351 1439 768 619 1057 646 742 1263 440 625 903 576 962 1300 0 942 378 
1171 1332 1635 1550 1326 531 1453 993 665 1040 1705 1945 1070 1249 739 2015 1413 1223 1738 479 1023 828 1754 1390 1405 1450 1714 1310 1030 652 1007 776 1193 1672 1296 873 915 1546 371 869 1152 1322 781 1309 1195 1306 108 877 1614 1337 853 0 1139 
319 765 1041 1907 1475 1145 378 1318 1043 1189 2014 886 945 437 794 2354 1354 150 2114 1171 253 1466 2093 303 1554 394 2046 263 1355 1068 763 865 140 2004 284 934 729 1928 1114 978 1480 722 1108 1607 254 701 1309 939 757 1632 475 1300 0 
0 415 734 1632 1119 1016 468 1114 769 824 1743 881 637 164 484 2000 863 258 1768 950 201 1307 1844 337 1066 522 1730 172 1142 882 452 676 142 1703 181 666 519 1600 958 634 1368 396 860 1365 90 383 1116 608 582 1433 290 1094 153 
296 0 786 1522 976 925 612 988 573 628 1620 871 441 269 491 1869 718 482 1645 818 357 1216 1707 483 907 669 1607 322 1016 761 256 539 395 1580 314 604 565 1481 867 597 1249 448 788 1271 345 435 1016 412 601 1339 297 1005 334 
1060 768 0 2255 748 1658 1261 1748 1355 1064 2421 1202 848 947 1272 2667 636 1162 2446 1592 1135 1965 2508 1176 639 1310 2417 989 1776 1537 965 1316 1061 2377 981 1379 1367 2224 1587 1342 1927 687 1564 2012 1062 702 1755 1153 726 2068 1099 1751 1112 
1571 1636 1943 0 1656 1306 1829 643 1120 1387 1325 2091 1485 1551 1184 1571 1697 1665 1350 975 1467 1597 1412 1736 1683 1880 1312 1608 671 822 1453 967 1630 1285 1600 1012 1124 152 1235 1193 602 1624 839 626 1574 1609 1251 1285 1871 1091 1304 1367 1542 
1268 1237 785 1723 0 1201 1443 1205 818 597 1841 1707 971 1171 921 2082 695 1401 1876 1079 1305 1391 1950 1369 534 1492 1823 1228 1233 1018 1066 1004 1319 1794 1220 1111 1185 1691 1130 842 1459 1244 1048 1481 1307 1229 1298 862 1477 1549 1140 1294 1296 
1409 1529 1858 1746 1549 0 1681 1228 930 1280 1908 1984 1378 1444 1021 2154 1590 1503 1887 975 1305 294 1950 1574 1576 1722 1837 1501 1256 946 1346 1038 1468 1818 1493 1104 1185 1714 790 1086 1482 1517 1005 1438 1412 1502 827 1178 1763 1506 1142 786 1380 
457 716 1043 1897 1339 1276 0 1365 1019 1070 2007 547 881 503 884 2253 1171 289 2020 1229 441 1567 2094 170 1366 177 1992 357 1393 1161 696 987 347 1951 370 932 769 1893 1205 1016 1619 697 1127 1621 419 684 1373 852 586 1689 620 1369 391 
979 1110 1477 636 1119 757 1248 0 583 820 834 1621 960 1085 609 1080 1123 1070 879 418 872 1065 944 1141 1099 1289 791 1102 28 266 863 405 1035 772 1115 426 538 738 706 642 373 1154 283 516 980 1142 691 696 1404 556 709 807 955 
847 909 1237 1220 900 488 1134 700 0 559 1393 1398 746 811 437 1639 855 1017 1418 432 819 782 1480 1027 837 1183 1380 864 728 410 661 521 958 1353 856 560 672 1186 412 360 875 891 471 951 906 878 573 414 1148 1034 652 568 893 
1036 928 879 1522 341 925 1232 977 541 0 1597 1496 687 942 642 1848 414 1165 1622 786 1012 1216 1684 1158 278 1281 1584 992 1005 729 787 726 1083 1557 984 827 915 1461 861 565 1229 964 756 1243 1088 952 1010 585 1208 1317 848 1005 1087 
1867 1939 2243 1584 1947 1615 2139 1015 1429 1682 0 2393 1780 1847 1488 328 2001 1962 196 1293 1762 1965 228 2033 1985 2181 317 1908 1043 1141 1748 1283 1927 271 1900 1302 1414 1461 1544 1488 1229 1936 1158 1304 1873 1923 1566 1580 2181 720 1599 1682 1839 
810 867 1120 2122 1534 1516 543 1609 1216 1265 2290 0 992 697 1155 2536 1281 756 2315 1453 917 1829 2377 627 1436 546 2286 721 1637 1398 890 1174 797 2246 708 1237 1239 2101 1445 1196 1873 764 1425 1865 815 758 1613 1007 452 1934 975 1609 858 
673 377 819 1522 999 874 955 977 630 639 1620 1033 0 609 498 1869 328 822 1645 804 734 1184 1707 823 521 1018 1607 662 1005 747 264 495 753 1580 654 560 671 1461 823 593 1229 411 754 1253 722 399 978 396 673 1324 574 959 711 
164 375 694 1608 1119 1016 520 1090 672 727 1719 779 540 0 587 1972 817 333 1744 924 351 1307 1820 391 1021 577 1706 173 1118 860 355 638 229 1679 165 703 661 1576 967 696 1344 356 887 1344 206 343 1116 511 486 1412 393 1112 286 
521 497 958 1353 931 698 845 798 526 581 1438 1141 339 502 0 1684 639 715 1463 628 565 996 1525 716 832 908 1425 555 826 571 254 319 620 1398 547 384 495 1295 647 425 974 531 578 1077 578 519 786 228 793 1169 330 781 567 
2049 2096 2400 1788 2129 1793 2321 1222 1607 1885 317 2595 1993 2044 1666 0 2166 2143 295 1471 1945 2084 465 2214 2187 2362 450 2113 1250 1319 1932 1461 2108 406 2105 1480 1592 1665 1722 1666 1433 2093 1336 1508 2052 2080 1744 1758 2354 847 1777 1869 2020 
861 565 631 1799 709 1167 1142 1281 869 492 1920 1279 322 834 798 2166 0 1050 1944 1112 929 1391 2016 1050 193 1191 1896 887 1309 1070 564 795 965 1866 879 860 992 1767 1096 791 1535 599 1051 1530 912 587 1264 594 835 1598 862 1260 899 
192 556 875 1632 1221 1016 417 1114 855 952 1743 875 757 279 595 2000 1010 0 1768 950 152 1307 1844 297 1190 445 1730 178 1142 871 572 676 58 1703 191 627 480 1600 958 745 1368 537 821 1344 132 524 1116 728 580 1412 331 1094 102 
1867 1939 2243 1591 1947 1615 2139 1024 1429 1682 202 2393 1780 1847 1488 296 2001 1962 0 1293 1762 1965 373 2033 1985 2181 182 1908 1052 1141 1748 1283 1927 136 1900 1302 1414 1468 1544 1488 1236 1936 1158 1311 1873 1923 1566 1580 2181 585 1599 1682 1839 
938 1052 1434 1100 1119 626 1213 524 452 778 1193 1579 898 1043 559 1439 1074 1035 1218 0 830 929 1280 1106 1063 1254 1180 1060 552 185 813 341 1000 1153 1073 402 514 1034 347 600 699 1096 242 733 938 1084 302 654 1362 818 667 418 911 
200 538 857 1559 1221 948 457 1055 785 952 1664 929 760 340 525 1916 993 266 1689 869 0 1239 1751 337 1167 485 1651 285 1083 805 575 606 229 1624 298 561 414 1527 888 675 1295 519 755 1302 163 506 1039 681 682 1370 261 1028 116 
1327 1459 1766 1673 1379 622 1599 1155 848 1151 1784 1912 1308 1374 952 2047 1435 1421 1810 884 1223 0 1873 1492 1447 1640 1771 1431 1183 862 1276 956 1386 1744 1423 1012 1103 1641 708 1025 1409 1447 930 1375 1330 1432 745 1115 1693 1443 1060 704 1298 
1931 2010 2314 1668 2010 1680 2203 1109 1494 1747 228 2462 1872 1908 1553 471 2079 2025 367 1358 1829 2005 0 2096 2060 2244 488 1980 1137 1206 1826 1348 1990 442 1972 1367 1479 1545 1609 1553 1313 2007 1223 1388 1934 1994 1631 1645 2250 859 1664 1747 1905 
341 615 958 1759 1247 1201 165 1241 914 978 1908 610 780 402 768 2154 1046 173 1905 1112 325 1492 1976 0 1247 271 1859 241 1269 1037 595 849 231 1828 254 800 653 1727 1130 920 1495 596 1001 1497 303 583 1298 751 444 1565 504 1294 275 
1063 733 689 1707 547 1167 1285 1189 799 457 1841 1393 490 1011 900 2065 206 1221 1845 1047 1094 1391 1913 1211 0 1334 1812 1070 1217 998 732 971 1148 1778 1062 1043 1154 1675 1096 823 1443 767 1025 1458 1082 755 1264 740 1001 1526 1042 1260 1071 
515 770 1096 1900 1390 1309 177 1382 1071 1121 2013 544 935 557 921 2259 1210 323 2045 1264 475 1600 2100 267 1411 0 2016 428 1410 1178 750 1038 381 1976 441 956 803 1894 1238 1046 1636 751 1144 1638 455 738 1406 910 640 1706 654 1402 425 
1717 1782 2124 1471 1831 1466 1987 896 1280 1533 293 2241 1631 1697 1339 429 1856 1820 160 1144 1613 1757 464 1882 1834 2030 0 1754 928 992 1599 1134 1776 22 1746 1153 1265 1348 1395 1339 1107 1770 1009 1178 1720 1755 1417 1431 2025 442 1450 1533 1688 
172 472 791 1683 1119 1130 372 1165 769 824 1794 727 637 173 612 2047 916 162 1820 1031 274 1421 1885 241 1105 428 1781 0 1193 964 452 735 121 1754 13 749 602 1651 1042 762 1419 453 947 1424 134 409 1222 608 457 1492 418 1223 224 
1014 1134 1501 664 1119 785 1287 28 611 848 852 1645 960 1109 637 1100 1149 1109 897 446 900 1105 944 1180 1131 1328 809 1139 0 294 891 433 1074 790 1152 454 566 766 734 670 401 1178 311 544 1017 1166 719 724 1428 537 737 835 982 
872 1030 1366 916 1074 619 1124 404 445 716 1070 1516 844 970 505 1316 1013 946 1106 185 760 929 1157 1017 995 1165 1055 992 432 0 759 301 916 1029 1005 292 404 938 504 538 579 1047 87 578 869 1032 459 592 1299 663 605 575 843 
477 361 772 1522 967 853 734 977 569 624 1597 994 329 391 477 1848 628 604 1622 783 555 1184 1684 605 821 791 1584 444 1005 726 0 474 535 1557 436 539 650 1461 802 593 1229 395 733 1232 542 383 942 398 657 1317 440 942 532 
649 722 1166 1100 999 664 939 529 456 645 1193 1347 564 727 225 1439 864 743 1218 338 545 973 1280 814 927 966 1180 774 557 302 479 0 708 1153 772 159 270 1034 613 426 704 756 306 808 652 744 591 432 1033 893 382 707 620 
134 534 853 1645 1146 1058 407 1127 831 886 1756 820 699 221 577 2022 993 181 1781 975 187 1349 1844 276 1167 458 1743 120 1155 911 514 711 0 1716 133 662 515 1613 996 727 1381 515 856 1384 74 471 1141 670 522 1452 366 1137 137 
1728 1793 2124 1471 1831 1477 1987 912 1291 1544 271 2241 1642 1708 1350 407 1859 1827 138 1155 1624 1768 442 1906 1844 2042 48 1765 940 1003 1610 1145 1787 0 1757 1164 1276 1348 1406 1350 1115 1781 1020 1190 1731 1766 1428 1442 2043 451 1461 1544 1699 
181 464 783 1683 1119 1130 385 1165 761 816 1794 714 629 165 613 2047 907 175 1820 1011 287 1421 1885 254 1099 441 1781 13 1193 949 444 727 134 1754 0 762 615 1651 1042 763 1419 445 960 1409 147 401 1222 600 444 1477 419 1223 237 
663 795 1237 1100 1119 742 909 549 568 780 1198 1374 637 800 298 1444 938 717 1223 421 537 1065 1285 788 1063 941 1185 768 577 322 552 166 682 1158 781 0 181 1061 691 499 724 829 246 810 646 817 690 505 1112 895 455 806 633 
512 770 1096 1220 1119 818 757 666 664 853 1325 1215 754 652 415 1571 1061 566 1350 538 386 1111 1412 637 1137 785 1312 617 694 439 669 283 531 1285 630 195 0 1142 767 571 841 751 389 927 495 738 807 577 1003 1034 311 902 482 
1429 1509 1858 152 1529 1201 1696 532 1004 1260 1207 1962 1358 1424 1052 1453 1570 1523 1232 857 1325 1492 1294 1594 1556 1742 1194 1481 560 705 1326 844 1488 1167 1473 865 992 0 1130 1065 485 1497 722 509 1432 1482 1139 1157 1743 959 1162 1255 1400 
892 1030 1423 1292 1119 433 1194 737 365 783 1393 1579 864 1008 525 1639 1083 1015 1418 343 788 727 1480 1087 1063 1235 1380 1020 765 447 779 539 953 1353 1033 597 683 1225 0 605 921 1074 508 989 895 1062 180 659 1345 1066 625 296 863 
599 686 1120 1292 849 685 975 729 302 508 1393 1298 528 691 189 1639 771 795 1418 559 639 981 1480 866 786 1016 1380 727 757 502 443 353 698 1353 728 418 529 1225 634 0 921 720 529 1015 656 708 773 238 984 1107 404 768 645 
1114 1256 1563 662 1247 891 1386 227 717 978 896 1707 992 1171 743 1147 1271 1208 945 552 1010 1184 985 1279 1270 1427 853 1228 255 400 985 539 1173 834 1220 560 672 665 840 776 0 1244 417 436 1117 1229 825 830 1490 650 843 953 1085 
493 197 490 1683 1119 1130 773 1165 770 825 1794 740 499 388 688 2047 645 614 1820 1031 554 1421 1885 644 826 830 1781 454 1193 964 422 736 524 1754 446 801 762 1651 1042 794 1419 0 991 1424 525 60 1222 609 380 1492 494 1223 531 
860 990 1388 951 1119 665 1095 436 491 731 1093 1524 831 981 492 1339 1028 920 1120 276 734 973 1180 988 1033 1136 1080 969 464 124 746 312 879 1054 982 250 378 989 594 553 611 1034 0 610 843 1022 549 607 1305 695 620 665 830 
1327 1394 1701 769 1420 1130 1561 492 929 1151 1169 1849 1243 1309 952 1415 1461 1383 1194 714 1203 1421 1256 1454 1447 1602 1156 1366 520 562 1211 734 1348 1129 1358 725 837 646 1042 983 410 1382 554 0 1312 1367 993 1068 1628 814 1060 1109 1298 
71 474 793 1632 1119 1016 438 1114 824 879 1743 851 692 203 543 2000 926 228 1768 950 155 1307 1844 307 1127 478 1730 142 1142 873 507 667 86 1703 155 647 500 1600 952 693 1368 455 841 1358 0 442 1116 663 552 1426 292 1094 109 
458 185 539 1683 1119 1130 751 1165 758 813 1794 681 487 350 676 2047 633 564 1820 1011 542 1421 1885 616 826 808 1781 404 1193 949 410 724 474 1754 396 789 750 1651 1042 782 1419 60 976 1409 475 0 1222 597 321 1477 482 1223 519 
1034 1157 1550 1353 1221 452 1310 797 548 952 1438 1703 960 1153 667 1684 1229 1132 1463 303 935 746 1525 1203 1245 1351 1425 1159 825 463 926 596 1097 1398 1172 657 769 1295 183 747 974 1201 519 1015 1037 1189 0 801 1472 1137 767 116 1007 
647 604 1002 1292 854 690 934 734 307 513 1393 1191 336 584 271 1639 533 797 1418 564 691 996 1480 798 726 988 1380 637 762 507 363 383 728 1353 629 448 559 1225 639 197 921 638 534 1015 704 626 778 0 900 1107 456 773 693 
592 451 697 1909 1339 1324 585 1391 991 1070 2039 452 823 480 957 2285 882 495 2045 1235 647 1615 2126 451 1040 670 2016 460 1419 1180 673 965 536 1976 447 1028 979 1894 1253 1025 1645 348 1207 1640 554 356 1421 829 0 1708 748 1417 597 
1390 1461 1768 1155 1482 1159 1648 572 983 1213 741 1912 1310 1376 1015 884 1523 1483 633 809 1286 1450 828 1554 1509 1697 473 1433 600 657 1278 802 1448 495 1425 820 933 1034 1096 1035 705 1449 649 790 1393 1434 1102 1117 1695 0 1123 1218 1361 
286 507 826 1370 1119 746 624 846 592 781 1524 1062 603 389 264 1770 903 433 1549 676 235 1065 1611 504 1063 652 1511 414 874 619 518 413 369 1484 415 463 316 1348 695 414 1094 488 646 1141 303 475 834 420 749 1198 0 829 292 
1031 1157 1536 1394 1221 462 1303 876 572 952 1524 1680 960 1144 664 1770 1221 1125 1549 409 929 745 1611 1196 1245 1344 1511 1156 905 569 926 678 1090 1484 1169 736 822 1357 289 744 1132 1201 625 1120 1034 1189 106 798 1463 1198 764 0 1005 
249 647 966 1699 1269 1130 341 1181 965 1000 1841 799 814 336 686 2065 1074 150 1845 1031 243 1421 1898 221 1275 369 1797 235 1209 966 629 767 115 1770 248 718 571 1667 1042 836 1435 628 913 1426 189 586 1222 785 566 1494 422 1223 0 
