51
5
10800
0
542
507
553
521
493
449
493
428
583
451
378
459
522
563
527
411
489
507
548
501
562
588
493
582
541
381
498
592
390
420
396
469
470
460
557
598
550
567
563
557
441
561
579
558
521
565
592
576
568
402
0 822 59 217 1939 552 461 646 499 1759 107 1082 1217 346 2171 1784 581 730 248 786 581 348 390 839 687 889 1952 1551 1706 2225 1424 2103 1230 475 125 766 1627 610 1610 650 718 1372 170 471 1715 1536 224 527 753 1103 1975 
825 0 794 723 1231 1015 1055 821 526 1092 874 527 782 632 1434 1185 275 825 820 1320 323 604 807 587 344 219 1240 943 1039 1496 766 1357 795 983 758 925 1057 1132 1033 425 319 743 784 505 1116 1111 996 628 799 665 1229 
51 807 0 164 1939 531 489 625 446 1744 135 1065 1211 293 2167 1754 566 677 199 765 566 295 372 824 672 874 1952 1536 1691 2201 1394 2056 1224 454 97 745 1597 599 1580 635 703 1357 117 418 1685 1530 213 474 700 1096 1928 
214 720 163 0 1726 621 581 654 288 1595 271 933 1085 135 1958 1580 479 513 108 855 479 156 354 688 536 738 1739 1399 1542 2020 1220 1871 1098 544 166 760 1423 640 1406 499 616 1220 90 260 1511 1382 350 310 536 949 1742 
1808 1256 1774 1712 0 2002 2009 1767 1658 563 1868 1181 1536 1621 657 1466 1407 1906 1814 2288 1455 1584 1795 1349 1476 1131 13 656 564 719 1021 626 1549 1964 1738 1699 1313 2094 1286 1417 1311 827 1764 1637 1401 1909 1978 1735 1929 1419 498 
573 1035 598 707 2055 0 463 260 844 1892 516 1212 1347 794 2291 1927 888 1090 762 394 888 656 938 838 1002 1004 2068 1675 1839 2345 1548 2212 1360 248 639 380 1751 1180 1734 764 923 1496 685 823 1858 1550 731 934 1132 1230 2084 
461 1218 486 626 2279 463 0 648 912 2148 404 1468 1622 755 2491 2199 977 1139 669 621 974 741 824 1190 1080 1290 2292 1951 2095 2545 1798 2412 1635 477 527 768 2039 1048 2002 1051 1111 1746 579 880 2130 1962 619 936 1181 1505 2284 
664 839 677 655 1887 257 636 0 779 1695 607 1017 1137 699 2125 1712 836 977 710 578 836 604 874 615 945 810 1891 1487 1642 2156 1352 2007 1150 325 635 171 1555 1180 1538 571 720 1308 633 747 1643 1368 822 813 1000 1019 1879 
494 532 443 284 1724 740 700 768 0 1590 545 924 1040 186 1958 1578 286 471 347 976 240 275 405 725 318 715 1737 1382 1537 2020 1218 1869 1053 663 429 870 1421 711 1404 401 428 1203 370 56 1509 1382 603 117 474 919 1740 
1601 1072 1570 1508 556 1786 1844 1563 1493 0 1650 978 1349 1417 582 1264 1242 1679 1605 2085 1290 1380 1591 1145 1292 929 560 283 93 687 815 439 1362 1768 1534 1495 1142 1898 1102 1239 1133 489 1560 1465 1230 1668 1766 1531 1721 1226 315 
107 826 132 272 1939 516 404 610 541 1759 0 1091 1219 401 2171 1784 585 781 315 771 585 353 492 843 691 893 1952 1551 1706 2225 1424 2103 1232 439 173 730 1627 712 1610 654 722 1372 225 520 1715 1538 295 582 804 1103 1975 
1028 539 997 921 1155 1221 1229 1020 862 1022 1077 0 519 828 1368 1130 611 1115 1018 1499 659 803 1026 535 759 428 1168 861 969 1430 696 1291 500 1168 961 937 946 1328 936 621 515 670 984 841 1061 1009 1193 944 1153 325 1163 
1142 709 1111 1036 1488 1333 1346 1130 978 1357 1191 527 0 946 1709 1398 725 1211 1134 1619 773 918 1123 697 873 710 1501 1195 1304 1771 982 1632 37 1280 1075 1066 1241 1424 1214 735 629 990 1101 957 1329 715 1307 1060 1253 314 1504 
343 627 292 133 1637 632 592 636 186 1506 400 836 974 0 1874 1529 386 433 201 866 386 159 342 595 464 645 1650 1329 1453 1924 1141 1781 987 555 293 738 1372 628 1355 406 523 1150 219 167 1460 1291 474 238 456 854 1653 
1916 1362 1885 1821 650 2100 2129 1877 1764 581 1965 1287 1642 1727 0 1560 1513 1988 1918 2385 1561 1690 1959 1455 1582 1237 654 693 561 260 1102 165 1655 2068 1849 1810 1403 2176 1372 1523 1417 929 1871 1743 1491 1970 2081 1841 2011 1525 267 
1719 1173 1688 1626 1413 1906 1955 1681 1572 1282 1768 1086 1441 1535 1634 0 1321 1797 1723 2193 1369 1498 1709 1263 1393 1037 1426 1156 1229 1696 731 1557 1454 1883 1652 1613 552 2004 736 1331 1225 1001 1678 1551 123 1760 1885 1649 1843 1324 1429 
584 278 553 514 1469 828 788 825 285 1338 633 668 780 423 1690 1377 0 581 592 1068 51 363 618 585 166 456 1482 1195 1285 1752 982 1613 793 751 517 925 1220 884 1194 302 323 980 543 264 1308 1093 749 366 555 663 1485 
733 830 682 519 2047 995 977 1027 472 1853 790 1188 1347 413 2250 1881 577 0 512 1229 556 520 401 962 527 971 2051 1645 1800 2304 1518 2171 1360 912 674 1093 1721 357 1704 759 876 1466 596 528 1827 1666 599 355 102 1230 2043 
245 798 194 108 1872 682 642 709 347 1679 315 1007 1142 201 2114 1702 557 534 0 928 557 260 250 766 569 816 1876 1471 1626 2156 1342 1995 1155 605 210 815 1545 563 1528 577 694 1292 104 354 1633 1484 273 330 557 1025 1867 
851 1355 876 1029 2289 394 582 581 1220 2158 794 1488 1658 1158 2501 2199 1264 1456 1072 0 1264 1032 1245 1138 1370 1326 2302 1951 2105 2555 1822 2422 1671 609 919 687 2039 1444 2010 1087 1236 1766 982 1199 2130 1798 1013 1308 1498 1541 2294 
560 322 529 497 1564 804 764 836 250 1403 609 712 824 411 1785 1414 51 560 568 1055 0 339 594 629 175 506 1577 1195 1350 1858 1021 1708 837 727 493 943 1257 863 1270 313 334 1016 519 269 1345 1162 725 322 534 707 1580 
282 621 251 158 1679 526 486 592 301 1548 331 879 1019 158 1911 1532 380 516 262 760 380 0 425 638 486 688 1692 1342 1495 1967 1195 1824 1032 449 215 698 1375 711 1358 449 517 1163 241 249 1463 1340 447 364 539 897 1695 
386 829 369 354 1920 834 794 838 404 1712 488 1039 1173 262 2135 1728 588 407 251 1073 574 369 0 797 545 847 1918 1504 1659 2189 1368 2032 1186 757 399 943 1571 537 1554 608 725 1325 279 402 1659 1492 247 287 430 1058 1904 
797 610 766 692 1413 808 1013 585 681 1259 846 547 701 601 1634 1299 626 867 789 1131 651 576 776 0 774 631 1426 1051 1206 1696 879 1557 714 797 730 520 1142 1093 1144 486 394 867 756 649 1230 1009 965 715 890 572 1429 
648 339 617 561 1488 892 852 963 303 1357 697 762 929 463 1709 1398 166 521 589 1135 178 427 574 734 0 440 1501 1195 1304 1771 990 1632 942 815 581 1063 1241 824 1225 468 489 1001 607 357 1329 1283 772 331 495 812 1504 
863 220 832 758 1119 1057 1080 856 715 967 914 420 775 667 1303 1097 460 939 855 1359 511 642 842 587 440 0 1123 779 920 1365 645 1242 788 1023 796 925 895 1168 880 460 354 588 822 694 1061 1093 1045 771 938 658 1114 
1824 1271 1789 1727 13 2013 2025 1782 1673 558 1875 1196 1551 1636 652 1482 1422 1906 1824 2304 1470 1599 1819 1364 1491 1146 0 669 577 714 1031 621 1564 1982 1753 1714 1339 2094 1297 1432 1326 840 1779 1652 1427 1909 1993 1750 1929 1434 493 
1504 927 1473 1411 639 1692 1708 1469 1349 268 1553 870 1241 1320 694 1182 1098 1582 1508 1991 1146 1283 1494 1042 1146 774 652 0 215 868 727 573 1254 1654 1437 1401 1057 1795 930 1110 1004 266 1463 1328 1170 1560 1669 1434 1624 1091 491 
1551 1022 1520 1458 564 1736 1755 1513 1410 93 1600 933 1283 1367 561 1217 1159 1629 1555 2035 1207 1330 1541 1093 1242 874 577 220 0 693 762 440 1296 1712 1484 1445 1073 1848 1033 1168 1062 436 1510 1389 1170 1602 1716 1481 1671 1166 321 
2006 1452 1975 1908 708 2209 2210 1989 1857 684 2055 1377 1732 1819 260 1623 1603 2085 2005 2489 1651 1780 2052 1545 1672 1321 712 870 690 0 1165 387 1745 2157 1939 1898 1470 2273 1433 1613 1507 993 1962 1837 1558 2062 2171 1931 2108 1615 472 
1376 835 1345 1283 1039 1560 1580 1337 1234 885 1425 756 1127 1192 1215 731 987 1454 1380 1828 1031 1155 1366 924 1057 705 1052 833 832 1277 0 1156 1140 1533 1309 1256 807 1667 792 999 883 648 1335 1213 736 1456 1541 1306 1496 994 1028 
1876 1323 1845 1779 627 2061 2129 1853 1725 439 1925 1248 1603 1688 168 1529 1474 1960 1879 2379 1522 1651 1869 1416 1543 1198 631 559 427 390 1071 0 1616 2039 1808 1766 1378 2148 1336 1484 1378 825 1832 1704 1466 1936 2041 1803 1983 1486 129 
1164 727 1133 1058 1564 1343 1368 1152 1002 1403 1213 513 42 967 1785 1405 743 1230 1156 1638 791 943 1142 715 891 728 1577 1195 1350 1858 996 1708 0 1299 1097 1066 1248 1443 1235 753 647 1001 1123 981 1336 757 1329 1082 1272 300 1580 
496 1003 521 654 2022 248 468 331 791 1853 439 1183 1313 741 2247 1881 835 1034 704 609 835 603 859 826 945 971 2035 1642 1797 2301 1515 2169 1326 0 562 438 1718 1089 1701 732 881 1463 614 770 1827 1550 654 879 1076 1196 2041 
126 769 95 167 1887 493 453 587 446 1695 175 1028 1162 293 2125 1712 528 680 210 727 528 291 398 786 634 836 1891 1487 1642 2156 1352 2007 1175 416 0 707 1555 657 1538 597 665 1308 120 418 1643 1484 291 477 703 1058 1879 
787 945 783 761 1731 380 759 174 880 1600 730 933 1103 800 1958 1585 937 1083 816 687 947 710 992 550 1047 921 1744 1399 1547 2020 1225 1880 1116 439 741 0 1428 1285 1411 672 755 1220 739 848 1516 1368 948 916 1125 979 1747 
1199 657 1168 1099 895 1398 1403 1202 1065 764 1248 578 934 1008 1076 635 801 1261 1187 1682 849 978 1173 744 877 527 908 669 711 1138 462 1029 949 1355 1132 1078 0 1474 347 811 705 478 1158 1044 566 1283 1364 1113 1303 816 900 
606 1139 603 642 2209 1127 1053 1152 708 2016 708 1350 1486 566 2406 2085 892 395 563 1359 892 673 543 1126 875 1154 2213 1811 1963 2460 1680 2327 1499 1050 657 1254 1903 0 1873 917 1067 1628 551 706 2016 1809 466 639 399 1369 2199 
1503 948 1472 1410 1199 1687 1707 1469 1349 1053 1552 866 1241 1319 1397 650 1098 1581 1507 1986 1146 1282 1493 1042 1167 815 1203 930 1000 1459 750 1320 1254 1644 1436 1401 373 1794 0 1100 994 739 1462 1328 581 1560 1668 1433 1623 1127 1192 
604 436 573 499 1413 788 808 597 403 1282 653 626 745 408 1634 1360 303 674 596 1091 314 383 583 482 469 419 1426 1101 1229 1696 926 1557 758 745 537 699 1203 869 1159 0 315 914 563 382 1291 1070 769 520 697 628 1429 
509 584 478 404 1564 693 713 502 393 1433 558 748 881 313 1785 1470 450 579 501 992 450 288 488 507 556 555 1577 1227 1380 1858 1040 1708 894 650 442 604 1313 774 1296 316 0 1048 468 361 1401 1202 674 427 602 764 1580 
1318 745 1287 1225 811 1494 1522 1271 1168 486 1367 691 1085 1134 978 1030 918 1396 1322 1776 965 1097 1308 858 966 595 824 278 433 1041 603 838 1088 1474 1251 1206 870 1609 743 931 819 0 1277 1147 961 1382 1483 1248 1438 911 714 
168 776 117 91 1872 613 573 632 373 1695 225 1017 1150 220 2114 1702 535 590 105 847 535 241 278 773 613 823 1876 1487 1642 2156 1342 1995 1163 536 120 738 1545 551 1528 584 672 1308 0 345 1633 1484 261 387 613 1032 1867 
445 509 414 256 1704 689 649 740 56 1567 494 899 1019 165 1933 1555 268 499 354 928 258 224 408 699 364 692 1717 1359 1514 1988 1195 1848 1032 612 378 842 1398 694 1381 378 405 1180 342 0 1486 1340 602 173 522 894 1720 
1695 1144 1664 1602 1413 1882 1913 1657 1548 1282 1744 1067 1422 1511 1634 123 1297 1773 1699 2169 1345 1474 1685 1239 1364 1017 1426 1187 1229 1696 736 1557 1435 1861 1628 1589 483 1976 667 1307 1201 1001 1654 1527 0 1741 1865 1625 1818 1305 1429 
1525 1093 1494 1432 1939 1532 1729 1309 1368 1720 1574 959 716 1341 2171 1767 1117 1603 1529 1828 1165 1304 1515 958 1265 1096 1952 1512 1667 2225 1407 2072 753 1521 1458 1213 1610 1823 1593 1122 1016 1333 1484 1347 1698 0 1690 1455 1645 807 1945 
221 1009 218 349 2108 719 607 813 607 1922 289 1244 1392 465 2305 1939 758 610 270 961 758 497 250 1012 748 1057 2112 1701 1868 2359 1574 2226 1405 642 292 938 1777 466 1760 811 895 1522 258 603 1870 1711 0 490 633 1275 2098 
521 610 470 307 1825 837 797 841 117 1663 578 1011 1127 237 2083 1673 357 358 330 1080 312 369 288 800 307 747 1838 1455 1610 2130 1313 1975 1140 760 473 943 1516 639 1499 518 545 1276 384 173 1604 1456 486 0 361 1003 1847 
742 804 691 528 2055 995 977 1031 453 1867 799 1209 1347 422 2270 1896 551 102 521 1237 530 529 410 962 501 945 2068 1652 1810 2324 1530 2191 1360 918 683 1103 1733 364 1716 768 864 1473 605 509 1827 1666 608 358 0 1230 2063 
1037 607 1006 935 1413 1222 1244 1020 874 1259 1086 325 314 840 1634 1299 623 1115 1029 1523 671 815 1026 567 771 608 1426 1051 1206 1696 876 1557 295 1195 970 944 1142 1328 1144 633 527 850 997 853 1230 821 1202 956 1157 0 1429 
1741 1177 1710 1648 498 1928 1955 1703 1594 314 1790 1105 1460 1557 267 1395 1343 1821 1745 2224 1391 1520 1731 1285 1397 1052 502 490 320 476 936 129 1473 1899 1674 1635 1241 2009 1225 1353 1247 716 1700 1573 1329 1779 1909 1671 1878 1343 0 
0 1063 76 310 2068 722 650 894 719 1975 130 1339 1477 461 2425 1979 764 906 318 960 723 424 561 915 871 1071 2083 1849 1909 2457 1621 2320 1496 614 145 1073 1772 786 1820 778 904 1688 247 637 1883 1741 272 747 987 1327 2173 
998 0 971 891 1443 1272 1191 1084 771 1384 1064 757 987 762 1713 1348 384 1045 988 1581 434 718 1002 790 484 313 1456 1274 1311 1778 965 1705 1015 1186 927 1159 1153 1402 1198 517 378 1092 978 709 1235 1236 1243 806 1017 843 1573 
93 1063 0 250 2068 733 661 897 701 1975 166 1339 1477 401 2425 1979 775 881 257 973 734 435 500 927 882 1084 2083 1849 1909 2457 1621 2320 1496 625 106 1073 1772 792 1820 789 928 1688 187 648 1883 1741 278 686 951 1327 2173 
319 994 265 0 1952 753 681 842 452 1871 372 1224 1363 152 2261 1837 698 647 145 984 657 235 452 814 774 980 1967 1697 1788 2293 1491 2196 1382 645 230 1045 1642 819 1678 677 801 1558 125 428 1724 1627 472 464 711 1238 2049 
2162 1618 2140 2076 0 2455 2476 2191 2039 777 2227 1538 1912 1932 1001 1743 1718 2203 2190 2678 1763 1885 2141 1680 1902 1395 13 862 749 1085 1294 938 1928 2416 2082 2035 1548 2512 1584 1702 1564 1121 2139 2004 1630 2192 2383 2054 2254 1764 797 
753 1319 727 878 2297 0 659 347 972 2248 730 1548 1700 889 2664 2265 1026 1245 930 454 974 708 1125 1027 1173 1298 2312 2076 2182 2696 1888 2559 1719 369 681 533 2044 1465 2044 1051 1156 1836 815 918 2169 1884 990 1054 1290 1550 2412 
867 1434 841 1002 2437 757 0 1044 1072 2388 757 1709 1850 1011 2803 2380 1136 1343 1038 866 1083 822 1223 1280 1282 1459 2452 2280 2322 2855 2031 2699 1864 759 795 1212 2159 1525 2270 1184 1317 2010 926 1018 2284 2119 1015 1164 1388 1711 2552 
950 1034 915 898 2035 376 944 0 1006 1955 885 1293 1416 895 2390 1923 1076 1245 977 687 1023 809 1125 723 1222 1030 2050 1796 1889 2422 1590 2269 1435 445 859 251 1741 1539 1777 726 850 1657 914 952 1827 1617 1152 1054 1290 1281 2122 
592 753 566 420 1952 912 837 1013 0 1871 645 1240 1337 271 2261 1837 397 602 516 1132 369 317 499 828 450 976 1967 1697 1788 2293 1491 2196 1356 801 520 1148 1642 888 1678 551 650 1558 527 65 1724 1601 794 224 608 1209 2049 
1885 1382 1863 1797 735 2198 2219 1908 1776 0 1950 1304 1679 1678 838 1496 1482 1987 1901 2438 1527 1621 1885 1444 1677 1159 738 396 161 934 1068 624 1698 2159 1827 1811 1301 2296 1337 1466 1328 731 1882 1722 1383 1936 2106 1817 2038 1530 480 
154 1063 211 413 2144 687 559 859 749 2027 0 1358 1492 564 2425 1998 794 948 450 982 753 454 693 946 910 1096 2159 1866 1961 2457 1640 2320 1511 579 242 1044 1791 934 1834 808 956 1707 350 667 1902 1756 364 816 997 1342 2173 
1317 838 1293 1217 1414 1591 1510 1400 1140 1355 1383 0 754 1098 1684 1288 804 1414 1324 1885 854 1041 1294 844 1008 663 1427 1195 1282 1749 927 1676 718 1505 1247 1261 1070 1708 1129 842 703 1011 1305 1086 1175 1180 1562 1235 1459 467 1544 
1377 893 1353 1277 1593 1651 1570 1450 1194 1534 1443 734 0 1158 1881 1496 852 1474 1384 1959 905 1101 1354 848 1103 887 1606 1387 1461 1943 1150 1853 57 1565 1307 1316 1301 1768 1337 890 751 1248 1365 1140 1383 838 1622 1295 1519 393 1723 
475 854 421 163 1757 812 740 823 317 1698 528 1089 1199 0 2103 1674 548 508 273 1045 507 180 421 664 655 861 1770 1542 1625 2132 1328 2013 1218 704 386 983 1479 788 1515 527 651 1403 270 283 1561 1461 617 351 572 1073 1866 
2162 1618 2140 2076 921 2455 2476 2191 2039 697 2227 1538 1912 1932 0 1743 1718 2203 2190 2678 1763 1885 2141 1680 1902 1395 929 919 651 329 1294 194 1928 2416 2082 2035 1548 2512 1584 1702 1564 1134 2139 2004 1630 2192 2383 2054 2254 1764 310 
1885 1382 1863 1797 1556 2198 2219 1908 1776 1497 1950 1304 1679 1678 1857 0 1482 1987 1901 2438 1527 1621 1885 1444 1677 1159 1569 1375 1424 1916 931 1819 1698 2159 1827 1811 596 2296 856 1466 1328 1236 1882 1722 155 1936 2106 1817 2038 1530 1686 
690 419 664 631 1556 993 944 1084 392 1497 743 807 912 502 1857 1432 0 692 741 1233 55 415 711 730 244 651 1569 1338 1424 1916 1089 1819 939 899 618 1121 1237 1110 1275 477 379 1199 669 371 1319 1180 930 489 698 783 1686 
968 1086 951 713 2297 1338 1257 1403 622 2248 1070 1565 1691 550 2664 2210 739 0 718 1647 711 723 495 1149 694 1305 2312 2076 2182 2696 1883 2559 1710 1252 919 1504 1989 478 2044 1051 1113 1819 801 664 2114 1952 790 488 140 1541 2412 
333 1063 263 108 2035 859 787 975 465 1955 386 1315 1477 256 2390 1931 790 628 0 1097 749 339 318 906 787 1071 2050 1819 1889 2422 1597 2296 1496 751 244 1112 1748 764 1784 769 893 1664 120 476 1835 1741 417 433 692 1327 2149 
1045 1583 1021 1171 2630 500 769 785 1225 2581 997 1881 2023 1156 3000 2568 1289 1503 1248 0 1236 974 1383 1455 1435 1646 2645 2477 2515 2994 2220 2912 2039 838 975 943 2347 1764 2427 1371 1479 2188 1166 1171 2472 2268 1254 1324 1548 1895 2754 
684 464 658 625 1571 993 944 1084 341 1512 737 850 967 496 1866 1496 51 677 735 1233 0 409 696 773 229 696 1584 1356 1439 1927 1137 1836 977 893 612 1133 1301 1065 1337 484 422 1217 663 342 1383 1220 921 474 683 826 1701 
361 852 335 237 1779 678 606 793 470 1720 414 1089 1227 192 2115 1696 515 621 353 913 474 0 534 666 622 863 1792 1542 1647 2132 1350 2041 1246 570 289 983 1501 911 1537 529 653 1403 327 388 1583 1463 587 503 685 1073 1894 
538 1067 517 436 2068 1060 977 1112 539 1975 652 1339 1492 315 2425 1979 715 474 328 1342 687 488 0 946 670 1089 2083 1849 1909 2457 1621 2320 1511 965 523 1235 1772 695 1820 795 928 1688 374 570 1883 1756 361 344 538 1342 2173 
976 797 955 871 1556 1100 1169 728 907 1497 1042 767 912 742 1857 1410 756 1060 972 1406 806 698 979 0 962 786 1569 1309 1424 1916 1080 1819 939 1047 908 707 1215 1354 1275 626 621 1170 949 831 1297 1115 1221 935 1105 784 1686 
855 457 829 768 1779 1176 1064 1293 416 1720 909 1081 1191 652 2115 1696 247 647 838 1438 241 580 666 969 0 689 1792 1542 1647 2132 1350 2041 1210 1090 783 1350 1501 1065 1537 724 626 1403 834 481 1583 1461 979 444 653 1053 1894 
1004 300 980 897 1241 1338 1257 1084 927 1190 1070 575 923 768 1567 1174 558 1108 992 1647 608 724 1002 768 705 0 1254 1058 1117 1632 781 1559 949 1250 927 1133 926 1402 976 523 384 805 978 857 1061 1220 1249 963 1153 779 1427 
2162 1618 2140 2076 13 2455 2476 2191 2039 775 2227 1538 1912 1932 984 1743 1718 2203 2190 2678 1763 1885 2141 1680 1902 1395 0 875 762 1085 1294 938 1928 2416 2082 2035 1548 2512 1584 1702 1564 1121 2139 2004 1630 2192 2383 2054 2254 1764 795 
1733 1236 1709 1633 770 2030 2079 1785 1612 353 1799 1106 1478 1514 931 1348 1317 1821 1740 2296 1362 1457 1710 1280 1539 1013 783 0 275 1176 889 744 1497 1970 1663 1645 1153 2153 1198 1301 1163 437 1721 1558 1235 1742 1972 1651 1896 1329 684 
1764 1265 1740 1664 655 2045 2093 1808 1643 118 1824 1134 1522 1545 789 1383 1349 1853 1771 2314 1394 1488 1741 1311 1563 1042 668 267 0 893 927 575 1541 2043 1694 1676 1215 2166 1242 1333 1195 602 1752 1589 1297 1786 2010 1682 1911 1373 450 
2260 1718 2238 2182 987 2553 2574 2270 2145 889 2325 1638 2023 2038 374 1849 1828 2306 2293 2780 1871 1983 2244 1780 1998 1495 985 1061 877 0 1400 512 2039 2514 2180 2119 1648 2615 1684 1807 1664 1222 2237 2110 1730 2247 2481 2157 2357 1861 598 
1583 1057 1559 1483 1236 1866 1776 1612 1462 1128 1649 949 1330 1364 1514 990 1149 1680 1590 2093 1194 1307 1560 1112 1382 861 1249 1058 1055 1579 0 1506 1349 1771 1513 1472 875 2006 936 1132 994 867 1571 1408 1061 1594 1826 1501 1725 1131 1374 
2177 1642 2155 2090 874 2470 2491 2212 2053 533 2242 1562 1912 1946 237 1767 1742 2214 2201 2713 1787 1900 2152 1704 1961 1419 877 741 476 502 1316 0 1928 2431 2097 2051 1572 2523 1608 1726 1588 1116 2154 2018 1654 2192 2398 2065 2265 1788 152 
1381 925 1357 1281 1629 1655 1574 1480 1211 1570 1447 703 67 1162 1919 1524 884 1478 1388 1970 939 1105 1358 880 1126 913 1642 1393 1497 1975 1209 1898 0 1569 1311 1350 1329 1772 1365 934 783 1254 1369 1157 1411 909 1626 1299 1523 359 1759 
649 1213 623 774 2230 316 633 448 899 2181 597 1496 1648 785 2590 2205 939 1131 815 748 906 604 1012 1027 1099 1246 2245 2021 2115 2622 1800 2485 1667 0 577 634 1956 1388 1988 979 1104 1819 711 817 2109 1884 847 976 1176 1498 2338 
152 1034 126 230 2035 671 599 835 668 1939 205 1289 1416 381 2356 1908 713 853 271 913 672 373 514 864 820 1030 2050 1770 1868 2388 1564 2263 1435 563 0 1031 1715 852 1751 727 851 1631 167 586 1797 1680 378 693 934 1281 2116 
1134 1231 1136 1129 2035 587 1092 272 1172 1939 1066 1287 1444 1098 2356 1908 1236 1414 1206 887 1183 1017 1294 732 1382 1183 2050 1770 1868 2388 1564 2263 1463 656 1088 0 1715 1708 1751 896 1067 1631 1130 1118 1797 1592 1323 1235 1459 1309 2116 
1346 767 1322 1246 1044 1620 1539 1373 1166 894 1412 640 1003 1127 1337 732 824 1443 1353 1845 874 1070 1323 852 1046 592 1057 819 816 1373 519 1321 1015 1534 1276 1227 0 1737 397 862 723 625 1334 1112 620 1251 1591 1264 1488 828 1189 
862 1417 881 822 2437 1389 1308 1497 919 2388 1002 1679 1819 659 2803 2364 1087 434 827 1698 1057 832 604 1247 1043 1429 2452 2258 2322 2855 2001 2699 1836 1303 963 1615 2143 0 2206 1154 1287 1991 848 914 2268 2112 685 732 476 1681 2552 
1652 1168 1628 1552 1345 1947 2005 1704 1531 1286 1718 1040 1412 1433 1609 742 1242 1749 1659 2209 1287 1376 1629 1199 1475 942 1358 1170 1213 1674 887 1601 1431 1876 1582 1564 404 2058 0 1226 1088 995 1640 1477 630 1676 1898 1570 1794 1272 1469 
743 578 717 641 1556 1044 944 761 641 1497 796 787 881 512 1857 1410 408 811 751 1316 445 468 724 662 639 585 1569 1309 1424 1916 1080 1819 916 952 671 906 1215 1110 1275 0 375 1170 722 559 1297 1180 978 693 875 763 1686 
615 711 589 513 1629 950 860 633 555 1570 668 949 1061 384 1919 1583 600 683 623 1164 559 340 596 534 707 718 1642 1411 1497 1975 1209 1898 1080 824 543 776 1388 967 1424 384 0 1272 594 473 1470 1309 841 565 747 896 1759 
1530 1028 1506 1430 1044 1810 1723 1612 1409 637 1596 879 1277 1311 1278 1174 1085 1627 1537 2093 1130 1254 1507 1042 1318 831 1057 393 559 1361 710 1108 1296 1718 1460 1472 926 1914 1057 1101 963 0 1518 1355 1061 1541 1775 1448 1672 1105 981 
259 1063 195 107 2035 824 752 861 558 1955 312 1293 1477 258 2390 1923 747 729 105 1060 706 341 348 898 854 1071 2050 1796 1889 2422 1590 2269 1496 716 170 1059 1741 703 1777 761 885 1657 0 534 1827 1741 356 534 793 1327 2122 
527 755 501 372 1952 844 772 975 123 1804 580 1206 1288 223 2244 1779 398 592 482 1072 368 252 505 763 516 942 1967 1626 1730 2276 1433 2144 1307 736 455 1085 1584 872 1620 502 601 1487 479 0 1666 1550 753 324 656 1157 1997 
1797 1272 1773 1697 1463 2101 2122 1862 1676 1404 1860 1207 1582 1578 1733 166 1382 1896 1806 2341 1427 1521 1774 1344 1615 1049 1476 1274 1331 1798 1021 1725 1601 2043 1727 1709 495 2200 755 1366 1228 1135 1785 1622 0 1839 2016 1715 1947 1415 1593 
1734 1381 1710 1634 2144 1840 2079 1545 1613 2067 1800 1295 876 1515 2495 2096 1411 1829 1741 2093 1456 1458 1711 1102 1644 1379 2159 1892 2001 2527 1702 2390 939 1815 1664 1432 1903 2153 1950 1395 1257 1743 1722 1559 2000 0 1978 1652 1896 982 2243 
260 1264 279 446 2297 947 802 1069 822 2248 362 1543 1695 597 2664 2265 971 852 357 1164 936 649 398 1117 1033 1293 2312 2076 2182 2696 1883 2559 1714 822 357 1237 2044 604 2044 1045 1136 1825 375 833 2169 1928 0 722 919 1545 2412 
712 808 658 414 2035 1060 944 1112 213 1939 765 1289 1412 298 2356 1908 452 474 484 1325 424 466 345 927 407 1039 2050 1770 1868 2388 1564 2263 1431 959 623 1233 1715 818 1751 757 826 1631 507 255 1797 1676 640 0 480 1277 2116 
962 1063 948 704 2297 1272 1191 1369 582 2248 1064 1538 1664 541 2664 2205 699 128 709 1581 671 714 486 1149 654 1270 2312 2076 2182 2696 1826 2559 1683 1186 914 1492 1957 523 2024 1051 1076 1819 792 624 2109 1936 781 449 0 1514 2412 
1256 783 1232 1158 1556 1530 1449 1344 1092 1497 1322 442 427 1039 1857 1410 742 1355 1265 1845 792 980 1235 793 956 777 1569 1309 1424 1916 1043 1819 391 1444 1186 1208 1215 1649 1242 780 641 1144 1246 1038 1297 949 1501 1176 1400 0 1686 
2092 1556 2070 1997 749 2385 2406 2072 1959 419 2157 1476 1835 1856 373 1652 1656 2145 2114 2625 1701 1795 2083 1618 1845 1333 752 642 407 629 1209 165 1859 2346 2012 1998 1457 2454 1493 1640 1502 995 2069 1924 1539 2112 2313 1994 2196 1702 0 
0 1028 107 305 2069 614 571 881 683 1975 153 1254 1438 428 2400 1914 747 872 354 930 698 413 595 938 863 1061 2082 1758 1874 2395 1528 2311 1453 594 131 1102 1708 800 1708 792 956 1523 267 619 1835 1691 283 689 929 1248 2176 
972 0 958 884 1411 1240 1169 1145 774 1294 1018 752 967 738 1706 1341 395 1000 980 1494 446 704 954 719 488 294 1424 1225 1212 1738 982 1638 972 1178 914 1104 1140 1347 1158 529 398 1057 966 744 1263 1255 1169 834 970 824 1523 
72 1005 0 227 2069 592 566 859 605 1941 166 1226 1438 350 2380 1906 725 794 277 892 676 369 534 915 841 1042 2082 1754 1858 2375 1524 2298 1453 572 108 1082 1704 783 1704 770 924 1519 189 586 1827 1691 272 611 848 1248 2167 
312 928 250 0 1953 661 635 855 397 1799 364 1109 1303 142 2249 1764 647 586 117 958 598 174 467 785 639 888 1966 1595 1717 2244 1383 2160 1318 641 237 1007 1563 797 1563 643 783 1360 113 378 1686 1564 442 402 640 1098 2025 
1957 1341 1945 1807 0 2233 2167 1925 1826 672 2010 1331 1692 1698 859 1578 1471 1968 1912 2445 1516 1680 1996 1414 1671 1189 13 729 639 934 1091 760 1707 2143 1867 1830 1377 2281 1377 1500 1376 887 1895 1769 1500 1972 2192 1832 2023 1502 632 
677 1251 649 755 2296 0 528 329 869 2238 622 1427 1613 794 2633 2095 938 1086 844 442 884 599 1016 1064 1032 1223 2309 1997 2137 2628 1732 2544 1628 286 625 474 1962 1401 1959 978 1092 1727 770 805 2016 1760 888 943 1144 1423 2409 
613 1296 666 798 2306 552 0 881 937 2250 533 1502 1688 837 2643 2149 982 1121 887 741 936 642 1053 1178 1049 1298 2319 2072 2149 2638 1783 2554 1703 608 668 1102 1976 1401 2009 1015 1167 1778 813 848 2070 1928 799 980 1179 1498 2419 
915 983 875 849 2036 329 856 0 977 1904 848 1169 1344 813 2338 1869 1022 1094 958 659 978 757 1053 748 1102 933 2049 1708 1819 2333 1478 2250 1359 415 834 184 1658 1409 1658 687 827 1473 886 898 1781 1517 1084 958 1152 1154 2115 
593 662 565 427 1953 831 805 1038 0 1814 645 1118 1262 259 2249 1772 373 601 421 1152 324 333 511 843 381 945 1966 1611 1725 2244 1391 2177 1277 811 541 1087 1571 897 1571 569 637 1376 497 71 1694 1521 773 197 571 1078 2042 
1735 1171 1719 1611 712 2024 1973 1757 1655 0 1781 1157 1518 1504 732 1402 1277 1772 1727 2244 1322 1486 1764 1220 1477 1019 710 324 149 934 916 566 1533 1923 1664 1623 1201 2079 1190 1306 1182 554 1707 1575 1324 1779 1966 1646 1840 1328 446 
119 1025 172 353 2069 620 499 868 679 1975 0 1254 1438 476 2400 1914 743 886 412 930 694 409 631 932 859 1042 2082 1758 1874 2395 1528 2311 1453 581 179 1092 1708 836 1708 788 928 1523 315 615 1835 1691 317 737 941 1248 2176 
1220 747 1204 1097 1310 1474 1423 1281 1141 1193 1266 0 665 990 1602 1227 760 1259 1213 1748 811 971 1251 717 949 550 1323 1116 1111 1634 850 1534 632 1412 1149 1104 1057 1574 1110 785 654 898 1192 1061 1149 1194 1417 1133 1317 381 1419 
1301 820 1285 1177 1670 1555 1504 1385 1221 1553 1347 600 0 1070 2016 1486 831 1338 1293 1828 882 1052 1330 808 1020 816 1683 1361 1471 1994 1104 1889 37 1482 1230 1220 1285 1653 1285 856 725 1126 1273 1141 1408 815 1498 1212 1396 377 1782 
455 802 393 178 1775 699 673 828 271 1658 507 1015 1179 0 2108 1623 520 459 215 1007 471 169 383 658 527 761 1788 1463 1576 2103 1242 2015 1194 679 380 887 1422 751 1422 516 656 1228 271 253 1545 1446 592 290 513 991 1888 
2216 1598 2204 2083 863 2478 2412 2197 2111 674 2269 1588 1957 1984 0 1838 1728 2273 2180 2688 1773 1936 2234 1671 1962 1446 867 774 642 307 1353 205 1952 2415 2126 2067 1628 2586 1628 1757 1633 1112 2148 2065 1751 2187 2451 2114 2328 1759 328 
1808 1220 1793 1685 1480 2080 2023 1841 1729 1363 1862 1249 1610 1578 1775 0 1351 1852 1806 2339 1396 1560 1854 1294 1551 1068 1493 1276 1281 1834 875 1707 1625 1979 1738 1697 558 2158 755 1380 1256 1077 1781 1649 130 1909 2039 1720 1901 1420 1592 
700 305 672 620 1578 935 944 1110 397 1461 752 761 881 523 1907 1419 0 628 709 1260 51 440 695 627 222 585 1591 1323 1379 1916 1028 1812 884 918 648 983 1218 1073 1221 424 387 1088 683 349 1341 1194 914 471 598 732 1690 
915 976 877 666 2296 1163 1126 1295 559 2238 962 1421 1607 503 2633 2095 678 0 629 1451 655 645 520 1117 554 1207 2309 1997 2137 2628 1714 2544 1622 1101 853 1373 1909 452 1959 978 1075 1709 731 616 2016 1884 782 448 103 1417 2409 
323 1076 261 108 2036 758 732 954 479 1934 375 1201 1407 244 2370 1891 749 673 0 1065 700 276 353 887 709 1011 2049 1733 1838 2365 1503 2264 1422 738 248 1087 1683 716 1683 745 885 1498 104 480 1827 1658 392 472 727 1217 2129 
972 1533 952 1037 2521 488 718 706 1173 2465 974 1714 1915 1060 2810 2354 1210 1363 1142 0 1164 881 1355 1366 1288 1569 2534 2252 2364 2869 2041 2785 1908 760 908 833 2190 1678 2267 1286 1434 1987 1056 1083 2275 1962 1169 1237 1421 1706 2634 
656 338 628 576 1578 894 868 1110 349 1461 708 794 916 479 1907 1440 51 637 665 1198 0 396 681 660 231 618 1591 1349 1379 1916 1066 1812 922 874 604 1026 1239 1073 1243 439 413 1114 639 322 1362 1194 873 480 607 765 1690 
351 784 323 240 1824 589 563 765 405 1686 403 1028 1179 195 2210 1651 495 609 345 889 446 0 533 682 611 785 1837 1498 1604 2154 1270 2034 1194 569 299 860 1450 911 1450 540 680 1263 333 367 1573 1446 568 460 663 1013 1899 
473 1076 452 362 2145 984 977 1156 587 2019 566 1286 1488 368 2423 1949 738 446 254 1300 715 510 0 969 614 1085 2158 1790 1918 2418 1560 2334 1503 946 439 1229 1740 610 1740 825 972 1555 284 593 1870 1727 311 386 500 1298 2199 
873 625 845 793 1406 1132 1086 812 787 1289 935 667 818 647 1701 1341 636 929 855 1409 687 613 849 0 838 665 1419 1188 1207 1733 945 1633 821 1070 821 701 1140 1235 1144 569 463 1021 856 732 1263 1020 1094 786 1006 645 1518 
868 569 840 719 1791 1122 1086 1301 364 1674 920 1072 1213 579 2114 1639 298 581 713 1411 281 608 648 916 0 739 1804 1519 1592 2109 1258 2015 1228 1070 816 1310 1438 1006 1438 720 680 1284 789 421 1561 1488 919 424 551 1025 1899 
972 320 952 881 1258 1212 1168 1110 875 1133 1018 560 943 735 1540 1172 546 1032 980 1493 597 701 954 645 723 0 1269 1028 1051 1572 770 1472 939 1150 914 1026 946 1347 1050 526 395 761 952 820 1094 1234 1169 874 1090 787 1357 
1957 1341 1945 1807 13 2233 2167 1925 1826 670 2010 1331 1692 1698 854 1578 1471 1968 1912 2445 1516 1680 1996 1414 1671 1189 0 742 652 934 1091 758 1707 2143 1867 1830 1377 2281 1377 1500 1376 900 1895 1769 1500 1972 2192 1832 2023 1502 630 
1683 1111 1667 1559 766 1971 1903 1705 1603 383 1729 1085 1484 1452 823 1341 1245 1720 1675 2189 1290 1434 1712 1168 1445 959 779 0 285 1093 850 657 1499 1890 1612 1571 1140 2026 1144 1274 1150 334 1655 1523 1263 1745 1898 1594 1778 1294 601 
1662 1097 1646 1538 637 1945 1882 1684 1582 124 1708 1059 1445 1431 626 1341 1245 1699 1654 2185 1290 1413 1691 1147 1445 933 650 220 0 895 828 460 1460 1860 1591 1550 1140 2012 1144 1268 1144 473 1634 1502 1263 1706 1869 1573 1757 1255 404 
2278 1660 2266 2145 986 2540 2474 2276 2173 948 2331 1650 2039 2046 297 1894 1790 2335 2242 2741 1839 1998 2296 1733 2023 1508 981 1073 906 0 1415 464 2034 2477 2188 2124 1690 2648 1690 1831 1695 1224 2210 2127 1827 2282 2513 2176 2390 1838 587 
1558 1040 1542 1434 1149 1838 1761 1560 1478 1075 1604 937 1310 1327 1442 891 1083 1595 1550 2046 1128 1309 1587 1023 1283 807 1162 943 993 1474 0 1363 1325 1728 1487 1426 885 1933 1033 1113 989 803 1530 1398 957 1571 1755 1469 1653 1125 1248 
2089 1472 2077 1947 782 2351 2285 2051 1985 469 2142 1462 1828 1831 192 1703 1602 2100 2044 2593 1647 1808 2061 1545 1815 1320 780 581 449 461 1239 0 1839 2274 1999 1964 1502 2413 1502 1631 1507 929 2021 1893 1625 2068 2324 1951 2155 1633 129 
1327 845 1311 1203 1670 1581 1530 1394 1247 1553 1373 589 59 1096 2016 1513 856 1364 1319 1857 909 1078 1356 833 1061 841 1683 1410 1471 1994 1128 1889 0 1508 1256 1277 1312 1679 1312 881 750 1175 1299 1167 1435 874 1524 1238 1422 366 1782 
616 1196 588 694 2183 314 569 477 808 2132 561 1385 1564 733 2520 2040 872 1032 783 742 823 538 954 1064 979 1195 2196 1921 2031 2515 1659 2431 1579 0 564 594 1848 1347 1843 917 1049 1654 709 744 1961 1839 827 876 1090 1374 2296 
134 947 104 211 2036 538 512 805 589 1904 186 1169 1379 334 2338 1869 671 778 270 838 622 337 556 858 787 975 2049 1708 1819 2333 1478 2250 1394 518 0 919 1658 836 1658 716 856 1473 173 543 1781 1632 351 595 832 1189 2115 
1087 1107 1071 1032 1953 504 1034 220 1098 1839 1028 1141 1336 931 2300 1788 1101 1221 1144 823 1099 895 1213 664 1223 1061 1966 1613 1741 2280 1407 2177 1351 590 1026 0 1587 1536 1587 803 884 1378 1077 1018 1710 1368 1247 1073 1279 1154 2042 
1258 732 1242 1141 925 1512 1461 1308 1185 879 1304 626 1017 1034 1271 707 797 1302 1257 1786 848 1009 1294 754 987 525 938 753 789 1314 483 1141 1032 1450 1187 1142 0 1617 464 822 691 545 1230 1105 596 1313 1455 1176 1360 853 1029 
750 1395 748 803 2448 1330 1272 1436 925 2392 873 1579 1765 668 2742 2270 1064 482 742 1604 1045 810 685 1254 1003 1375 2461 2189 2291 2775 1898 2696 1780 1268 836 1539 2106 0 2179 1092 1244 1924 716 893 2191 2017 564 839 491 1575 2561 
1609 1040 1593 1485 1276 1885 1844 1631 1529 1166 1655 1015 1379 1378 1560 709 1140 1646 1601 2131 1185 1360 1638 1093 1340 863 1289 1083 1084 1592 821 1492 1394 1782 1538 1497 387 1993 0 1167 1043 883 1581 1449 598 1640 1806 1520 1704 1189 1377 
736 529 708 656 1578 984 977 850 575 1461 788 739 871 510 1907 1402 420 788 718 1284 429 476 712 617 642 491 1591 1323 1379 1916 1019 1812 874 946 684 919 1201 1111 1221 0 386 1088 719 511 1324 1194 950 649 842 722 1690 
566 654 538 486 1670 804 778 680 480 1553 618 852 990 340 2016 1513 553 618 548 1119 504 306 542 529 669 613 1683 1373 1471 1994 1105 1889 995 784 514 739 1312 911 1312 368 0 1138 549 425 1435 1313 783 479 672 844 1782 
1496 934 1480 1372 877 1750 1699 1500 1416 563 1542 858 1262 1265 1135 1172 1022 1533 1488 2026 1067 1247 1525 990 1222 726 890 297 473 1213 679 936 1277 1667 1425 1366 946 1871 1033 1052 928 0 1468 1336 1094 1517 1693 1407 1591 1046 875 
221 998 168 103 2036 693 667 855 492 1904 282 1190 1381 237 2338 1869 712 681 124 1007 663 268 383 880 735 1011 2049 1708 1819 2333 1478 2250 1396 673 155 1009 1658 684 1658 738 878 1473 0 473 1781 1642 329 498 735 1191 2115 
548 661 520 400 1953 786 760 967 64 1799 600 1109 1262 238 2249 1764 372 586 446 1101 323 288 510 798 406 905 1966 1597 1717 2244 1383 2160 1277 766 496 1030 1563 878 1563 527 595 1362 493 0 1686 1521 765 228 582 1078 2025 
1735 1153 1719 1611 1406 2024 1973 1757 1655 1289 1781 1137 1513 1504 1701 165 1277 1772 1727 2244 1322 1486 1764 1220 1477 1001 1419 1203 1207 1733 982 1633 1528 1923 1664 1623 482 2079 679 1306 1182 1021 1707 1575 0 1774 1966 1646 1840 1323 1518 
1612 1143 1596 1488 1953 1749 1844 1454 1532 1865 1658 1049 811 1381 2300 1826 1140 1649 1604 2046 1185 1363 1641 963 1340 1113 1966 1627 1761 2295 1427 2201 845 1686 1541 1349 1607 1993 1607 1167 1043 1392 1584 1452 1730 0 1821 1523 1707 882 2066 
265 1294 263 458 2296 835 753 1101 838 2240 388 1473 1659 583 2633 2149 971 760 400 1162 925 602 378 1146 939 1269 2309 2012 2139 2628 1764 2544 1674 815 351 1313 1962 583 1987 1015 1138 1759 355 819 2070 1909 0 700 814 1469 2409 
687 781 625 409 2069 952 944 1148 240 1941 739 1228 1407 300 2380 1906 476 432 403 1275 453 452 359 921 352 1038 2082 1754 1858 2375 1524 2298 1422 935 612 1188 1704 779 1704 775 863 1519 479 311 1827 1668 621 0 420 1217 2167 
964 947 922 717 2231 1210 1168 1369 533 2175 1018 1427 1564 554 2561 2095 652 117 680 1493 629 696 520 1135 528 1196 2244 1973 2074 2556 1701 2472 1579 1148 908 1441 1909 505 1959 1015 1029 1696 755 590 2016 1839 782 422 0 1374 2337 
1173 677 1157 1038 1427 1427 1376 1252 1098 1310 1219 375 408 925 1722 1402 688 1196 1145 1701 739 888 1188 665 890 673 1440 1225 1228 1754 982 1654 375 1329 1102 1104 1201 1511 1158 713 582 1059 1139 1018 1324 889 1370 1072 1254 0 1539 
1957 1343 1945 1812 653 2233 2167 1925 1826 400 2010 1333 1694 1700 314 1578 1473 1988 1917 2445 1518 1682 1996 1416 1673 1191 651 542 410 561 1091 148 1709 2143 1867 1830 1377 2301 1377 1502 1378 846 1902 1771 1500 1972 2192 1836 2043 1504 0 
0 1084 95 319 2177 711 564 924 703 2166 124 1426 1476 492 2460 2106 766 954 352 913 745 412 578 1009 860 1200 2190 1899 2072 2467 1746 2454 1488 625 155 1110 1906 803 1937 860 1008 1735 269 635 2021 1763 285 715 1030 1353 2328 
970 0 950 881 1604 1279 1208 1077 694 1489 1023 827 943 790 1845 1438 317 954 986 1552 368 728 1068 749 515 325 1599 1353 1422 1909 1076 1750 955 1236 927 1109 1228 1328 1273 505 362 1146 965 626 1333 1229 1182 766 909 842 1607 
77 1084 0 251 2177 711 598 924 662 2166 191 1426 1476 424 2460 2106 766 875 284 913 745 412 558 1009 860 1200 2190 1899 2072 2467 1746 2454 1488 625 125 1110 1906 783 1937 860 1008 1735 201 622 2021 1763 265 647 951 1353 2328 
286 960 220 0 2063 749 636 840 415 2013 353 1294 1357 177 2323 1943 676 628 112 945 655 228 460 854 709 1013 2076 1821 1919 2330 1616 2319 1369 663 215 1024 1751 808 1784 714 892 1605 99 375 1858 1644 447 396 708 1216 2193 
2274 1540 2249 2127 0 2465 2468 2193 2002 696 2320 1478 1781 2044 837 1690 1616 2227 2230 2683 1664 1998 2373 1682 1810 1338 13 816 708 865 1245 811 1793 2309 2188 2033 1480 2585 1513 1685 1528 1052 2216 1979 1585 2073 2515 2059 2230 1658 700 
708 1366 803 1042 2442 0 634 385 1227 2400 673 1646 1696 1170 2719 2291 1333 1523 1053 481 1310 977 1161 1118 1424 1421 2455 2123 2306 2719 1963 2696 1708 327 854 583 2105 1399 2092 1046 1216 1918 969 1187 2206 1938 879 1338 1568 1573 2579 
628 1699 723 957 2839 607 0 924 1247 2763 593 2013 2094 1117 3125 2722 1353 1541 957 746 1330 1019 1089 1611 1444 1834 2852 2488 2671 3142 2399 3097 2114 623 774 1101 2540 1347 2525 1438 1582 2342 888 1207 2641 2372 799 1377 1586 1985 2991 
909 1071 993 1010 2139 335 829 0 1071 2076 868 1337 1387 984 2365 2048 1107 1323 1057 670 1154 931 1239 741 1268 1098 2152 1843 1982 2372 1670 2359 1399 423 969 265 1807 1573 1840 769 957 1659 1008 1031 1963 1553 1080 1138 1368 1264 2233 
591 661 561 400 2030 937 819 1099 0 1940 658 1217 1273 260 2266 1897 376 566 402 1155 355 351 535 889 409 1013 2043 1744 1846 2273 1548 2235 1285 846 542 1184 1683 838 1716 617 704 1537 497 62 1788 1560 771 188 589 1150 2109 
1986 1286 1961 1862 704 2201 2184 1915 1707 0 2032 1242 1545 1751 676 1442 1362 1974 1965 2442 1410 1706 2048 1428 1555 1090 697 333 112 783 1005 527 1557 2045 1900 1752 1232 2351 1284 1431 1274 605 1946 1667 1337 1839 2227 1809 1977 1422 420 
152 1150 211 393 2238 658 503 859 741 2219 0 1482 1532 566 2501 2169 804 1000 426 934 783 450 703 1042 898 1239 2251 1965 2125 2508 1807 2495 1544 572 229 1072 1960 930 1937 898 1044 1791 343 673 2084 1839 392 789 1053 1409 2369 
1265 728 1244 1182 1356 1573 1510 1342 1063 1241 1318 0 709 1064 1600 1240 742 1344 1288 1866 793 1029 1321 725 938 528 1351 1116 1174 1625 808 1500 663 1515 1216 1189 1009 1694 1079 784 641 863 1245 1023 1135 1086 1476 1186 1326 429 1357 
1333 824 1312 1260 1651 1627 1578 1446 1144 1536 1386 662 0 1142 1898 1533 818 1416 1362 1946 869 1097 1399 848 988 881 1646 1418 1469 1948 1177 1797 45 1569 1284 1247 1323 1772 1356 860 717 1211 1313 1104 1428 879 1544 1258 1398 437 1654 
435 773 405 188 1825 776 663 825 284 1740 502 1116 1140 0 2138 1722 499 472 232 1000 478 195 441 677 593 805 1838 1640 1673 2091 1377 2051 1152 690 386 976 1512 744 1545 537 715 1433 286 244 1617 1434 601 290 552 995 1922 
2346 1628 2321 2199 838 2545 2540 2282 2078 708 2392 1566 1889 2116 0 1778 1704 2348 2302 2777 1752 2070 2460 1770 1892 1426 831 870 695 272 1328 210 1899 2389 2260 2091 1568 2711 1601 1773 1616 1157 2288 2057 1673 2145 2587 2180 2351 1746 316 
2056 1355 2031 1909 1604 2282 2250 1990 1776 1489 2102 1295 1598 1814 1845 0 1431 2042 2012 2521 1479 1775 2137 1497 1624 1153 1599 1403 1422 1909 922 1750 1610 2126 1970 1810 583 2400 800 1500 1343 1196 1998 1736 149 1936 2297 1872 2045 1475 1607 
717 307 687 666 1627 1010 983 1133 407 1512 784 856 932 552 1880 1475 0 636 748 1284 51 477 748 736 238 632 1622 1412 1445 1928 1125 1773 944 965 668 1099 1265 1015 1294 448 436 1205 717 339 1370 1189 943 464 610 829 1630 
919 950 884 697 2301 1238 1167 1375 628 2251 988 1508 1558 515 2570 2169 658 0 668 1511 637 674 490 1171 640 1249 2314 1974 2157 2577 1831 2547 1570 1183 865 1456 1960 425 1954 1029 1043 1819 775 674 2084 1909 776 467 133 1435 2438 
300 1097 265 108 2139 855 742 983 501 2115 401 1386 1436 276 2409 2048 775 681 0 1062 754 334 351 956 769 1163 2152 1870 2021 2416 1708 2403 1448 769 263 1140 1847 730 1877 813 995 1697 123 479 1963 1723 369 449 761 1313 2277 
1063 1702 1147 1354 2569 474 712 696 1407 2550 982 1824 1959 1372 2848 2493 1513 1751 1390 0 1490 1179 1498 1408 1604 1757 2582 2319 2456 2861 2166 2820 1979 748 1153 883 2307 1731 2292 1382 1552 2173 1321 1367 2408 2161 1238 1566 1796 1832 2733 
703 350 673 658 1651 1010 944 1193 396 1536 770 899 968 566 1898 1533 51 630 735 1274 0 463 742 779 234 675 1646 1449 1469 1948 1177 1797 980 953 654 1137 1323 1015 1356 462 468 1242 703 353 1428 1229 942 458 604 872 1654 
326 814 296 239 1946 667 554 770 408 1843 393 1170 1217 206 2189 1812 540 621 343 860 519 0 590 769 634 868 1944 1703 1759 2207 1463 2167 1229 581 277 952 1598 893 1631 585 778 1496 325 368 1703 1507 555 470 701 1072 2037 
516 1134 537 464 2238 1091 1012 1244 604 2219 616 1459 1509 385 2474 2106 786 512 362 1356 765 544 0 1026 768 1232 2251 1949 2125 2481 1779 2468 1521 1052 585 1325 1960 682 1937 886 1044 1768 424 601 2021 1796 347 443 592 1386 2342 
966 763 950 876 1604 1172 1208 796 885 1489 1019 728 861 785 1845 1438 757 1120 982 1468 808 723 1068 0 955 804 1599 1388 1422 1909 1076 1750 879 1116 914 708 1228 1409 1273 637 624 1181 961 832 1333 1102 1182 933 1165 733 1607 
803 514 773 711 1810 1091 1041 1320 383 1702 870 1089 1140 584 2093 1684 235 607 713 1373 226 563 719 950 0 786 1812 1607 1635 2074 1339 2001 1152 1121 754 1300 1474 993 1507 681 645 1400 803 440 1579 1405 1020 417 581 979 1886 
1003 309 982 917 1356 1346 1276 1099 914 1241 1056 632 958 825 1600 1240 574 1163 1023 1620 625 763 1068 805 738 0 1351 1059 1174 1625 809 1500 970 1288 954 1163 1009 1452 1079 540 397 839 1008 872 1135 1229 1214 977 1155 850 1357 
2274 1540 2249 2127 15 2465 2468 2193 2002 694 2320 1478 1781 2044 835 1690 1616 2227 2230 2683 1664 1998 2373 1682 1810 1338 0 831 723 863 1245 809 1793 2309 2188 2033 1480 2585 1513 1685 1528 1052 2216 1979 1585 2073 2515 2059 2230 1658 698 
1860 1186 1841 1778 814 2117 2102 1815 1616 310 1906 1154 1426 1660 813 1359 1271 1877 1880 2319 1319 1615 1963 1337 1464 954 827 0 221 958 880 664 1438 1961 1808 1661 1149 2277 1190 1340 1183 354 1832 1576 1254 1713 2107 1718 1895 1303 557 
1872 1241 1854 1790 715 2148 2102 1828 1628 117 1918 1183 1470 1672 680 1393 1283 1900 1896 2354 1331 1627 2005 1349 1476 1039 728 260 0 790 922 531 1482 1992 1814 1673 1211 2277 1234 1352 1195 532 1846 1588 1316 1757 2120 1730 1896 1347 424 
2346 1647 2321 2199 889 2570 2540 2320 2096 888 2392 1585 1909 2116 307 1797 1723 2367 2302 2789 1771 2070 2460 1789 1918 1445 882 1009 888 0 1355 466 1929 2414 2260 2118 1587 2730 1620 1792 1635 1188 2288 2077 1692 2197 2587 2199 2370 1765 523 
1692 1074 1671 1619 1266 1975 1942 1664 1452 1161 1745 1045 1273 1501 1509 900 1107 1712 1721 2252 1155 1456 1758 1167 1300 863 1264 1110 1094 1534 0 1409 1285 1841 1643 1502 896 2083 939 1181 1024 879 1672 1412 996 1560 1917 1554 1694 1151 1266 
2346 1628 2321 2199 917 2545 2540 2282 2078 524 2392 1566 1889 2116 171 1778 1704 2348 2302 2777 1752 2070 2460 1770 1892 1426 912 677 502 413 1332 0 1899 2389 2260 2091 1568 2711 1601 1773 1616 1091 2288 2057 1673 2145 2587 2180 2351 1746 132 
1413 864 1392 1340 1713 1699 1658 1461 1184 1598 1466 642 76 1222 1968 1593 858 1463 1442 1986 915 1177 1479 888 1049 921 1708 1489 1531 1980 1220 1866 0 1641 1364 1300 1383 1852 1416 900 757 1282 1393 1144 1488 939 1624 1305 1445 417 1716 
608 1293 703 942 2322 333 534 474 1146 2292 573 1573 1623 1069 2591 2230 1252 1410 944 758 1229 908 1074 1118 1343 1348 2335 2015 2198 2598 1882 2585 1635 0 754 672 2044 1326 2048 989 1143 1841 868 1106 2145 1936 779 1225 1455 1500 2459 
133 1027 103 221 2139 678 565 827 632 2115 200 1386 1436 394 2409 2048 723 845 254 871 702 369 567 969 817 1163 2152 1870 2021 2416 1708 2403 1448 592 0 1011 1847 866 1877 817 966 1697 171 592 1963 1723 362 617 929 1313 2277 
1119 1168 1181 1231 2030 528 1041 232 1219 1940 1009 1235 1319 1142 2266 1897 1165 1483 1267 863 1213 1042 1399 729 1358 1198 2043 1744 1846 2273 1548 2235 1331 616 1153 0 1683 1772 1716 917 1071 1537 1218 1179 1788 1412 1280 1298 1528 1196 2109 
1340 782 1319 1267 1118 1640 1585 1377 1155 1007 1393 694 1014 1149 1358 714 828 1425 1369 1910 879 1104 1406 861 1015 582 1116 794 934 1383 513 1272 1026 1582 1291 1212 0 1779 380 870 727 621 1320 1115 628 1308 1551 1267 1407 919 1129 
805 1413 826 842 2479 1371 1300 1524 906 2460 906 1760 1814 660 2748 2402 1075 445 792 1644 1054 819 635 1307 998 1535 2492 2196 2366 2757 2068 2743 1827 1328 908 1603 2216 0 2201 1160 1330 2050 775 876 2317 2113 602 772 492 1687 2616 
1776 1137 1755 1703 1458 2048 2020 1736 1541 1343 1835 1086 1383 1585 1704 745 1196 1806 1806 2252 1244 1540 1853 1250 1389 944 1453 1212 1276 1729 878 1604 1395 1923 1727 1574 411 2161 0 1265 1108 1022 1756 1501 659 1670 2004 1643 1783 1251 1461 
727 528 697 640 1604 1029 983 770 579 1489 794 820 914 549 1845 1438 416 835 744 1299 415 487 804 629 646 531 1599 1403 1422 1909 1097 1750 921 997 678 908 1228 1143 1273 0 441 1196 726 511 1333 1189 950 687 909 793 1607 
606 647 576 519 1690 949 834 649 528 1575 673 979 1014 428 1958 1593 606 714 623 1198 585 366 683 531 700 650 1685 1489 1508 1962 1220 1836 1026 861 557 782 1383 993 1416 382 0 1282 605 475 1488 1308 835 566 794 919 1693 
1746 1113 1725 1673 1091 2019 1993 1714 1510 669 1799 1045 1357 1555 1217 1299 1165 1770 1775 2252 1213 1510 1819 1228 1358 866 1086 409 589 1332 833 1061 1369 1887 1697 1552 1064 2161 1096 1235 1078 0 1726 1470 1194 1644 1975 1612 1752 1234 925 
246 1097 180 109 2139 805 692 891 520 2115 313 1386 1436 282 2409 2048 781 733 105 1000 760 333 396 969 818 1163 2152 1870 2021 2416 1708 2403 1448 719 175 1078 1847 723 1877 819 1005 1697 0 480 1963 1723 362 505 813 1313 2277 
529 668 499 355 2030 870 757 1010 68 1974 596 1237 1273 241 2266 1897 393 569 409 1067 372 289 538 827 455 966 2043 1754 1880 2273 1558 2239 1285 784 480 1128 1693 841 1726 555 642 1547 441 0 1798 1560 758 206 609 1150 2113 
1964 1241 1939 1846 1604 2176 2169 1889 1678 1489 2010 1203 1506 1722 1845 140 1333 1953 1949 2427 1381 1677 2041 1399 1526 1047 1599 1353 1422 1909 952 1750 1518 2020 1877 1723 488 2311 705 1402 1245 1146 1924 1638 0 1793 2205 1780 1956 1382 1607 
1765 1194 1744 1692 2030 1888 2009 1569 1535 1974 1820 1128 846 1574 2280 1897 1190 1795 1794 2109 1238 1529 1832 1134 1383 1231 2043 1786 1880 2287 1559 2239 874 1873 1716 1433 1694 2161 1727 1254 1097 1579 1745 1495 1799 0 1994 1637 1777 943 2113 
271 1328 292 495 2442 881 726 1085 892 2400 346 1672 1722 667 2719 2308 996 819 403 1155 973 643 388 1237 1046 1447 2455 2123 2306 2719 2006 2696 1734 795 381 1272 2122 613 2118 1072 1206 1956 386 866 2223 2004 0 770 899 1599 2579 
661 678 595 375 2030 1029 983 1193 205 1991 728 1252 1280 315 2313 1912 393 477 377 1290 372 482 434 969 375 1047 2043 1783 1897 2320 1587 2286 1292 981 590 1274 1722 785 1755 813 809 1576 474 258 1827 1567 732 0 477 1165 2160 
924 890 888 701 2238 1238 1167 1377 575 2219 988 1459 1509 519 2474 2106 605 125 672 1511 584 678 494 1171 587 1199 2251 1949 2125 2481 1779 2468 1521 1183 869 1458 1960 429 1937 1029 1012 1768 779 621 2021 1796 780 414 0 1386 2342 
1229 717 1208 1151 1604 1519 1474 1318 1038 1489 1282 417 490 1033 1845 1421 711 1319 1257 1829 762 993 1290 741 907 774 1599 1353 1422 1909 1064 1750 439 1461 1180 1163 1211 1663 1273 753 610 1146 1209 998 1316 939 1440 1161 1301 0 1607 
2274 1540 2249 2127 787 2465 2468 2193 2002 437 2320 1478 1781 2044 287 1661 1616 2227 2230 2683 1664 1998 2373 1682 1810 1338 780 611 436 503 1220 142 1793 2309 2188 2033 1451 2585 1484 1685 1528 990 2216 1979 1556 2073 2515 2059 2230 1658 0 
0 868 59 217 1887 578 471 721 515 1745 112 1113 1285 356 2065 1842 593 776 260 813 593 348 433 826 703 921 1891 1665 1687 2127 1426 2007 1298 501 125 855 1628 653 1625 673 770 1452 170 487 1735 1589 240 527 828 1166 1879 
919 0 884 814 1309 1057 1153 953 566 1191 968 560 849 718 1465 1284 311 825 895 1433 362 667 878 654 344 225 1313 1085 1133 1527 830 1430 862 1023 842 1036 1061 1168 1033 438 332 876 846 545 1181 1202 1078 635 799 760 1302 
55 855 0 164 1887 559 520 702 462 1736 152 1096 1256 303 2065 1831 580 723 204 794 580 295 377 813 690 905 1891 1656 1678 2127 1417 2001 1269 482 97 836 1619 629 1616 660 757 1443 117 434 1726 1560 236 474 775 1137 1873 
218 804 163 0 1770 670 631 700 304 1644 288 1007 1169 145 1958 1737 529 559 108 913 511 156 354 722 536 813 1783 1551 1586 2004 1325 1907 1182 593 166 828 1527 640 1524 569 706 1338 90 276 1634 1473 350 310 611 1058 1778 
1928 1320 1924 1834 0 2152 2152 1929 1789 578 1977 1246 1603 1738 657 1592 1508 2010 1934 2379 1556 1697 1926 1421 1554 1195 13 680 604 719 1085 652 1616 2112 1861 1787 1382 2244 1379 1502 1397 914 1884 1738 1489 1936 2104 1863 2049 1484 516 
573 1139 598 707 2099 0 474 309 868 1982 516 1291 1425 799 2247 2030 915 1133 762 409 912 669 938 932 1018 1096 2103 1865 1898 2309 1622 2212 1438 248 639 443 1825 1174 1830 846 1009 1648 685 847 1961 1709 731 974 1159 1306 2084 
461 1255 486 626 2294 481 0 697 934 2264 404 1497 1627 765 2447 2207 996 1157 669 621 987 742 824 1226 1093 1296 2298 2024 2180 2509 1822 2412 1640 477 527 831 2075 1048 2044 1054 1143 1845 579 896 2138 1936 619 936 1183 1508 2284 
673 925 677 655 1887 266 645 0 816 1736 616 1085 1243 747 2065 1831 860 1110 710 622 860 617 914 679 969 875 1891 1656 1678 2127 1417 2001 1256 334 635 193 1619 1174 1616 631 779 1443 633 795 1726 1411 831 917 1136 1132 1873 
512 566 457 298 1729 802 763 857 0 1603 582 959 1085 186 1911 1696 286 484 347 1061 240 290 405 742 318 723 1742 1525 1545 1967 1284 1866 1098 725 458 976 1486 796 1483 401 468 1312 384 56 1593 1404 603 117 479 994 1737 
1774 1173 1743 1680 556 2002 2004 1773 1639 0 1826 1086 1443 1588 607 1369 1358 1852 1776 2224 1406 1547 1763 1271 1407 1037 560 325 132 712 922 472 1456 1964 1707 1637 1224 2089 1225 1352 1247 576 1727 1588 1331 1747 1946 1709 1896 1324 340 
107 872 132 272 1887 531 419 674 553 1745 0 1113 1285 411 2065 1842 597 831 315 786 597 354 500 830 707 921 1891 1665 1687 2127 1426 2007 1298 454 173 808 1628 720 1625 677 774 1452 225 532 1735 1589 295 582 883 1166 1879 
1235 558 1201 1134 1236 1292 1465 1137 942 1130 1284 0 519 1042 1392 1164 656 1223 1228 1583 704 993 1217 600 778 433 1240 1012 1072 1454 756 1357 500 1239 1150 1036 1004 1541 957 661 555 791 1157 886 1061 1009 1400 1014 1197 325 1229 
1317 738 1286 1224 1510 1394 1547 1235 1038 1384 1366 527 0 1132 1681 1455 755 1324 1319 1730 803 1090 1307 745 907 711 1523 1284 1326 1743 1040 1646 37 1341 1247 1134 1245 1631 1236 760 654 1071 1254 998 1352 715 1482 1110 1298 314 1518 
347 680 292 133 1650 693 654 748 186 1524 417 879 1040 0 1822 1623 405 476 201 928 403 159 355 598 464 689 1663 1479 1466 1885 1211 1786 1053 616 293 852 1413 717 1410 445 582 1266 219 168 1520 1368 474 238 528 956 1658 
2191 1575 2187 2118 650 2395 2408 2172 2016 581 2240 1501 1858 2030 0 1845 1763 2308 2194 2609 1812 1960 2223 1676 1810 1450 654 702 569 260 1330 165 1871 2368 2124 2025 1633 2542 1630 1757 1652 1006 2145 1995 1740 2181 2367 2117 2301 1739 267 
1799 1193 1768 1705 1399 2024 2025 1798 1664 1273 1849 1113 1470 1613 1570 0 1383 1877 1806 2239 1431 1572 1788 1296 1427 1068 1412 1239 1215 1632 731 1535 1483 1988 1732 1662 561 2120 749 1377 1272 1048 1752 1613 123 1774 1965 1734 1915 1351 1407 
634 305 603 533 1510 898 859 953 285 1384 693 698 828 437 1681 1438 0 581 614 1163 51 386 634 633 166 462 1523 1290 1326 1743 1031 1646 841 821 561 1015 1228 923 1236 339 332 1077 565 264 1335 1162 812 366 555 739 1518 
774 836 744 585 2000 1127 1055 1141 472 1867 869 1273 1393 460 2164 1927 586 0 573 1341 565 581 437 1009 533 973 2004 1783 1798 2226 1537 2126 1406 1050 745 1271 1739 396 1736 845 926 1570 667 528 1858 1697 635 355 102 1274 1998 
246 851 207 108 1796 729 690 756 348 1670 332 1051 1214 202 1976 1763 576 544 0 965 575 260 250 769 570 860 1811 1618 1612 2038 1351 1932 1227 652 210 884 1553 563 1550 616 753 1405 104 355 1660 1518 273 330 596 1096 1811 
851 1458 876 1029 2425 394 582 581 1262 2395 794 1619 1746 1158 2578 2306 1296 1468 1072 0 1270 1039 1228 1261 1376 1415 2429 2157 2311 2640 1940 2543 1759 609 919 701 2174 1438 2133 1173 1326 1975 982 1205 2237 1884 1013 1329 1494 1627 2415 
608 355 577 520 1521 872 833 953 250 1395 667 742 872 424 1692 1501 51 560 586 1163 0 360 610 677 179 512 1534 1326 1337 1754 1072 1657 885 795 535 1053 1291 911 1288 348 348 1113 539 269 1398 1202 786 322 534 783 1529 
317 665 286 161 1678 581 542 636 311 1552 376 924 1085 161 1855 1645 390 566 265 816 390 0 445 623 500 714 1691 1497 1494 1915 1233 1816 1098 504 244 764 1435 785 1432 470 567 1284 247 280 1542 1376 495 373 618 979 1686 
386 856 381 354 1872 907 828 963 410 1721 498 1091 1251 269 2065 1822 606 406 251 1163 585 390 0 807 553 898 1876 1641 1663 2127 1402 1984 1264 825 405 1051 1604 537 1601 654 791 1428 279 410 1711 1555 247 293 458 1132 1856 
994 620 963 870 1379 946 1249 713 801 1253 1043 584 761 784 1550 1356 637 1085 974 1254 685 744 969 0 785 616 1392 1209 1195 1612 922 1515 774 929 920 643 1146 1324 1144 513 417 980 926 780 1253 1009 1159 892 1111 647 1387 
699 339 668 564 1510 966 944 1010 303 1384 758 781 978 463 1681 1462 166 521 595 1212 178 451 574 782 0 446 1523 1292 1326 1743 1047 1646 991 886 626 1140 1252 863 1253 505 498 1079 630 359 1359 1313 772 331 495 888 1518 
1023 219 972 921 1199 1076 1264 953 714 1083 1080 431 796 833 1350 1164 459 961 999 1452 510 783 1026 620 439 0 1203 921 1025 1412 701 1315 809 1023 934 1000 897 1314 907 444 338 701 930 693 1061 1162 1177 770 938 690 1187 
1937 1333 1933 1845 13 2160 2161 1937 1806 573 1986 1259 1616 1751 652 1617 1521 2013 1949 2379 1569 1710 1926 1434 1567 1208 0 693 617 714 1102 647 1629 2121 1870 1800 1407 2247 1404 1515 1410 914 1897 1751 1514 1936 2113 1876 2052 1497 511 
1627 1022 1596 1533 650 1856 1877 1626 1502 286 1676 959 1311 1441 728 1262 1221 1701 1629 2145 1269 1400 1616 1124 1256 862 663 0 231 934 783 607 1324 1818 1560 1490 1090 1948 1102 1215 1110 324 1580 1451 1198 1615 1792 1562 1727 1179 525 
1673 1072 1642 1579 580 1906 1913 1672 1558 93 1722 989 1354 1487 572 1280 1277 1747 1675 2154 1325 1446 1662 1170 1306 938 593 221 0 725 825 451 1367 1867 1606 1536 1146 1993 1144 1253 1148 484 1626 1507 1253 1658 1843 1608 1773 1235 345 
2195 1594 2191 2122 708 2412 2412 2189 2036 684 2244 1520 1878 2034 260 1859 1782 2312 2198 2638 1834 1964 2227 1695 1829 1469 712 884 691 0 1349 387 1891 2372 2128 2051 1652 2546 1649 1776 1671 1085 2149 2015 1759 2181 2371 2140 2324 1758 472 
1483 852 1452 1389 1100 1686 1713 1463 1318 997 1532 778 1154 1297 1250 799 1037 1557 1485 1907 1085 1256 1472 970 1083 727 1104 921 934 1312 0 1217 1167 1672 1416 1327 832 1796 836 1034 929 742 1436 1267 879 1473 1648 1390 1574 1046 1089 
2109 1481 2105 1988 638 2318 2326 2102 1928 439 2158 1407 1764 1898 168 1749 1669 2179 2087 2519 1717 1878 2094 1582 1715 1356 642 568 435 390 1229 0 1777 2286 2042 1977 1539 2413 1536 1663 1558 890 2063 1907 1646 2102 2285 2022 2206 1645 129 
1332 756 1301 1247 1510 1407 1562 1256 1062 1384 1381 513 42 1155 1681 1462 773 1339 1334 1730 821 1105 1330 763 929 729 1523 1290 1326 1743 1047 1646 0 1354 1260 1138 1252 1654 1253 778 672 1077 1267 1007 1359 757 1497 1134 1313 300 1518 
496 1071 521 654 2022 248 468 362 815 1923 439 1245 1373 746 2196 2030 859 1110 704 624 859 616 859 879 969 1047 2035 1821 1839 2258 1575 2164 1386 0 562 490 1777 1083 1774 793 957 1601 614 794 1961 1632 654 916 1136 1254 2036 
126 815 95 167 1810 519 480 662 462 1678 186 1055 1220 303 1976 1771 540 726 210 754 540 291 398 773 650 864 1823 1618 1620 2038 1359 1942 1233 442 0 796 1561 657 1558 620 717 1405 120 434 1668 1524 320 477 778 1097 1814 
848 1022 826 804 1770 441 820 217 1008 1644 791 1017 1214 896 1958 1737 1018 1213 859 763 1014 766 1074 601 1120 993 1783 1569 1586 2004 1325 1907 1227 483 784 0 1527 1365 1524 735 858 1356 782 946 1634 1368 1013 1074 1239 1096 1778 
1318 631 1287 1224 933 1433 1548 1235 1086 839 1367 557 926 1132 1087 657 805 1372 1320 1730 853 1091 1307 755 851 506 937 740 784 1149 461 1074 938 1380 1251 1134 0 1631 348 810 704 546 1271 1044 588 1281 1483 1158 1346 802 947 
606 1158 609 667 2131 1136 1053 1232 694 2079 718 1368 1510 552 2298 2085 897 419 584 1394 897 673 529 1116 880 1179 2144 1899 1995 2360 1685 2263 1523 1059 677 1343 1903 0 1933 939 1087 1711 580 693 2016 1839 466 620 406 1391 2135 
1605 992 1574 1511 1283 1846 1844 1604 1475 1157 1654 924 1285 1419 1452 673 1194 1679 1607 2120 1242 1378 1594 1102 1228 864 1296 1074 1099 1514 819 1417 1298 1794 1538 1468 389 1922 0 1184 1079 867 1558 1424 604 1589 1770 1540 1705 1166 1289 
713 473 682 591 1429 834 944 721 403 1303 772 635 777 505 1600 1417 303 805 688 1227 314 465 684 531 469 427 1442 1261 1245 1662 982 1565 790 782 640 839 1207 1060 1188 0 323 1048 644 382 1314 1110 882 520 802 688 1437 
683 629 628 581 1583 725 944 612 562 1457 753 781 934 495 1754 1527 616 795 661 1115 623 445 674 500 733 583 1596 1409 1399 1834 1106 1719 949 673 586 732 1317 1031 1314 339 0 1196 584 530 1424 1281 831 603 847 844 1591 
1445 803 1414 1351 882 1681 1675 1458 1300 554 1494 771 1141 1259 1040 1154 1019 1519 1447 1901 1067 1218 1434 950 1027 658 886 341 499 1099 628 943 1154 1634 1378 1322 907 1758 872 1013 908 0 1398 1249 1061 1446 1610 1358 1522 994 814 
180 876 125 91 1872 647 608 708 389 1721 250 1091 1251 230 2065 1822 601 637 105 882 596 241 278 807 627 898 1876 1641 1663 2127 1402 1984 1264 570 128 836 1604 551 1601 654 778 1428 0 361 1711 1555 261 401 689 1132 1856 
488 543 433 274 1705 767 728 822 56 1579 558 933 1085 178 1883 1672 268 540 354 1007 258 255 426 729 368 700 1718 1504 1521 1941 1260 1843 1098 690 430 938 1462 788 1459 378 445 1291 360 0 1569 1376 620 173 535 973 1713 
1748 1126 1717 1654 1399 1979 1980 1747 1613 1273 1797 1067 1424 1562 1570 123 1332 1829 1750 2193 1380 1521 1737 1245 1360 1001 1412 1229 1215 1632 736 1535 1437 1938 1681 1611 492 2071 680 1315 1210 1016 1701 1562 0 1728 1919 1683 1857 1299 1407 
1627 1139 1596 1533 1845 1661 1877 1438 1448 1717 1676 959 748 1441 2065 1822 1167 1701 1629 1907 1215 1400 1616 984 1315 1103 1858 1616 1659 2127 1398 1984 785 1650 1560 1327 1600 1948 1597 1156 1051 1403 1580 1397 1707 0 1792 1520 1704 817 1856 
221 1023 224 366 2099 726 613 869 613 1980 289 1295 1425 472 2247 2030 772 609 291 992 772 513 250 1012 756 1096 2103 1854 1896 2309 1612 2212 1438 649 292 994 1825 466 1816 852 975 1638 287 613 1961 1729 0 496 661 1306 2084 
528 610 473 310 1780 894 855 953 117 1654 598 1041 1177 240 1958 1747 358 371 330 1163 312 372 288 799 307 753 1793 1581 1596 2020 1335 1919 1190 817 476 1033 1537 682 1534 518 585 1368 394 173 1644 1479 486 0 366 1078 1788 
776 810 746 587 2000 1127 1064 1141 459 1867 871 1236 1360 462 2164 1927 560 102 575 1350 539 583 439 1009 507 971 2004 1781 1796 2226 1535 2117 1373 1050 747 1271 1737 399 1734 847 887 1568 669 515 1858 1664 637 364 0 1241 1989 
1246 649 1206 1149 1406 1318 1476 1151 949 1280 1295 325 317 1059 1577 1356 666 1229 1233 1583 714 1019 1248 611 814 622 1419 1229 1222 1639 954 1542 298 1265 1155 1049 1146 1572 1144 671 565 980 1162 896 1253 825 1409 1026 1203 0 1414 
1974 1340 1941 1850 511 2166 2191 1943 1806 314 2023 1266 1623 1758 267 1617 1528 2018 1949 2385 1576 1717 1947 1441 1574 1215 515 499 321 476 1102 140 1636 2145 1900 1810 1407 2252 1404 1522 1417 765 1897 1758 1514 1936 2144 1886 2057 1504 0 
