11
5
10800
0
2015
2076
2293
2589
2646
2287
2070
1829
2456
2690
0 771 504 1598 272 555 1795 720 645 299 1572 
714 0 1101 1011 846 427 1091 975 1178 782 899 
742 1317 0 2154 842 1076 2403 387 1231 1025 2180 
1465 932 1795 0 1609 1173 1548 1715 1918 1527 1325 
338 917 611 1715 0 666 2005 790 455 270 1704 
460 409 790 1244 592 0 1354 623 881 726 1131 
1551 1019 1897 1476 1695 1259 0 1806 2003 1606 306 
650 969 396 1797 782 712 2047 0 1074 935 1786 
571 1143 844 1996 455 899 2203 1038 0 539 1980 
559 755 699 1598 278 701 1772 916 538 0 1549 
1366 837 1696 1297 1510 1074 304 1616 1814 1422 0 
0 891 607 1725 433 698 1915 921 759 430 1703 
861 0 1247 1099 1050 592 1410 1278 1397 1009 1173 
490 1200 0 2070 757 920 2286 550 1091 917 2041 
1607 1037 2044 0 1795 1379 1763 1980 2179 1812 1526 
434 1124 793 1980 0 817 2217 1107 595 400 1984 
587 565 1015 1423 797 0 1670 787 1130 963 1433 
1756 1186 2166 1700 1942 1528 0 2115 2317 2050 409 
863 1193 567 2066 1050 799 2286 0 1417 1285 2041 
757 1407 1126 2282 554 1173 2525 1442 0 680 2280 
698 1019 911 1860 338 933 2105 1221 658 0 1865 
1539 964 1943 1511 1727 1311 389 1917 2123 1766 0 
0 950 546 1763 365 672 2053 941 729 332 1789 
781 0 1213 1047 932 481 1235 1134 1234 856 1033 
476 1148 0 2016 696 873 2243 508 1037 791 2027 
1585 1071 1977 0 1746 1278 1737 1904 2053 1691 1524 
427 1052 702 1928 0 775 2143 1055 595 289 1917 
482 473 829 1299 624 0 1455 825 966 771 1242 
1749 1235 2159 1762 1900 1442 0 2085 2211 1856 412 
780 1120 510 1993 932 797 2213 0 1234 1097 1980 
715 1349 1050 2197 543 1054 2476 1350 0 589 2260 
691 984 838 1695 331 853 1951 1206 590 0 1721 
1511 984 1937 1512 1672 1204 392 1848 1982 1617 0 
0 939 563 1797 339 732 2046 989 746 346 1762 
890 0 1303 1049 1090 595 1334 1241 1351 899 1074 
1127 1662 0 2551 1359 1348 2718 544 1747 1466 2541 
1774 1083 2288 0 1953 1433 1774 2044 2193 1718 1520 
451 1065 752 1974 0 865 2141 1104 600 310 1941 
625 558 1033 1424 827 0 1676 836 1207 900 1422 
1946 1219 2453 1703 2081 1569 0 2209 2317 1862 379 
918 1197 493 2125 1114 830 2284 0 1514 1257 2112 
729 1348 1053 2246 523 1184 2445 1433 0 598 2273 
685 911 792 1774 326 850 2046 1204 575 0 1739 
1725 1011 2235 1516 1894 1384 329 2020 2132 1669 0 
0 791 601 1667 273 666 1735 808 646 300 1554 
886 0 1266 1055 942 442 1164 1047 1240 779 985 
784 1386 0 2221 867 1167 2361 436 1285 1062 2180 
1574 977 1979 0 1729 1240 1509 1852 2042 1594 1328 
358 942 686 1810 0 694 1872 893 455 270 1684 
632 412 1036 1315 762 0 1369 731 1134 755 1188 
1794 1214 2202 1768 1959 1460 0 2090 2264 1819 306 
688 1031 405 1899 894 711 1979 0 1246 968 1775 
612 1194 962 2099 455 952 2117 1148 0 539 1937 
588 786 788 1647 278 738 1710 995 538 0 1529 
1611 1031 2047 1558 1766 1277 304 1902 2079 1631 0 
