21
10
5400
0
1082
1388
1388
1366
1295
1282
1158
1423
1441
1067
1063
1117
1247
1196
1043
1023
1464
1076
1074
919
0 770 985 501 761 1197 633 587 748 1209 479 765 650 677 484 919 865 724 345 913 864 
780 0 1206 1209 109 633 1341 1292 533 774 450 1216 1358 1379 1183 546 1629 1437 620 263 1300 
1015 1171 0 1361 1228 1639 1493 1482 1329 394 939 1398 1510 1569 1373 636 1823 1627 1022 1112 1482 
471 1159 1343 0 1145 1556 264 374 1112 1567 831 1045 281 693 458 1316 881 582 699 1315 1165 
757 108 1138 1188 0 662 1320 1261 480 851 427 1210 1337 1348 1152 623 1598 1406 597 347 1294 
1209 636 1612 1627 660 0 1759 1748 883 1314 876 1652 1776 1846 1639 1078 2118 1917 1048 691 1736 
597 1279 1461 264 1282 1693 0 402 1247 1685 968 1174 85 755 561 1436 948 462 825 1420 1294 
524 1197 1369 374 1200 1611 402 0 1138 1593 858 1124 419 551 357 1328 739 412 726 1338 1212 
887 571 1429 1296 498 643 1428 1420 0 1190 687 1326 1445 1507 1311 953 1757 1565 551 780 1410 
1180 886 394 1571 977 1379 1703 1692 1196 0 799 1623 1720 1779 1583 328 2021 1842 1137 740 1707 
521 516 885 863 507 912 998 940 620 803 0 931 1015 1033 835 514 1263 1141 474 657 999 
741 1197 1429 1035 1200 1611 1167 1125 1126 1621 889 0 1184 1237 1042 1332 1487 1270 715 1338 471 
614 1297 1478 281 1300 1711 85 419 1261 1702 991 1184 0 772 578 1443 970 417 842 1438 1336 
788 1472 1667 720 1475 1888 852 771 1433 1927 1145 1350 869 0 439 1619 616 922 1022 1613 1482 
467 1130 1343 477 1116 1527 601 480 1086 1567 801 1045 618 439 0 1287 655 617 669 1272 1136 
890 604 636 1333 689 1136 1465 1454 934 328 510 1332 1482 1541 1345 0 1791 1599 847 496 1416 
827 1490 1685 820 1493 1905 915 793 1442 1927 1165 1400 933 555 662 1637 0 942 1031 1631 1505 
695 1360 1547 593 1363 1774 462 407 1311 1771 1034 1268 417 722 528 1499 916 0 897 1501 1366 
376 608 1059 761 633 1059 893 836 411 1116 443 758 913 931 733 788 1128 973 0 749 842 
945 263 1206 1385 348 693 1517 1506 716 740 614 1398 1534 1593 1397 496 1848 1651 735 0 1482 
815 1295 1478 1104 1298 1709 1236 1214 1205 1696 968 473 1253 1291 1095 1407 1541 1359 789 1436 0 
0 912 1281 557 920 1417 780 656 747 1469 652 819 801 876 554 1176 1214 860 378 1107 973 
973 0 1229 1473 109 663 1659 1499 553 843 549 1502 1689 1701 1448 631 2043 1733 684 278 1573 
1551 1237 0 1908 1294 1815 2151 1947 1470 397 1149 1942 2194 2186 1869 685 2517 2211 1559 1164 2033 
520 1464 1653 0 1442 1861 374 472 1154 1897 1031 1172 395 867 545 1595 1345 797 785 1627 1293 
943 108 1288 1446 0 680 1632 1472 500 889 526 1466 1662 1674 1421 677 2043 1706 661 350 1537 
1364 653 1728 1958 604 0 2199 1979 823 1367 920 1924 2242 2213 1914 1138 2544 2211 1045 700 2033 
687 1580 1789 318 1558 2065 0 494 1357 2040 1227 1249 89 1080 706 1754 1357 629 1009 1743 1457 
662 1564 1738 601 1542 2053 663 0 1322 2040 1151 1232 684 855 533 1738 1183 506 938 1727 1422 
911 635 1633 1402 537 653 1588 1437 0 1259 834 1466 1618 1639 1386 1033 1977 1671 560 811 1537 
1450 821 398 2088 915 1397 2314 2060 1102 0 961 2013 2357 2327 2000 334 2660 2293 1157 774 2102 
666 658 1064 1168 693 1143 1354 1199 869 950 0 1193 1384 1396 1152 672 1685 1433 615 833 1256 
785 1464 1689 1083 1442 1948 1269 1199 1287 1939 1094 0 1299 1396 1143 1638 1685 1433 808 1627 474 
704 1602 1789 335 1580 2089 85 511 1376 2040 1250 1256 0 1080 723 1776 1370 580 1042 1765 1499 
989 1956 2068 1017 1955 2405 1203 969 1834 2302 1520 1581 1233 0 569 2136 854 1244 1338 2136 1759 
475 1391 1592 608 1369 1836 774 519 1111 1808 955 1045 795 568 0 1536 1092 723 716 1554 1220 
1110 668 650 1592 750 1288 1778 1618 968 384 687 1614 1808 1862 1567 0 2186 1886 979 626 1685 
951 1925 2068 986 1911 2379 1136 890 1732 2302 1492 1559 1166 713 833 2102 0 1132 1310 2108 1721 
758 1649 1856 734 1627 2135 600 440 1458 2088 1299 1322 555 972 629 1832 1345 0 1100 1813 1505 
423 636 1350 836 689 1143 1060 931 444 1177 540 864 1090 1206 826 953 1539 1172 0 811 973 
1160 267 1229 1712 348 728 1918 1746 782 744 698 1716 1961 2017 1695 531 2321 2007 795 0 1787 
878 1564 1741 1260 1542 2053 1446 1294 1406 2040 1178 491 1476 1496 1243 1738 1785 1528 938 1727 0 
0 958 1153 563 942 1494 758 652 857 1426 619 894 775 822 572 1168 1101 836 385 1118 1007 
1008 0 1321 1465 112 824 1661 1544 709 1011 593 1560 1696 1650 1473 744 1874 1722 787 390 1582 
1202 1473 0 1607 1480 2038 1815 1686 1574 457 1169 1740 1838 1792 1615 826 2001 1877 1250 1336 1762 
535 1347 1494 0 1354 1872 347 457 1266 1767 1028 1174 364 854 589 1574 1111 759 771 1506 1290 
973 130 1359 1437 0 898 1633 1516 653 1049 561 1525 1668 1622 1445 783 1841 1694 780 481 1547 
1477 940 1882 1959 824 0 2119 2017 1017 1708 1076 2004 2151 2148 1941 1457 2330 2227 1283 1015 2075 
742 1530 1683 359 1537 2067 0 520 1520 2050 1218 1307 85 976 739 1739 1196 592 1013 1689 1531 
555 1360 1528 486 1367 1875 555 0 1285 1821 1042 1174 572 681 444 1574 970 478 791 1519 1290 
1147 736 1682 1552 654 795 1748 1631 0 1521 899 1638 1783 1737 1560 1270 1955 1822 677 1015 1660 
1485 1059 473 1888 1153 1777 2062 1967 1309 0 1054 1987 2094 2128 1895 408 2310 2168 1322 994 2051 
651 691 993 1033 660 1179 1229 1117 774 1025 0 1188 1264 1231 1046 680 1431 1295 611 877 1208 
856 1428 1612 1181 1435 1959 1377 1271 1384 1894 1148 0 1412 1377 1200 1668 1577 1449 854 1587 555 
808 1589 1742 425 1596 2119 134 586 1590 2050 1271 1383 0 1031 805 1798 1271 568 1083 1748 1581 
793 1576 1729 852 1583 2103 1000 767 1564 2050 1258 1395 1035 0 599 1785 740 970 1057 1735 1580 
522 1331 1494 639 1338 1855 786 561 1255 1767 1017 1174 803 598 0 1545 916 745 758 1490 1270 
1133 834 779 1620 880 1527 1834 1699 1086 413 678 1709 1854 1815 1628 0 2008 1887 1082 796 1731 
891 1670 1843 956 1677 2214 1098 865 1665 2110 1352 1550 1133 655 791 1885 0 1054 1158 1832 1690 
727 1520 1676 717 1527 2067 572 437 1497 2048 1206 1343 499 853 616 1732 1111 0 990 1679 1498 
452 718 1153 805 730 1269 1000 903 472 1340 484 893 1035 1083 824 994 1282 1097 0 913 971 
1131 379 1359 1572 464 918 1768 1651 870 1022 723 1692 1808 1757 1580 730 1960 1852 924 0 1714 
1109 1663 1849 1441 1670 2187 1637 1546 1637 2110 1373 609 1672 1652 1475 1919 1874 1724 1130 1832 0 
0 908 1062 606 899 1384 791 674 934 1305 608 872 820 767 567 1190 968 846 406 1044 975 
951 0 1336 1394 128 840 1582 1487 674 968 572 1447 1626 1619 1390 757 1809 1686 795 423 1517 
1186 1390 0 1551 1441 1917 1739 1644 1508 451 1117 1650 1783 1776 1547 789 1978 1863 1240 1345 1720 
526 1297 1428 0 1329 1795 349 442 1325 1671 970 1174 378 755 515 1574 948 720 792 1440 1287 
931 115 1318 1360 0 883 1548 1453 588 1032 546 1439 1592 1585 1356 808 1771 1652 769 507 1509 
1347 848 1710 1773 746 0 1927 1858 971 1567 963 1853 1944 2018 1769 1366 2170 2017 1187 967 1903 
789 1557 1699 427 1589 2074 0 608 1628 2065 1233 1419 97 1013 778 1849 1184 630 1067 1700 1552 
581 1327 1475 495 1359 1836 576 0 1372 1718 1008 1244 605 617 429 1615 815 482 828 1470 1318 
1076 712 1639 1441 637 756 1629 1534 0 1420 862 1486 1673 1666 1437 1200 1863 1733 637 998 1556 
1415 981 455 1780 1080 1687 1963 1868 1231 0 1056 1902 1980 2018 1776 437 2188 2090 1299 963 1965 
649 666 977 1048 658 1132 1236 1144 823 1001 0 1153 1280 1308 1053 632 1494 1343 592 886 1204 
839 1405 1561 1173 1437 1917 1361 1297 1413 1808 1113 0 1405 1429 1200 1665 1615 1496 856 1548 557 
833 1632 1774 471 1664 2150 112 652 1703 2065 1308 1474 0 1075 822 1907 1258 581 1142 1775 1596 
836 1587 1729 911 1619 2089 1051 801 1647 2065 1263 1495 1095 0 601 1899 671 972 1086 1730 1575 
499 1265 1388 591 1297 1763 771 523 1281 1631 944 1174 792 555 0 1517 753 695 746 1408 1232 
1163 736 790 1590 852 1436 1778 1683 1051 405 632 1640 1820 1818 1586 0 1992 1881 1055 771 1710 
895 1680 1839 967 1712 2193 1097 860 1703 2124 1356 1524 1114 614 777 1933 0 1124 1142 1832 1658 
770 1507 1650 780 1539 2037 608 449 1594 1922 1191 1436 584 806 618 1790 1010 0 1033 1650 1517 
422 746 1062 810 738 1215 996 877 512 1293 473 840 1040 997 770 1013 1166 1124 0 919 975 
1204 456 1436 1630 565 998 1834 1723 1028 1068 814 1680 1841 1868 1626 864 2029 1950 1017 0 1750 
900 1476 1624 1236 1508 1996 1424 1352 1484 1894 1159 574 1468 1484 1255 1722 1670 1551 923 1619 0 
0 876 1086 566 887 1382 698 671 793 1326 546 869 720 774 561 1120 932 849 358 1049 982 
930 0 1340 1351 123 812 1529 1430 610 894 560 1462 1553 1617 1318 753 1758 1645 818 339 1519 
1086 1338 0 1466 1334 1857 1644 1558 1464 447 1053 1615 1668 1745 1446 760 1907 1773 1117 1394 1672 
551 1259 1511 0 1255 1770 288 444 1241 1751 968 1174 310 849 612 1553 1019 724 757 1451 1322 
903 115 1327 1298 0 857 1476 1406 574 930 537 1429 1500 1593 1294 784 1734 1621 795 429 1486 
1430 824 1877 1884 842 0 2045 1964 1015 1607 1074 1994 2070 2172 1880 1464 2350 2163 1291 866 2070 
693 1406 1624 298 1402 1918 0 487 1392 1872 1095 1324 90 892 655 1665 1063 651 899 1598 1486 
564 1259 1511 507 1255 1770 540 0 1241 1751 968 1174 562 622 385 1553 825 466 758 1451 1322 
1105 710 1675 1499 626 792 1677 1591 0 1354 879 1564 1701 1778 1479 1211 1930 1822 679 987 1621 
1365 1000 427 1745 1066 1692 1898 1836 1243 0 967 1883 1923 2063 1725 396 2196 2101 1320 913 1923 
593 631 939 954 642 1134 1141 1080 780 889 0 1026 1165 1255 941 605 1396 1284 564 789 1154 
838 1331 1595 1141 1327 1845 1319 1249 1309 1837 1067 0 1343 1436 1137 1606 1577 1464 812 1523 564 
716 1434 1660 321 1430 1968 91 510 1414 1904 1143 1342 0 918 678 1701 1070 605 922 1626 1486 
808 1511 1731 811 1507 2039 955 783 1492 2050 1212 1505 979 0 476 1772 661 960 1000 1703 1562 
490 1203 1419 539 1199 1714 671 528 1167 1659 872 1174 693 464 0 1467 759 706 684 1395 1255 
1056 796 756 1556 860 1497 1734 1648 1053 400 631 1614 1758 1853 1536 0 1989 1871 1036 710 1671 
937 1637 1877 939 1633 2125 1109 912 1629 2106 1339 1617 1133 692 819 1893 0 1107 1137 1840 1674 
746 1460 1662 727 1456 1979 597 432 1435 1904 1167 1453 550 804 567 1703 989 0 943 1652 1519 
443 740 1173 803 751 1248 955 912 435 1265 496 852 979 1005 798 1073 1162 1107 0 898 982 
1105 348 1340 1519 456 849 1697 1611 897 894 734 1622 1721 1798 1499 699 1975 1842 963 0 1679 
917 1399 1660 1220 1395 1918 1398 1348 1392 1904 1167 583 1422 1535 1236 1674 1676 1563 891 1591 0 
0 927 1162 588 920 1405 837 679 857 1373 635 943 843 787 563 1117 975 850 399 1046 1038 
1031 0 1288 1447 126 845 1658 1547 733 919 654 1545 1685 1656 1463 742 1889 1751 886 341 1593 
1135 1417 0 1478 1426 2036 1689 1578 1561 436 1094 1626 1716 1687 1494 740 1913 1782 1199 1370 1674 
576 1425 1576 0 1395 2014 440 549 1324 1878 1086 1230 446 878 611 1638 1052 832 844 1572 1336 
959 112 1334 1404 0 880 1615 1504 642 983 596 1486 1642 1613 1420 804 1795 1708 828 445 1534 
1545 848 1983 1995 860 0 2207 2077 1015 1689 1163 2049 2186 2189 1977 1506 2419 2229 1280 942 2130 
708 1553 1693 340 1523 2120 0 546 1481 2048 1227 1392 116 940 706 1766 1142 576 1007 1700 1490 
621 1453 1590 529 1423 2036 626 0 1356 1897 1107 1276 632 675 429 1666 840 456 876 1600 1365 
1077 699 1689 1485 651 822 1696 1585 0 1414 939 1588 1723 1694 1501 1244 1916 1789 644 1001 1636 
1387 1012 447 1755 1068 1724 2047 1873 1269 0 1008 1873 2026 1982 1771 399 2205 2062 1358 937 1961 
633 687 988 1058 681 1181 1269 1113 759 930 0 1132 1296 1223 1012 646 1405 1315 591 827 1184 
836 1425 1590 1146 1395 2014 1357 1249 1324 1897 1107 0 1384 1352 1181 1638 1534 1453 837 1572 600 
726 1579 1717 358 1549 2149 128 564 1503 2064 1231 1392 0 974 724 1792 1142 521 1029 1726 1490 
824 1654 1839 855 1624 2231 1044 797 1589 2088 1319 1464 1071 0 551 1884 629 977 1115 1813 1564 
542 1410 1524 589 1380 2000 835 570 1291 1808 1044 1230 841 524 0 1589 745 741 797 1557 1279 
1120 809 760 1537 863 1483 1748 1637 1061 413 695 1640 1775 1746 1553 0 1992 1842 1083 715 1688 
912 1743 1855 946 1713 2356 1102 882 1673 2145 1367 1566 1129 658 773 1928 0 1099 1199 1889 1674 
765 1609 1738 780 1579 2204 671 469 1529 2064 1253 1404 598 819 573 1816 1007 0 1055 1756 1521 
475 778 1162 891 818 1258 1102 971 458 1295 539 887 1129 1081 840 1039 1255 1220 0 919 997 
1164 418 1288 1578 505 952 1789 1678 889 950 790 1681 1820 1787 1594 745 2037 1865 1024 0 1729 
906 1505 1666 1225 1475 2086 1436 1327 1423 2048 1183 569 1463 1436 1243 1718 1618 1531 949 1652 0 
0 945 1144 645 944 1500 791 703 847 1426 645 978 844 898 627 1237 1089 863 417 1083 1037 
1002 0 1288 1493 126 802 1678 1653 670 941 633 1493 1755 1753 1566 761 1962 1869 853 345 1625 
1157 1465 0 1534 1553 2061 1719 1694 1617 455 1083 1604 1796 1794 1607 782 2006 1952 1179 1405 1736 
582 1479 1505 0 1492 1997 322 455 1232 1787 1045 1207 375 916 643 1606 1132 699 794 1598 1339 
959 114 1342 1468 0 833 1653 1628 607 995 595 1463 1730 1728 1541 797 1940 1842 815 433 1595 
1512 887 1855 1952 838 0 2132 2133 1014 1628 1097 1961 2174 2196 2005 1475 2404 2317 1303 896 2112 
759 1653 1674 337 1666 2136 0 506 1422 2035 1243 1379 121 995 699 1794 1183 601 984 1772 1511 
597 1479 1505 542 1492 1997 599 0 1242 1787 1049 1227 652 740 435 1636 946 430 802 1598 1359 
1091 676 1636 1468 593 753 1653 1628 0 1406 891 1463 1730 1728 1541 1264 1940 1842 600 980 1595 
1469 1214 476 1854 1302 1636 2060 2037 1568 0 970 1918 2102 2111 1917 419 2319 2219 1387 888 2056 
630 672 955 1095 681 1210 1280 1164 804 950 0 1144 1357 1295 1099 680 1516 1378 582 825 1245 
890 1529 1585 1213 1542 2034 1398 1347 1288 1872 1156 0 1475 1447 1260 1705 1668 1561 845 1648 569 
784 1671 1699 362 1684 2167 93 531 1442 2035 1279 1417 0 1013 724 1830 1211 547 1004 1790 1549 
815 1707 1707 863 1720 2214 1002 773 1461 2035 1287 1463 1019 0 506 1838 627 942 1023 1830 1595 
534 1382 1433 634 1395 1916 765 550 1174 1715 1009 1171 794 523 0 1590 964 710 739 1501 1284 
1154 885 782 1602 969 1443 1787 1762 1259 385 670 1615 1825 1906 1675 0 2071 1992 1093 693 1747 
971 1878 1959 1027 1882 2364 1168 939 1629 2210 1475 1612 1245 724 879 2049 0 1166 1191 2050 1744 
753 1634 1647 763 1647 2136 592 461 1403 2035 1238 1379 566 896 591 1767 1079 0 965 1753 1511 
469 795 1144 893 804 1218 1048 946 430 1346 537 939 1125 1130 868 1124 1331 1166 0 940 984 
1223 386 1288 1640 477 887 1834 1800 934 885 801 1653 1869 1920 1713 688 2167 2019 988 0 1785 
949 1593 1674 1297 1606 2106 1482 1462 1362 2035 1220 604 1559 1562 1375 1794 1783 1676 924 1712 0 
0 1194 1473 665 1184 1697 805 786 934 1607 762 844 822 803 599 1343 1002 966 467 1338 1134 
1078 0 1380 1717 125 789 1848 1866 653 997 687 1737 1865 1969 1738 818 2182 2070 793 323 1893 
1286 1263 0 1817 1348 1926 1945 1988 1570 400 1052 1692 1962 2092 1844 726 2319 2132 1342 1228 1778 
599 1686 2038 0 1694 2065 284 525 1320 2238 1392 1174 301 809 621 1987 1031 812 1025 1813 1470 
1078 118 1425 1717 0 766 1848 1866 577 1042 687 1737 1865 1969 1738 885 2182 2070 810 403 1893 
1647 856 1955 2268 835 0 2395 2335 1015 1548 1278 2305 2412 2446 2203 1403 2654 2490 1291 813 2617 
773 1912 2207 328 1903 2245 0 608 1523 2387 1583 1362 85 968 748 2224 1148 600 1183 2037 1618 
589 1700 2038 551 1708 2081 565 0 1334 2238 1373 1199 582 628 401 1987 811 455 1000 1832 1470 
1120 714 2038 1715 625 751 1848 1768 0 1629 1121 1798 1865 1840 1615 1495 2071 1911 648 942 1979 
1406 1136 430 2007 1226 1570 2134 2180 1528 0 943 1964 2151 2284 2041 383 2499 2335 1362 860 2162 
630 761 1138 1293 786 1492 1415 1333 968 950 0 1223 1432 1387 1180 678 1567 1519 589 875 1290 
886 1650 1959 1257 1658 2111 1379 1386 1359 2125 1320 0 1396 1440 1233 1935 1620 1572 935 1775 663 
809 1951 2224 364 1941 2338 104 644 1594 2417 1610 1386 0 981 784 2276 1233 555 1216 2082 1643 
917 2064 2306 923 2061 2422 1057 943 1688 2499 1673 1491 1074 0 536 2382 648 1114 1341 2223 1773 
575 1650 2038 592 1658 2065 732 668 1320 2236 1351 1184 749 459 0 1942 754 843 935 1775 1470 
1152 836 760 1786 915 1405 1918 1949 1149 397 668 1782 1935 2043 1813 0 2248 2123 1102 691 2079 
1347 2408 2583 1355 2398 2819 1467 1316 2091 2867 2026 1945 1468 968 1180 2700 0 1502 1737 2595 2323 
769 1912 2207 785 1900 2306 640 488 1563 2347 1542 1384 622 808 581 2224 1010 0 1177 2037 1597 
510 830 1305 1153 807 1306 1275 1228 517 1472 637 1021 1292 1280 1082 1220 1460 1414 0 996 1122 
1152 359 1313 1786 455 763 1918 1949 803 908 747 1782 1935 2043 1813 724 2248 2123 853 0 2079 
972 1650 2038 1370 1658 2111 1492 1568 1359 2215 1373 520 1509 1622 1398 1987 1826 1754 935 1775 0 
0 918 1138 565 939 1392 697 650 747 1287 579 771 714 825 547 1023 934 859 362 1093 911 
849 0 1206 1287 109 633 1419 1447 533 824 509 1333 1436 1466 1275 595 1638 1575 665 270 1409 
1133 1197 0 1491 1279 1764 1623 1657 1497 403 959 1530 1640 1676 1485 658 1848 1785 1185 1184 1606 
511 1286 1469 0 1294 1719 264 387 1148 1693 967 1116 281 808 541 1464 932 687 763 1433 1267 
826 108 1281 1260 0 662 1392 1431 480 908 486 1333 1409 1450 1259 672 1622 1559 647 354 1409 
1235 662 1652 1665 681 0 1797 1835 882 1362 890 1678 1820 1865 1659 1136 2020 1961 1066 691 1754 
637 1398 1557 264 1406 1835 0 415 1277 1781 1113 1199 85 870 569 1569 977 557 889 1545 1364 
562 1299 1469 447 1307 1732 475 0 1196 1693 988 1162 492 695 394 1475 817 423 784 1446 1267 
893 574 1501 1340 506 690 1472 1499 0 1269 723 1370 1489 1518 1327 1043 1690 1627 554 780 1446 
1260 886 402 1655 977 1374 1787 1821 1217 0 826 1694 1808 1865 1649 328 2009 1921 1239 740 1770 
569 587 993 1022 640 1156 1154 1144 777 841 0 1023 1171 1180 973 548 1352 1265 542 769 1108 
745 1299 1469 1083 1307 1732 1215 1261 1161 1693 994 0 1232 1276 1145 1408 1448 1389 745 1446 471 
654 1398 1582 281 1406 1835 85 432 1301 1808 1113 1216 0 887 586 1594 997 512 928 1545 1409 
772 1491 1669 783 1499 1925 851 747 1421 1967 1206 1347 868 0 483 1681 579 969 1010 1638 1446 
449 1233 1383 503 1241 1666 593 489 1086 1607 871 1045 610 493 0 1338 708 698 671 1380 1125 
1009 604 693 1483 689 1130 1615 1649 934 328 586 1479 1632 1668 1477 0 1848 1777 968 496 1555 
1017 1721 1959 1035 1729 2160 1097 976 1664 2183 1436 1576 1114 815 931 1918 0 1203 1253 1881 1710 
702 1416 1618 641 1424 1849 462 424 1340 1872 1131 1268 417 835 534 1630 948 0 929 1563 1409 
386 630 1218 848 653 1102 982 921 411 1167 461 807 999 1013 812 879 1221 1133 0 810 891 
973 263 1206 1404 348 693 1536 1570 728 765 626 1463 1553 1589 1398 521 1761 1698 747 0 1539 
912 1463 1644 1226 1471 1898 1358 1421 1339 1888 1178 527 1375 1440 1249 1656 1612 1549 928 1610 0 
0 770 985 501 761 1149 633 609 747 1209 488 765 650 692 493 919 880 734 345 913 971 
798 0 1206 1209 109 633 1341 1285 533 779 464 1278 1358 1368 1183 546 1569 1420 621 263 1362 
1063 1171 0 1404 1256 1687 1536 1476 1419 394 939 1515 1553 1559 1374 636 1760 1611 1117 1112 1599 
471 1174 1375 0 1175 1563 264 374 1114 1599 840 1045 281 699 458 1331 887 580 701 1315 1177 
775 108 1163 1188 0 662 1320 1263 480 856 441 1251 1337 1346 1161 623 1547 1398 598 347 1335 
1232 636 1645 1646 660 0 1778 1718 836 1314 896 1671 1795 1806 1616 1078 2009 1855 1060 691 1755 
597 1317 1512 264 1318 1706 0 402 1240 1736 968 1174 85 766 572 1447 954 462 827 1458 1300 
513 1198 1401 374 1199 1587 402 0 1146 1625 858 1108 419 557 363 1341 745 412 719 1339 1212 
887 573 1461 1296 506 633 1428 1373 0 1200 707 1329 1445 1456 1271 961 1657 1508 551 780 1413 
1186 811 394 1617 896 1326 1749 1689 1047 0 817 1625 1766 1772 1587 328 1973 1842 1072 752 1709 
528 519 879 869 510 895 1018 968 623 803 0 963 1035 1041 848 514 1243 1126 474 660 1079 
734 1203 1461 1035 1204 1592 1167 1153 1138 1621 895 0 1184 1226 1042 1332 1427 1288 715 1344 471 
614 1321 1517 281 1322 1710 85 419 1259 1741 991 1184 0 783 589 1456 977 417 844 1462 1335 
717 1409 1611 706 1410 1798 820 703 1344 1850 1068 1286 837 0 445 1551 544 828 923 1550 1407 
443 1116 1323 457 1102 1493 589 495 1063 1547 788 1045 606 466 0 1281 661 620 649 1261 1125 
897 567 636 1331 652 1076 1463 1403 803 328 528 1360 1480 1486 1301 0 1687 1538 822 508 1444 
819 1503 1699 819 1504 1902 934 805 1452 1931 1165 1383 941 558 661 1639 0 942 1031 1644 1501 
684 1373 1562 593 1374 1762 462 407 1321 1786 1034 1249 417 728 534 1502 916 0 890 1514 1362 
376 608 1059 754 633 1025 886 849 411 1116 443 791 908 946 733 788 1125 990 0 749 917 
989 268 1206 1401 353 693 1533 1473 743 753 648 1458 1550 1556 1371 509 1757 1608 762 0 1542 
814 1314 1512 1111 1315 1703 1243 1207 1220 1730 991 479 1260 1293 1108 1441 1494 1342 795 1455 0 
