23
5
10800
0
997
902
1080
1317
1270
1097
1397
1179
1442
1284
1303
1174
1324
1183
936
1172
1339
919
1268
1052
921
1496
0 1036 802 783 434 1155 781 1384 1265 1255 909 751 1067 1047 827 758 679 1304 1051 1271 415 1228 1113 
999 0 1284 489 856 1671 1263 1856 1765 1739 1395 1254 1565 1530 1330 1261 775 1832 1549 1739 1087 1709 147 
841 1493 0 1167 782 871 254 727 975 779 626 58 771 750 51 112 1024 1041 309 691 985 496 1570 
759 489 1055 0 620 1399 1029 1622 1493 1503 1159 1027 1293 1294 1103 1034 539 1533 1320 1509 801 1479 566 
474 858 715 608 0 1063 694 1268 1161 1175 822 690 970 958 766 697 412 1203 980 1170 516 1125 941 
1104 1740 819 1408 1042 0 798 1412 227 1282 985 863 382 1099 870 926 1265 312 1090 1299 1219 1251 1824 
810 1371 254 1094 740 811 0 636 917 538 461 298 711 585 305 361 949 954 490 550 948 508 1448 
1447 2106 729 1758 1417 1505 827 0 1599 967 932 741 1399 1052 689 717 1626 1639 523 733 1593 363 2154 
1204 1835 918 1515 1134 216 896 1500 0 1375 1077 962 598 1212 969 1025 1343 85 1190 1387 1310 1351 1912 
1309 1994 868 1620 1279 1323 755 988 1417 0 614 915 1140 399 856 941 1488 1457 866 486 1455 860 2042 
898 1493 611 1190 828 1001 431 894 1052 589 0 655 650 396 662 718 1038 1137 839 808 1019 766 1570 
783 1358 58 1051 724 915 298 736 1024 823 670 0 815 794 84 63 936 1067 318 740 900 505 1435 
1080 1717 805 1390 1042 392 784 1361 598 1114 649 849 0 875 856 919 1243 683 1076 1248 1219 1218 1794 
1085 1717 798 1396 1017 1155 618 1113 1254 372 385 842 875 0 849 905 1243 1277 1028 671 1219 957 1794 
859 1493 51 1176 800 925 305 688 1024 830 677 84 822 801 0 69 1038 1067 270 656 985 457 1570 
792 1361 117 1060 733 1001 359 711 1087 884 731 61 876 855 71 0 942 1145 293 727 914 480 1438 
712 827 1055 577 412 1407 1029 1622 1501 1508 1165 1000 1301 1300 1076 1007 0 1541 1298 1509 859 1479 910 
1250 1968 997 1561 1205 301 969 1573 85 1448 1132 1041 683 1267 1048 1104 1414 0 1262 1460 1381 1423 2016 
1176 1817 397 1487 1120 1221 527 418 1300 817 837 409 1105 964 357 385 1329 1331 0 584 1296 187 1894 
1692 2350 1049 2003 1662 1740 1029 1145 1839 632 1170 1098 1634 845 1014 1083 1888 1877 1021 0 1848 932 2398 
416 1159 997 872 523 1369 976 1565 1463 1455 1130 974 1263 1267 1048 981 768 1503 1262 1452 0 1422 1236 
1243 1950 462 1554 1188 1295 552 374 1389 837 797 474 1164 949 422 450 1397 1429 256 604 1364 0 2014 
1073 147 1372 566 936 1721 1351 1939 1817 1832 1483 1340 1615 1618 1416 1347 852 1877 1637 1827 1124 1797 0 
0 1359 1018 1038 594 1335 956 1648 1501 1528 1066 993 1206 1243 1073 1001 918 1586 1397 1451 592 1464 1460 
1235 0 1566 695 1088 1904 1483 2122 2025 2099 1575 1559 1766 1752 1621 1567 988 2110 1912 1979 1195 1972 265 
988 1651 0 1383 955 1006 357 917 1206 983 760 61 873 908 57 116 1257 1291 449 830 1105 562 1752 
928 662 1295 0 779 1546 1212 1847 1712 1746 1284 1307 1439 1461 1350 1315 700 1797 1673 1678 985 1691 773 
592 1162 865 790 0 1135 799 1509 1285 1361 940 926 993 1076 922 880 611 1370 1182 1312 620 1256 1263 
1336 1911 1127 1629 1251 0 1038 1743 255 1645 1172 1184 648 1360 1182 1243 1522 340 1505 1546 1398 1559 1984 
928 1558 430 1290 868 887 0 791 1136 708 630 479 790 771 448 519 1147 1221 689 641 1027 654 1659 
1878 2455 980 2143 1758 1821 1115 0 1958 1284 1164 1020 1701 1341 943 957 2099 2043 700 964 1919 463 2528 
1568 2216 1322 1870 1500 271 1239 1910 0 1856 1381 1379 886 1558 1377 1438 1771 85 1700 1747 1647 1760 2289 
1623 2240 1156 1922 1529 1582 980 1311 1748 0 823 1213 1380 625 1163 1250 1800 1843 1176 671 1676 1127 2313 
1104 1662 830 1394 1023 1135 664 1174 1279 806 0 879 758 528 883 952 1287 1364 1114 964 1129 986 1763 
1053 1651 64 1383 983 1046 406 966 1220 1056 809 0 942 958 93 66 1276 1305 485 866 1129 598 1752 
1222 1791 1014 1523 1166 486 921 1629 718 1338 729 1071 0 996 1066 1130 1416 803 1338 1432 1288 1412 1894 
1336 1911 1063 1629 1251 1376 921 1421 1542 570 648 1120 1140 0 1118 1179 1522 1627 1368 1038 1398 1237 1984 
1117 1688 84 1420 1037 1062 440 860 1268 1084 843 96 970 996 0 92 1313 1353 392 788 1175 520 1789 
1124 1666 132 1398 1030 1135 488 966 1296 1134 891 112 1030 1064 99 0 1291 1381 433 872 1162 601 1767 
928 1100 1295 653 532 1546 1212 1847 1712 1746 1284 1307 1439 1461 1350 1315 0 1797 1673 1678 956 1691 1178 
1648 2286 1354 1962 1580 367 1271 1933 96 1886 1413 1411 942 1590 1409 1470 1914 0 1732 1779 1727 1792 2359 
1425 2035 553 1709 1331 1420 676 529 1586 1123 1034 545 1313 1213 503 536 1602 1671 0 768 1478 189 2108 
1791 2455 1124 2143 1697 1767 1063 1206 1931 767 1145 1188 1660 1194 1090 1177 2023 2016 1097 0 1848 1040 2528 
525 1392 1172 1062 620 1453 1101 1774 1619 1645 1183 1212 1346 1360 1227 1220 932 1704 1550 1577 0 1590 1493 
1536 2147 631 1834 1442 1502 754 477 1668 1101 993 623 1395 1153 581 614 1713 1753 344 774 1589 0 2220 
1280 208 1634 742 1135 1944 1551 2175 2077 2155 1643 1627 1842 1852 1689 1635 1042 2162 1968 2050 1240 2043 0 
0 1239 929 942 515 1253 863 1467 1421 1444 1000 951 1160 1164 996 963 773 1506 1233 1372 492 1356 1297 
1186 0 1493 646 1042 1782 1420 2025 1981 2009 1544 1487 1694 1693 1541 1494 966 2066 1780 1922 1178 1904 206 
1022 1670 0 1328 930 1001 430 838 1204 1099 775 58 942 874 57 120 1174 1244 382 875 1124 576 1728 
864 663 1189 0 693 1470 1088 1695 1637 1662 1221 1194 1382 1370 1248 1201 646 1722 1449 1600 835 1584 775 
596 984 758 737 0 1070 699 1303 1253 1309 855 786 987 958 815 811 441 1283 1042 1216 510 1192 1047 
1134 1817 887 1468 1120 0 828 1440 290 1415 1003 915 382 1164 968 978 1311 375 1186 1345 1240 1329 1870 
849 1498 330 1156 772 837 0 713 1018 707 564 358 752 675 387 421 1038 1041 579 592 956 563 1556 
1696 2403 908 2104 1592 1690 1078 0 1864 1218 1095 915 1594 1244 853 852 1842 1949 564 891 1772 399 2487 
1320 1993 1110 1650 1245 228 1011 1625 0 1585 1181 1120 610 1330 1172 1183 1493 85 1370 1530 1425 1514 2077 
1485 2140 1089 1786 1381 1447 886 1151 1614 0 814 1099 1340 500 1126 1162 1629 1699 1031 665 1561 1031 2224 
963 1549 681 1207 864 1001 524 976 1204 862 0 709 707 440 738 772 1101 1244 946 859 1087 830 1607 
1049 1670 69 1328 935 1047 481 879 1252 1153 826 0 970 949 98 63 1200 1283 423 916 1124 617 1728 
1134 1817 888 1468 1120 405 829 1440 674 1320 675 916 0 958 968 979 1311 759 1186 1345 1240 1329 1870 
1215 1878 929 1509 1120 1225 765 1221 1394 562 496 951 982 0 996 1014 1352 1479 1168 916 1284 1104 1962 
1086 1670 57 1328 965 1055 464 781 1252 1153 828 85 970 949 0 87 1228 1283 325 830 1149 519 1728 
1014 1554 139 1212 871 1120 551 856 1307 1188 896 70 1070 1015 150 0 1101 1378 400 927 1087 594 1612 
805 946 1216 688 462 1513 1116 1729 1680 1690 1255 1221 1425 1404 1275 1228 0 1765 1476 1634 879 1618 1006 
1333 2070 1128 1694 1300 313 1026 1640 85 1600 1202 1138 695 1351 1190 1201 1530 0 1388 1545 1480 1529 2154 
1384 2070 545 1688 1283 1371 702 456 1538 1022 966 555 1283 1090 494 493 1531 1623 0 683 1463 194 2154 
1667 2314 1116 2041 1563 1659 1081 1096 1829 774 1066 1155 1570 1108 1063 1154 1812 1914 968 0 1743 952 2398 
558 1308 1189 1000 602 1470 1088 1683 1637 1658 1209 1194 1382 1358 1248 1201 860 1722 1449 1588 0 1572 1366 
1460 2108 613 1761 1356 1418 775 420 1585 1077 958 623 1330 1080 562 561 1604 1670 273 724 1536 0 2192 
1278 220 1589 772 1129 1915 1516 2124 2103 2106 1640 1583 1790 1789 1637 1590 1046 2140 1872 2040 1270 1999 0 
0 1322 1019 1037 539 1257 937 1678 1431 1638 1098 1036 1212 1224 1069 1086 847 1445 1278 1565 509 1410 1399 
1276 0 1542 661 1074 1811 1493 2206 2002 2094 1644 1551 1760 1770 1592 1560 949 2100 1794 2125 1218 1956 187 
1110 1697 0 1401 962 1005 428 873 1202 1177 788 61 942 921 82 124 1292 1243 423 926 1150 589 1774 
977 580 1273 0 774 1529 1224 1944 1703 1881 1345 1290 1481 1471 1323 1306 664 1717 1525 1863 914 1657 681 
609 1186 798 885 0 1124 764 1491 1293 1465 940 839 1014 1058 879 921 500 1307 1091 1410 562 1223 1263 
1241 1897 916 1565 1160 0 876 1606 301 1588 1098 957 462 1224 970 1022 1456 417 1206 1515 1350 1338 1948 
937 1584 383 1288 828 864 0 843 1035 726 620 424 771 742 464 498 1194 1049 611 666 1034 712 1661 
1727 2388 865 2142 1692 1674 1049 0 1865 1292 1178 904 1626 1304 823 902 1995 1901 606 875 1885 405 2425 
1409 2022 1128 1748 1343 269 1083 1780 0 1780 1266 1145 731 1392 1178 1210 1639 116 1380 1707 1533 1512 2059 
1594 2227 1148 1982 1559 1539 1036 1386 1713 0 861 1165 1408 618 1198 1230 1865 1727 1309 622 1749 1220 2264 
1110 1701 766 1405 981 1059 650 1145 1270 878 0 807 771 475 847 881 1296 1284 1053 960 1189 983 1778 
1134 1725 73 1429 1017 1051 481 888 1270 1224 841 0 970 977 97 74 1320 1284 438 960 1218 604 1810 
1283 1989 1019 1620 1215 408 937 1646 676 1554 850 1036 0 1086 1069 1101 1511 792 1246 1565 1405 1378 2026 
1283 1897 1019 1585 1180 1250 841 1348 1425 552 470 1036 1075 0 1069 1101 1476 1439 1245 960 1370 1182 1948 
1163 1764 83 1468 1049 1074 504 810 1270 1257 865 98 987 1003 0 99 1359 1284 384 851 1261 526 1841 
1158 1725 163 1429 1017 1156 571 840 1342 1309 940 90 1091 1058 150 0 1320 1356 390 895 1218 556 1810 
868 943 1273 661 483 1529 1224 1944 1703 1881 1345 1290 1481 1471 1323 1299 0 1717 1525 1863 914 1657 1036 
1453 2084 1167 1792 1387 354 1138 1836 85 1833 1314 1184 803 1440 1217 1249 1683 0 1419 1762 1577 1551 2121 
1374 1989 490 1680 1275 1294 651 471 1468 1088 996 526 1250 1140 448 527 1571 1482 0 670 1465 187 2026 
2178 2811 1486 2554 2159 2156 1445 1545 2307 821 1523 1497 2059 1216 1435 1496 2370 2370 1371 0 2321 1341 2856 
563 1392 1167 1116 606 1460 1119 1836 1634 1815 1266 1184 1412 1392 1217 1209 926 1648 1419 1743 0 1551 1469 
1473 2131 590 1858 1438 1414 751 460 1588 1130 995 626 1366 1140 548 627 1734 1602 331 715 1628 0 2168 
1344 189 1618 743 1141 1902 1569 2280 2079 2191 1720 1627 1842 1858 1668 1636 1059 2177 1865 2229 1286 2017 0 
0 1086 839 868 442 1215 887 1472 1320 1413 991 781 1117 1106 857 788 771 1370 1084 1400 427 1271 1163 
1189 0 1534 490 1080 1901 1505 2140 1952 2057 1627 1479 1747 1750 1563 1486 999 2037 1785 2046 1223 1970 147 
920 1436 0 1183 837 1001 288 727 1087 890 696 58 854 879 51 112 1105 1145 309 762 1019 496 1513 
817 521 1140 0 721 1472 1122 1718 1577 1662 1237 1085 1377 1360 1169 1092 651 1625 1391 1646 855 1578 598 
466 891 720 697 0 1055 738 1375 1161 1233 819 662 970 1005 738 669 478 1203 964 1317 504 1144 973 
1164 1680 873 1427 1120 0 877 1490 227 1371 1012 921 382 1138 930 984 1341 312 1125 1418 1278 1286 1757 
879 1409 276 1156 780 845 0 840 943 602 548 320 742 731 327 383 1050 985 490 748 956 547 1486 
1536 2055 735 1791 1464 1551 899 0 1656 1023 1003 747 1456 1138 695 723 1705 1704 529 827 1647 369 2132 
1260 1800 1021 1547 1220 216 969 1636 0 1581 1158 1054 598 1281 1072 1115 1461 85 1268 1564 1403 1429 1878 
1415 1936 921 1673 1346 1428 873 1073 1533 0 711 967 1320 447 880 950 1587 1581 890 486 1529 896 2013 
997 1459 658 1206 871 1001 501 1099 1096 678 0 702 658 459 709 765 1150 1145 915 1035 1087 943 1536 
860 1409 58 1156 779 1001 332 736 1097 939 740 0 898 949 84 63 1045 1145 318 811 956 505 1486 
1164 1667 870 1414 1120 392 874 1472 598 1268 691 915 0 944 930 978 1328 683 1125 1400 1278 1286 1744 
1204 1700 900 1447 1120 1243 743 1305 1348 427 448 947 900 0 951 1010 1361 1397 1148 735 1303 1200 1777 
947 1454 51 1201 855 1041 339 688 1122 915 747 84 942 949 0 69 1128 1145 270 727 1087 457 1531 
869 1409 117 1156 788 1062 393 711 1161 993 801 61 970 999 71 0 1056 1203 293 798 985 480 1486 
763 797 1140 603 464 1451 1091 1706 1556 1650 1225 1085 1356 1348 1169 1092 0 1604 1391 1634 841 1558 874 
1276 1817 1066 1557 1230 301 985 1646 85 1590 1165 1099 683 1288 1117 1160 1471 0 1313 1574 1413 1474 1894 
1229 1759 397 1506 1179 1243 545 418 1348 838 872 409 1145 1011 357 385 1420 1397 0 651 1362 187 1841 
1743 2306 1057 2141 1674 1743 1045 1147 1849 637 1210 1104 1648 936 1020 1089 1957 1897 1032 0 1885 943 2383 
430 1185 1049 986 549 1386 1017 1636 1491 1581 1158 994 1291 1281 1078 1001 878 1539 1300 1564 0 1487 1262 
1291 1817 462 1557 1230 1312 592 382 1417 861 838 474 1214 1005 422 450 1471 1465 256 674 1413 0 1894 
1273 147 1599 567 1174 1941 1570 2209 2032 2135 1692 1544 1842 1849 1628 1551 1041 2103 1852 2117 1307 2033 0 
