25
5
10800
0
997
902
1080
1317
1270
1097
1397
1179
1442
1284
1303
1174
1324
1183
936
1172
1339
919
1268
1052
921
1496
912
1194
0 1019 354 848 1001 1463 550 992 324 475 914 795 287 566 309 753 553 699 624 665 362 1248 395 931 265 
1089 0 838 1641 1787 2192 1355 1779 945 1232 1704 1615 1095 1323 853 1546 1358 1261 1417 1458 993 1961 1188 208 999 
537 887 0 1104 1250 1289 791 1241 222 685 1166 1066 446 776 107 1008 794 530 865 920 448 1084 636 787 276 
980 1866 1321 0 366 2512 781 924 1304 984 403 1103 1118 839 1272 451 673 1630 612 539 981 2306 820 1763 1245 
1065 1919 1344 375 0 2512 1076 1207 1352 1275 369 1370 1352 1129 1295 465 968 1653 656 498 1026 2306 1043 1831 1330 
1607 2079 1299 2149 2295 0 1858 2291 1192 1698 2231 2105 1411 1850 1304 2073 1861 1174 1935 1985 1475 617 1691 1961 1239 
552 1463 890 663 809 2108 0 593 876 315 786 409 587 212 841 734 118 1212 694 735 542 1814 398 1363 817 
929 1812 1272 916 1126 2427 647 0 1253 845 1086 502 1118 762 1223 1044 541 1581 1020 1097 914 2221 768 1712 1194 
598 1075 293 1168 1314 1105 833 1267 0 718 1201 1103 431 837 298 1043 836 457 926 955 467 929 678 998 261 
551 1266 733 755 903 1816 337 830 588 0 878 561 289 265 690 826 411 972 808 887 617 1599 500 1163 529 
800 1685 1157 403 387 2317 881 1148 1126 1000 0 1154 1089 858 1111 158 844 1469 349 246 771 2111 731 1585 1067 
729 1609 1071 840 991 2261 454 457 1056 557 964 0 829 569 1022 913 348 1388 871 920 719 2031 575 1509 1004 
444 1171 444 971 1126 1463 614 1108 299 291 1086 838 0 485 449 943 688 677 797 838 510 1248 493 1026 240 
487 1338 819 599 745 1955 203 760 771 274 722 576 472 0 770 670 258 1133 652 731 538 1739 394 1239 712 
532 882 107 1084 1230 1329 786 1218 259 680 1157 1066 483 771 0 1008 789 567 860 920 433 1131 631 782 313 
642 1537 997 454 483 2192 797 1098 971 920 158 1066 951 777 953 0 763 1325 268 88 613 1965 642 1437 911 
459 1338 797 570 716 1931 126 606 783 393 693 422 651 267 748 641 0 1107 601 642 449 1714 305 1239 724 
843 1311 537 1396 1542 1289 1110 1534 426 941 1455 1370 650 1084 542 1297 1113 0 1184 1209 712 1084 938 1204 474 
527 1421 881 614 673 2108 682 1031 851 824 348 932 814 683 836 262 669 1198 0 174 531 1814 527 1321 792 
554 1463 912 542 516 2120 709 1098 878 894 246 956 841 753 863 88 712 1229 181 0 525 1829 554 1363 819 
238 1011 434 770 917 1517 472 903 443 622 775 717 504 516 385 617 475 744 520 529 0 1302 317 900 498 
1438 1911 1130 1975 2121 620 1689 2117 1045 1551 2046 1948 1264 1677 1135 1888 1692 1086 1766 1793 1306 0 1522 1789 1099 
372 1266 726 609 755 1889 311 740 696 496 731 556 488 355 681 657 314 1049 550 604 411 1672 0 1152 637 
957 227 719 1517 1663 1987 1231 1655 825 1106 1580 1491 973 1198 734 1422 1234 1133 1293 1334 868 1759 1064 0 879 
481 1075 285 1043 1189 1289 735 1171 140 528 1101 981 241 722 290 943 738 477 809 850 460 1084 580 944 0 
0 1307 466 986 1180 1764 655 1246 389 568 1150 944 467 689 345 954 674 760 827 804 515 1521 444 1107 343 
1435 0 1157 2016 2231 2549 1712 2339 1264 1689 2220 2013 1495 1737 1218 2072 1761 1611 1910 1948 1368 2273 1543 289 1373 
653 1063 0 1221 1447 1594 929 1506 238 784 1396 1226 603 911 117 1229 992 556 1065 1117 569 1351 713 906 340 
1031 2077 1432 0 498 2691 916 1288 1421 1127 591 1226 1294 890 1354 710 943 1778 844 845 1049 2415 836 1928 1344 
1072 2118 1477 439 0 2732 976 1472 1466 1178 428 1274 1343 945 1399 578 1022 1834 862 682 1115 2462 899 1969 1385 
1747 2309 1405 2294 2509 0 1998 2583 1285 2007 2498 2257 1645 2092 1447 2338 2020 1403 2173 2214 1630 880 1858 2160 1394 
680 1812 1098 793 972 2344 0 825 1077 481 1016 492 860 300 1020 1005 143 1434 945 949 728 2076 506 1606 999 
1257 2309 1662 1256 1545 2954 895 0 1651 1135 1494 652 1492 1068 1584 1485 757 2036 1512 1570 1295 2661 1112 2160 1570 
750 1311 336 1320 1546 1440 1004 1585 0 872 1495 1305 610 988 340 1300 1053 481 1158 1188 616 1179 796 1121 339 
733 1626 933 986 1185 2142 425 1156 831 0 1150 655 402 380 876 1141 541 1234 1146 1191 864 1872 712 1426 754 
1048 2083 1453 552 450 2710 985 1483 1442 1182 0 1305 1347 945 1375 207 1034 1799 513 343 1049 2436 922 1934 1361 
929 1982 1316 1034 1260 2576 571 603 1305 676 1212 0 1035 650 1238 1203 433 1662 1158 1191 963 2300 743 1847 1242 
631 1459 603 1199 1425 1793 788 1480 429 439 1374 1116 0 683 607 1229 898 840 1065 1117 742 1550 669 1259 352 
715 1757 1038 761 941 2271 310 1106 1001 401 1005 653 658 0 983 954 389 1359 945 1026 763 2005 541 1557 997 
659 1087 165 1250 1476 1658 934 1531 340 821 1425 1251 687 935 0 1229 992 658 1065 1117 586 1415 719 951 442 
827 1919 1240 654 613 2522 979 1467 1229 1178 242 1279 1264 945 1159 0 1023 1586 359 136 914 2246 827 1759 1145 
566 1704 987 679 879 2265 169 864 961 556 884 531 908 361 911 860 0 1272 861 838 614 1921 392 1504 913 
984 1549 596 1545 1771 1609 1237 1824 464 1159 1720 1536 829 1259 600 1544 1286 0 1422 1432 863 1366 1068 1349 561 
679 1812 1108 805 852 2344 929 1438 1077 1143 481 1226 1106 911 1018 353 961 1434 0 225 811 2076 713 1606 999 
691 1866 1112 801 639 2383 949 1529 1096 1191 389 1251 1132 950 1033 147 992 1462 279 0 775 2097 725 1639 1005 
352 1377 630 916 1124 1847 610 1202 578 869 1087 881 800 644 538 798 629 870 752 651 0 1590 399 1177 684 
1677 2230 1335 2236 2451 939 1944 2529 1215 1922 2440 2203 1575 2009 1377 2252 1966 1361 2112 2135 1560 0 1763 2081 1324 
455 1566 867 691 891 2052 391 997 844 650 896 662 751 425 800 835 410 1168 746 734 474 1814 0 1366 798 
1302 257 1003 1888 2093 2417 1579 2185 1110 1556 2067 1868 1362 1604 1064 1924 1628 1457 1758 1784 1235 2113 1410 0 1219 
629 1311 354 1199 1425 1601 900 1480 180 794 1374 1200 361 929 358 1166 937 551 1038 1054 624 1358 689 1121 0 
0 1101 432 916 1115 1593 595 1168 400 549 1086 890 395 636 323 1034 613 758 800 896 464 1349 455 1044 296 
1148 0 897 1741 1908 2279 1433 2018 992 1336 1907 1685 1222 1489 940 1765 1454 1321 1623 1631 1120 2029 1280 230 1103 
601 977 0 1198 1374 1411 873 1500 242 797 1345 1157 562 940 164 1264 891 560 1125 1178 549 1204 733 934 338 
980 2001 1349 0 438 2612 853 1186 1328 1033 525 1122 1293 816 1263 666 849 1666 805 799 1051 2378 826 1854 1286 
1076 2101 1443 465 0 2674 944 1469 1422 1098 437 1204 1368 898 1357 578 935 1760 832 616 1116 2440 922 1999 1382 
1758 2287 1440 2360 2530 0 2058 2680 1355 1956 2524 2337 1648 2125 1459 2339 2080 1459 2209 2231 1688 802 1898 2250 1466 
692 1704 1050 778 970 2279 0 790 1031 336 914 542 746 278 960 1011 185 1369 989 1032 729 2067 540 1570 985 
1199 2218 1590 1155 1374 2821 878 0 1569 1134 1345 724 1535 1094 1504 1396 755 1947 1401 1481 1238 2588 1085 2125 1505 
623 1212 326 1205 1381 1284 886 1500 0 819 1352 1157 545 952 354 1236 907 467 1125 1137 526 1080 746 1085 320 
703 1513 881 953 1137 2087 405 1059 889 0 1092 594 425 323 801 1205 511 1202 1149 1233 819 1843 680 1379 769 
980 2001 1379 468 445 2612 864 1393 1360 1041 0 1157 1304 827 1293 185 860 1698 453 318 1022 2378 837 1854 1286 
897 1919 1274 991 1178 2499 565 597 1253 623 1121 0 1034 677 1188 1205 442 1591 1181 1233 973 2265 745 1780 1203 
626 1412 642 1182 1358 1724 799 1475 468 416 1329 978 0 667 639 1307 907 867 1125 1180 728 1480 715 1292 344 
660 1581 923 693 878 2189 256 990 946 309 823 618 634 0 854 907 345 1249 889 987 697 1914 508 1447 920 
592 966 156 1182 1358 1476 864 1500 306 788 1329 1157 626 905 0 1211 882 624 1112 1130 508 1260 724 909 402 
791 1866 1205 623 600 2447 929 1450 1176 1082 195 1204 1190 881 1119 0 907 1522 350 133 778 2213 805 1685 1101 
569 1581 918 655 840 2189 172 803 925 468 785 555 878 350 836 864 0 1231 838 897 606 1898 417 1447 865 
929 1493 612 1486 1662 1476 1178 1773 480 1084 1633 1430 800 1234 640 1529 1199 0 1399 1401 805 1260 1025 1359 532 
614 1657 1021 798 854 2279 795 1410 1016 1033 533 1068 1015 814 940 354 813 1336 0 233 663 2029 655 1523 911 
658 1690 1063 743 621 2317 839 1465 1046 1082 316 1122 1070 880 977 121 857 1412 249 0 645 2086 699 1556 954 
310 1075 490 832 1038 1635 520 1124 487 779 907 815 625 561 399 711 538 789 599 590 0 1391 380 1019 591 
1612 2174 1294 2209 2379 765 1871 2483 1209 1798 2373 2140 1502 1975 1313 2182 1895 1343 2059 2053 1542 0 1728 2105 1320 
471 1493 862 678 863 2087 366 924 859 651 808 661 626 407 771 887 384 1167 737 831 450 1829 0 1359 767 
1077 239 837 1670 1857 2202 1362 1941 942 1279 1822 1614 1165 1418 876 1694 1383 1272 1552 1560 1061 1996 1209 0 1052 
558 1212 380 1182 1358 1476 830 1445 206 776 1329 1102 364 871 408 1269 848 536 1079 1150 586 1260 690 1187 0 
0 1221 474 979 1124 1718 706 1264 419 547 1138 1039 400 709 367 993 711 841 811 830 491 1505 493 1101 327 
1269 0 964 1955 2126 2277 1665 2280 1093 1445 2101 1928 1273 1539 998 1931 1687 1413 1754 1784 1284 2085 1440 247 1156 
628 1007 0 1272 1450 1508 994 1585 240 799 1447 1339 616 935 160 1340 1030 590 1143 1191 611 1300 791 906 331 
1339 2445 1727 0 428 2952 1148 1185 1751 1322 511 1564 1554 1105 1694 619 1002 2083 828 751 1331 2778 1137 2280 1722 
1304 2365 1633 492 0 2777 1471 1461 1609 1603 433 1818 1716 1386 1552 594 1348 1944 861 609 1283 2612 1386 2176 1686 
1777 2351 1377 2461 2632 0 2218 2834 1307 1923 2592 2467 1621 2087 1393 2434 2177 1447 2222 2303 1716 729 1974 2175 1370 
722 1653 1089 825 963 2320 0 773 1115 362 996 508 748 312 1044 1039 148 1439 1023 1040 735 2141 616 1578 1092 
1260 2365 1648 1157 1381 2843 871 0 1672 1105 1384 690 1477 1051 1615 1431 759 1997 1459 1530 1252 2679 1082 2186 1643 
666 1221 334 1314 1492 1331 1028 1622 0 837 1489 1374 605 965 361 1340 1053 500 1188 1193 600 1128 829 1101 320 
694 1443 869 946 1086 2079 399 1095 880 0 1113 621 456 345 816 1141 498 1213 1150 1221 848 1845 682 1368 812 
1116 2227 1504 629 497 2725 1290 1381 1528 1472 0 1671 1528 1255 1471 257 1247 1859 524 389 1057 2550 1038 2072 1499 
929 2010 1317 993 1173 2567 570 645 1341 639 1181 0 1020 680 1284 1251 461 1665 1234 1276 945 2398 818 1863 1312 
598 1335 713 1188 1366 1882 797 1489 530 421 1369 1043 0 699 693 1312 899 967 1129 1140 725 1651 654 1243 356 
717 1568 1012 764 918 2240 236 980 1008 354 959 681 673 0 960 987 331 1341 946 1040 730 2050 611 1493 1000 
617 1007 167 1272 1450 1603 974 1554 341 803 1441 1339 656 945 0 1315 1010 691 1141 1143 597 1390 780 931 432 
829 1941 1221 630 622 2457 1081 1381 1245 1286 186 1462 1244 1069 1188 0 1101 1569 347 132 786 2288 890 1743 1215 
611 1615 1012 714 861 2240 179 784 1028 516 900 552 915 412 976 907 0 1356 875 927 624 2085 505 1540 940 
957 1443 621 1675 1854 1571 1388 2029 492 1169 1762 1670 868 1260 648 1581 1410 0 1477 1482 888 1358 1147 1368 550 
685 1699 1089 766 856 2320 994 1518 1115 1204 483 1372 1082 989 1052 385 1018 1439 0 246 723 2141 790 1624 1047 
697 1699 1089 776 638 2340 994 1518 1133 1207 334 1372 1087 1000 1087 148 1030 1468 262 0 654 2198 802 1624 1047 
367 1294 646 924 1070 1882 651 1209 616 829 1027 995 767 673 552 795 656 967 717 663 0 1651 438 1170 694 
1670 2286 1270 2389 2560 835 2109 2755 1200 1838 2487 2327 1514 1978 1286 2324 2105 1344 2127 2208 1609 0 1865 2072 1263 
450 1443 860 705 852 2079 422 980 869 600 891 705 628 444 807 870 427 1213 720 784 499 1836 0 1357 777 
1147 267 852 1846 2022 2201 1543 2151 1004 1337 1963 1818 1165 1431 906 1795 1565 1323 1632 1662 1130 2016 1318 0 1067 
575 1221 388 1212 1390 1552 944 1525 205 788 1393 1312 371 945 415 1312 978 606 1109 1140 666 1339 738 1170 0 
0 1075 361 1098 1224 1470 728 1252 332 491 968 978 287 582 309 871 739 763 690 774 429 1297 467 944 271 
1118 0 841 1787 1917 2094 1460 1892 955 1280 1851 1723 1145 1371 856 1684 1462 1278 1565 1596 1133 1872 1271 208 1009 
570 889 0 1328 1450 1325 948 1427 225 710 1222 1198 441 801 107 1124 996 590 973 1036 563 1159 724 789 276 
996 1888 1340 0 366 2378 781 924 1323 995 429 1158 1129 851 1291 463 673 1668 612 594 987 2208 825 1777 1264 
1114 2043 1468 375 0 2521 1095 1207 1441 1275 369 1386 1404 1134 1421 477 987 1798 656 504 1067 2351 1055 1898 1382 
1765 2189 1423 2347 2493 0 2088 2522 1337 1858 2417 2352 1556 2008 1428 2259 2075 1369 2211 2171 1715 617 1864 2083 1391 
586 1501 929 721 867 1971 0 658 911 315 843 503 587 212 879 803 124 1263 728 838 613 1797 415 1393 833 
980 1877 1321 924 1140 2367 656 0 1307 878 1149 505 1152 783 1272 1120 582 1649 1107 1199 987 2197 809 1761 1248 
641 1075 303 1359 1485 1194 1022 1455 0 723 1286 1287 436 872 308 1150 1025 493 1020 1062 587 987 795 998 271 
566 1311 752 827 983 1747 337 864 606 0 951 561 289 268 725 914 417 1049 834 948 682 1574 528 1239 535 
881 1778 1242 426 410 2290 924 1148 1215 1025 0 1208 1165 882 1197 170 848 1578 349 301 893 2120 734 1670 1156 
784 1690 1131 924 1066 2179 460 490 1122 557 1046 0 829 586 1082 1023 386 1459 926 1024 811 2012 613 1582 1063 
478 1237 463 1053 1180 1481 614 1142 317 291 1156 838 0 485 468 1086 694 754 882 998 594 1308 527 1118 246 
527 1404 849 662 808 1901 203 834 789 274 784 584 472 0 799 744 258 1198 669 779 611 1725 405 1294 718 
565 884 107 1328 1450 1355 947 1427 262 705 1222 1192 478 796 0 1116 995 627 946 1028 558 1211 719 784 313 
748 1674 1113 454 506 2179 836 1098 1086 946 158 1161 1055 801 1070 0 767 1448 268 131 724 2012 653 1566 1033 
493 1431 836 628 774 1889 126 663 825 393 750 514 665 267 786 710 0 1191 635 745 520 1712 322 1322 764 
929 1373 592 1560 1686 1293 1233 1664 464 969 1602 1496 680 1147 597 1445 1235 0 1305 1357 861 1116 1044 1294 509 
584 1499 946 614 696 2005 742 1031 916 848 348 1078 871 707 893 286 673 1290 0 199 610 1824 559 1391 855 
617 1544 980 551 568 2022 816 1130 946 929 255 1136 907 781 929 97 747 1317 185 0 593 1855 633 1436 888 
279 1075 474 993 1117 1579 640 1142 478 699 809 1009 566 625 424 651 649 841 556 554 0 1406 422 998 527 
1671 2137 1329 2265 2411 620 1959 2393 1243 1763 2340 2223 1462 1913 1334 2182 1943 1275 2090 2101 1621 0 1758 2006 1297 
374 1286 735 710 856 1810 373 874 706 504 756 719 517 402 683 694 382 1114 575 685 437 1633 0 1181 645 
1086 227 810 1747 1883 1987 1420 1859 919 1262 1807 1683 1127 1353 825 1644 1422 1245 1525 1556 1103 1814 1231 0 973 
491 1075 289 1263 1389 1299 850 1367 143 527 1125 1107 240 721 294 1063 914 534 868 998 568 1131 645 998 0 
