53
5
10800
0
542
507
553
521
493
449
493
428
583
451
378
459
522
563
527
411
489
507
548
501
562
588
493
582
541
381
498
592
390
420
396
469
470
460
557
598
550
567
563
557
441
561
579
558
521
565
592
576
568
402
536
493
0 1158 239 598 448 551 867 671 342 701 933 681 884 442 579 863 580 489 908 812 840 541 692 636 580 989 324 977 456 648 641 474 499 619 539 858 818 818 574 186 641 1300 505 474 923 1011 1164 1081 938 875 425 609 488 
1133 0 1212 1616 917 1548 1891 1680 1015 1709 1936 1689 272 1370 983 1883 1533 1070 1911 1828 1845 1494 1487 1638 1541 1986 1119 779 998 1645 753 1450 1298 1415 1557 1870 1842 1838 1571 1193 1650 1101 1502 1483 396 215 439 2084 1940 1671 1303 1313 1283 
239 1266 0 471 456 410 746 530 401 766 788 795 994 203 664 742 366 304 763 928 699 327 475 495 374 838 145 1055 271 507 726 297 533 653 614 717 677 671 433 190 500 1378 364 333 1016 1119 1242 971 792 912 186 402 300 
649 1697 651 0 851 401 280 633 796 300 625 723 1425 665 1066 276 697 699 650 837 592 658 821 753 697 636 540 1457 666 602 1128 233 939 1061 231 960 935 226 507 619 619 1780 437 591 1447 1550 1699 663 685 1317 697 847 814 
425 988 469 881 0 820 1160 942 312 1005 1256 965 709 659 404 1156 798 279 1231 1102 1167 781 691 876 824 1306 384 792 191 920 432 707 591 711 843 1127 1130 1078 843 485 921 1101 774 743 731 817 990 1404 1260 967 594 511 488 
559 1639 498 401 805 0 676 282 750 696 537 965 1368 314 1009 526 346 653 512 1096 448 307 470 469 354 587 494 1400 620 251 1071 332 882 1006 602 603 651 445 156 596 268 1723 86 302 1390 1492 1642 685 541 1262 392 496 467 
917 1972 937 278 1141 679 0 914 1099 425 345 753 1734 954 1375 289 976 989 370 997 638 937 1101 1037 976 356 818 1766 956 776 1437 511 1223 1340 496 1224 1229 319 785 884 897 2088 715 869 1756 1826 2027 383 562 1596 985 1127 1103 
655 1734 631 633 925 282 882 0 863 931 672 1062 1469 447 1110 678 407 766 647 1194 583 439 509 343 345 722 607 1501 733 221 1172 535 1013 1130 834 456 565 663 135 692 43 1870 204 287 1491 1587 1743 820 676 1386 525 605 600 
379 1072 430 842 336 781 1118 905 0 949 1159 954 790 615 485 1114 778 418 1134 1031 1070 739 732 866 786 1209 334 873 372 878 547 668 450 570 797 1091 1075 1039 804 439 871 1196 735 704 812 918 1062 1307 1163 826 548 649 528 
682 1775 809 296 1002 697 425 938 893 0 613 538 1525 964 1166 435 1016 996 638 670 751 977 1120 1051 993 624 836 1557 963 847 1228 510 1087 1204 413 1251 1251 390 803 756 924 1892 733 887 1547 1628 1799 651 830 1460 998 1146 1045 
1158 2238 1205 605 1456 837 327 809 1366 595 0 870 1966 1021 1642 398 1053 1304 25 1131 318 1014 1177 1088 1045 70 1145 2051 1271 598 1704 838 1534 1651 823 1056 1337 502 780 1211 796 2368 787 942 1988 2091 2232 156 217 1921 1099 1203 1174 
658 1741 785 710 978 1022 753 1145 869 538 888 0 1469 1019 1110 865 1053 1026 921 251 1209 1014 1177 1110 1051 899 851 1501 993 1125 1172 823 1041 1158 799 1326 1307 820 1051 732 1112 1870 982 948 1491 1594 1743 930 1113 1414 971 1144 1023 
846 272 925 1328 640 1256 1597 1388 734 1421 1634 1401 0 1092 710 1593 1255 797 1609 1532 1545 1216 1209 1353 1263 1684 831 507 714 1353 481 1172 1041 1158 1269 1569 1550 1537 1279 912 1358 812 1210 1191 124 125 424 1782 1638 1414 1026 1040 1003 
469 1524 234 701 686 354 964 488 631 995 708 1031 1252 0 887 714 163 534 683 1159 619 124 295 309 171 758 375 1284 501 427 949 527 756 876 844 692 649 699 353 420 455 1607 284 248 1274 1377 1526 856 712 1141 128 266 203 
871 577 967 1352 665 1292 1621 1424 759 1445 1670 1425 305 1110 0 1617 1273 822 1645 1556 1581 1234 1227 1378 1281 1720 856 388 739 1389 506 1205 1043 1160 1293 1605 1586 1561 1315 933 1394 693 1246 1227 327 430 571 1820 1674 1416 1041 1062 1023 
911 1972 925 274 1125 534 289 766 1096 435 416 874 1731 798 1372 0 830 973 441 1031 373 791 955 958 838 427 814 1763 940 572 1434 507 1223 1340 492 1038 1159 145 640 880 752 2088 570 791 1753 1818 2027 454 498 1596 876 987 954 
607 1647 372 676 794 324 888 407 769 964 678 1031 1381 188 1022 684 0 661 653 1159 589 77 218 187 65 728 513 1413 609 397 1084 502 882 1006 819 650 557 669 323 558 376 1736 254 180 1403 1500 1655 826 682 1262 266 287 322 
420 1133 249 661 334 600 964 720 362 964 985 965 861 452 556 949 615 0 960 1096 889 576 570 685 623 1047 164 947 149 697 618 487 603 723 804 910 867 861 623 418 690 1268 554 523 883 986 1127 1133 989 1011 386 463 350 
1202 2273 1189 606 1451 812 352 784 1396 620 25 895 2001 1005 1686 423 1037 1299 0 1151 293 998 1161 1065 1015 95 1140 2106 1266 573 1748 833 1538 1655 824 1038 1314 477 755 1237 771 2423 762 923 2023 2126 2267 173 192 1921 1083 1187 1158 
749 1844 876 834 1077 1119 998 1261 963 670 1140 251 1607 1081 1248 1007 1158 1109 1165 0 1323 1119 1282 1226 1166 1151 944 1639 1076 1226 1310 916 970 1016 875 1442 1423 951 1152 823 1231 2001 1083 1064 1629 1692 1894 1178 1357 1212 1064 1244 1123 
1069 2146 984 587 1326 623 634 595 1271 748 307 1193 1956 799 1553 373 831 1174 282 1325 0 792 957 872 823 357 1015 1959 1141 384 1615 814 1413 1530 805 825 1133 458 566 1111 582 2276 573 725 1978 1999 2222 455 311 1786 877 987 954 
545 1624 361 599 808 247 811 381 753 882 601 954 1356 177 997 607 159 656 576 1087 512 0 375 301 163 651 497 1388 623 320 1059 425 883 1016 742 585 545 592 246 547 355 1711 177 144 1378 1477 1630 749 605 1272 255 393 330 
675 1556 482 842 681 490 1077 512 742 1128 844 1221 1314 308 955 850 225 588 819 1325 755 243 0 260 251 894 556 1346 496 563 1018 668 848 973 985 696 513 835 489 668 527 1669 420 387 1336 1409 1588 995 848 1229 306 181 251 
727 1705 515 781 833 489 1077 335 851 1089 843 1134 1456 331 1097 849 184 736 818 1263 754 257 231 0 149 893 656 1488 648 494 1159 607 970 1088 934 573 446 834 385 701 350 1870 419 296 1478 1558 1730 995 847 1344 409 327 394 
612 1670 377 687 820 355 964 345 774 995 709 1049 1401 193 1042 715 63 677 684 1172 620 108 244 149 0 759 518 1433 635 428 1104 513 899 1025 830 621 527 700 329 563 330 1756 285 172 1423 1523 1675 857 713 1281 271 313 346 
1158 2238 1274 616 1471 896 338 868 1366 606 70 881 1966 1095 1642 409 1127 1322 95 1151 377 1088 1251 1168 1096 0 1163 2051 1289 657 1704 849 1534 1651 834 1115 1401 542 839 1232 855 2368 846 998 1988 2091 2232 226 287 1921 1173 1277 1248 
334 1127 172 584 317 523 859 643 259 879 904 874 855 361 550 855 524 165 876 1031 812 485 478 608 532 953 0 941 132 620 612 410 526 646 727 830 790 784 546 341 613 1268 477 446 877 980 1127 1052 908 906 294 395 274 
1039 777 1138 1522 826 1454 1791 1586 921 1615 1833 1595 505 1315 896 1787 1478 997 1808 1726 1743 1439 1400 1551 1486 1889 1042 0 900 1551 551 1376 1203 1320 1463 1767 1748 1731 1477 1099 1556 311 1408 1389 527 630 771 1981 1838 1576 1248 1220 1197 
461 1041 296 708 199 647 991 767 348 1006 1036 1005 754 468 449 983 607 106 1011 1135 945 590 500 685 633 1086 211 837 0 744 511 534 627 747 851 958 914 918 670 465 737 1171 601 570 776 879 1031 1184 1040 1021 428 320 297 
724 1809 651 600 987 249 720 221 934 791 510 1134 1565 467 1206 516 486 835 485 1263 398 460 623 498 449 560 676 1597 802 0 1268 531 1087 1204 801 465 732 501 192 761 208 1940 199 351 1587 1658 1862 658 514 1460 545 649 620 
705 741 783 1184 463 1119 1453 1261 593 1267 1507 1247 469 947 616 1449 1110 648 1482 1379 1418 1071 1063 1214 1118 1557 690 542 565 1226 0 1024 872 1006 1125 1442 1423 1393 1152 765 1231 837 1083 1064 491 594 735 1655 1511 1262 874 885 854 
486 1517 478 239 678 326 514 558 623 508 813 794 1252 492 886 510 524 526 788 928 724 485 648 580 524 863 367 1284 493 527 949 0 755 875 343 802 762 440 432 463 544 1607 362 418 1274 1370 1526 897 817 1131 524 674 641 
644 1483 680 1106 693 1042 1381 1154 567 1241 1430 1179 1241 838 842 1377 1004 752 1405 1064 1341 965 955 1110 1012 1480 587 1273 719 1149 912 919 0 124 1081 1335 1316 1298 1075 704 1121 1596 1006 954 1263 1336 1515 1578 1434 380 771 872 751 
625 1483 661 1073 674 1014 1348 1137 548 1189 1395 1166 1241 819 823 1344 987 733 1370 1064 1306 948 942 1093 995 1445 568 1273 700 1114 885 899 199 0 1056 1318 1299 1269 1040 685 1106 1596 971 939 1263 1336 1515 1543 1399 316 752 853 732 
581 1670 694 225 898 598 494 830 792 413 839 785 1401 804 1042 490 836 838 864 862 806 797 960 892 836 850 679 1433 805 799 1104 341 970 1088 0 1126 1096 445 704 649 816 1756 634 730 1423 1523 1675 877 899 1344 836 987 941 
891 1979 867 952 1165 603 1169 456 1106 1240 959 1307 1741 683 1382 965 660 1013 934 1438 823 676 722 578 607 1029 843 1773 980 479 1444 771 1247 1364 1093 0 437 939 546 933 488 2088 553 535 1763 1826 2027 1107 963 1620 761 818 836 
844 1924 820 898 1114 606 1177 481 1052 1196 968 1255 1692 636 1333 968 546 959 943 1386 871 582 514 429 525 1038 796 1724 929 675 1395 724 1223 1340 1048 409 0 949 566 881 496 2071 536 488 1714 1777 1975 1116 980 1596 698 610 677 
844 1924 851 208 1055 439 298 671 1008 369 528 808 1670 703 1311 124 735 899 504 972 440 696 859 858 743 539 740 1702 866 536 1373 436 1159 1276 426 980 1075 0 545 814 657 2045 475 696 1692 1755 1947 566 533 1532 781 885 856 
639 1726 582 507 917 156 749 136 847 802 539 1049 1456 398 1097 545 342 750 514 1181 450 363 554 388 329 589 591 1488 717 194 1159 438 1013 1130 708 546 600 530 0 676 119 1870 75 207 1478 1579 1730 687 543 1386 476 580 551 
185 1232 188 619 520 581 888 701 414 761 959 741 960 391 651 884 554 445 934 872 870 515 663 666 562 1029 286 1055 412 678 713 468 571 691 603 888 848 839 604 0 671 1378 535 504 982 1085 1229 1107 963 954 374 590 488 
636 1726 612 617 899 266 858 43 844 917 648 1049 1456 428 1097 654 372 747 623 1172 559 403 514 348 326 698 588 1488 714 208 1159 516 1013 1130 818 490 580 639 111 673 0 1870 185 247 1478 1579 1730 796 652 1386 506 610 581 
1349 1102 1428 1836 1137 1764 2105 1899 1235 1943 2156 1905 830 1586 1234 2101 1749 1299 2131 2037 2067 1710 1703 1858 1757 2206 1335 332 1216 1866 837 1666 1518 1635 1773 2080 2038 2041 1787 1409 1866 0 1718 1699 852 955 1127 2304 2160 1921 1519 1531 1499 
585 1670 512 437 848 86 678 204 793 732 468 1005 1401 328 1042 474 360 696 443 1128 379 321 484 462 368 518 537 1433 663 187 1104 368 939 1061 638 553 655 459 75 622 190 1756 0 262 1423 1523 1675 616 472 1317 406 510 481 
555 1639 452 609 818 298 870 287 763 907 660 965 1368 268 1009 666 178 666 635 1096 571 199 396 294 172 710 507 1400 633 353 1071 435 895 1016 752 516 476 651 207 592 253 1723 236 0 1390 1492 1642 808 664 1272 346 457 421 
954 413 1033 1435 746 1367 1704 1499 840 1528 1745 1508 141 1190 816 1700 1353 905 1720 1639 1656 1314 1307 1458 1361 1795 937 613 820 1464 587 1271 1125 1242 1376 1680 1661 1641 1390 1017 1469 970 1321 1302 0 266 463 1895 1749 1498 1123 1163 1103 
987 215 1056 1468 767 1404 1741 1536 861 1565 1782 1545 127 1210 837 1737 1373 928 1757 1676 1693 1334 1327 1478 1381 1835 963 634 841 1501 608 1294 1159 1276 1413 1717 1698 1664 1427 1047 1506 970 1358 1339 251 0 551 1952 1786 1532 1143 1163 1123 
1182 444 1261 1665 978 1597 1968 1729 1106 1758 1982 1738 437 1419 1060 1930 1582 1134 1957 1872 1887 1543 1536 1687 1590 2032 1168 841 1051 1694 815 1499 1389 1506 1606 1928 1911 1877 1620 1242 1699 1171 1551 1532 516 562 0 2130 1986 1762 1352 1366 1332 
1202 2273 1320 661 1515 976 383 961 1410 651 156 936 2001 1181 1686 454 1213 1368 173 1186 466 1174 1337 1234 1188 226 1209 2106 1335 746 1748 894 1578 1695 879 1190 1483 587 930 1276 948 2423 938 1089 2023 2126 2267 0 266 1984 1259 1363 1334 
1285 2364 1226 648 1501 854 534 826 1446 802 207 1084 2092 1042 1747 468 1074 1349 182 1335 335 1035 1198 1109 1061 277 1190 2177 1316 615 1812 875 1588 1705 866 1056 1358 519 797 1280 813 2486 804 957 2114 2217 2358 266 0 1984 1120 1224 1195 
855 1670 891 1306 917 1245 1581 1377 778 1426 1623 1406 1415 1049 1056 1577 1212 963 1598 1236 1534 1173 1166 1317 1220 1673 798 1447 930 1342 1118 1132 493 294 1274 1558 1539 1502 1268 923 1347 1770 1199 1180 1437 1523 1689 1771 1627 0 1000 1083 966 
425 1418 190 657 616 449 964 583 547 955 803 989 1146 95 784 809 258 432 778 1113 714 219 301 404 266 853 331 1197 431 522 846 483 653 773 800 787 720 794 448 376 550 1520 379 343 1168 1271 1420 971 807 1043 0 228 165 
586 1375 403 870 510 518 1084 626 653 1155 872 1126 1103 231 760 878 288 417 847 1258 783 271 188 370 314 924 467 1152 325 591 822 696 759 879 1010 806 623 863 517 589 626 1475 448 415 1125 1228 1377 1052 876 1141 227 0 123 
466 1362 304 758 485 525 1077 659 533 1043 879 1024 1090 171 735 885 331 349 854 1143 790 295 258 434 342 929 347 1142 300 598 797 584 639 759 884 863 693 870 524 490 626 1465 455 419 1112 1215 1364 1052 883 1021 167 125 0 
0 1446 431 790 534 691 1143 841 449 931 1160 889 1103 692 666 1164 720 590 1121 1077 1005 672 873 847 760 1255 406 1133 578 821 772 628 582 715 678 1139 1012 1100 716 270 794 1604 638 645 1108 1268 1443 1329 1118 1101 612 782 675 
1353 0 1390 1871 1028 1766 2212 1906 1205 2071 2232 1946 331 1610 1120 2253 1763 1277 2191 2115 2080 1713 1805 1863 1789 2302 1252 980 1153 1877 982 1716 1475 1599 1805 2194 2158 2143 1776 1391 1879 1451 1693 1692 475 230 567 2363 2200 1940 1508 1597 1548 
409 1495 0 598 596 501 966 651 489 1016 939 1048 1152 275 738 977 500 366 886 1216 809 452 643 657 540 1031 193 1242 417 631 844 395 602 735 795 970 869 864 526 269 604 1713 448 455 1157 1317 1492 1108 908 1142 233 552 445 
779 1959 818 0 1080 542 358 894 965 457 791 1042 1594 884 1231 433 889 837 834 1192 813 841 1094 1000 942 788 664 1664 888 847 1395 322 1113 1237 338 1301 1202 318 711 877 842 2037 620 814 1599 1759 1949 840 908 1592 920 1154 1044 
549 1219 623 1129 0 1017 1479 1188 376 1216 1474 1216 847 771 441 1447 1000 380 1435 1377 1319 950 963 1077 1026 1569 485 980 256 1162 547 898 647 780 1066 1437 1338 1356 1049 623 1155 1433 966 956 837 1041 1273 1643 1432 1156 691 719 683 
652 1916 681 543 1006 0 885 401 914 983 634 1216 1511 429 1148 705 434 781 609 1377 532 386 607 618 474 712 608 1581 832 354 1312 514 1060 1184 809 841 830 585 218 740 349 2020 127 416 1516 1676 1848 823 627 1539 493 650 689 
1150 2365 1231 390 1461 913 0 1266 1346 535 433 936 2000 1193 1639 337 1209 1244 476 1302 796 1159 1408 1352 1235 430 1079 2085 1247 1022 1806 712 1511 1635 667 1625 1569 447 1094 1270 1238 2453 1000 1190 1983 2164 2284 482 677 1967 1311 1454 1404 
825 2072 889 829 1181 348 1133 0 1063 1248 754 1355 1708 637 1345 825 538 976 729 1513 652 594 677 471 472 832 781 1778 965 291 1509 749 1227 1351 1172 653 736 759 165 914 43 2152 236 389 1713 1871 2001 942 747 1706 701 858 897 
511 1321 535 1058 437 916 1408 1092 0 1178 1375 1179 978 725 573 1348 944 489 1336 1338 1220 897 916 1042 976 1470 386 1078 487 1092 679 810 505 638 966 1359 1260 1266 961 585 1056 1549 863 870 983 1143 1350 1544 1333 1011 645 815 708 
906 2144 1197 465 1287 1005 534 1359 1133 0 694 774 1766 1323 1403 649 1339 1290 737 999 1067 1289 1538 1430 1365 691 1106 1834 1293 1340 1567 731 1319 1443 571 1746 1647 575 1187 1022 1331 2202 1093 1268 1771 1943 2074 743 941 1798 1362 1531 1402 
1160 2365 1075 789 1428 623 458 885 1313 736 0 1099 2000 859 1606 494 864 1211 43 1501 391 816 1071 1023 930 78 1046 2042 1214 655 1770 1054 1478 1602 1231 1275 1236 623 732 1192 853 2410 641 846 1983 2164 2284 242 244 1940 910 1129 1083 
852 2092 1152 1042 1260 1313 926 1449 1106 781 1102 0 1739 1294 1376 1107 1310 1269 1136 400 1478 1260 1509 1401 1336 1105 1085 1805 1272 1436 1540 1238 1311 1435 1031 1717 1618 1161 1323 980 1418 2173 1240 1239 1744 1891 2074 1152 1353 1790 1341 1510 1381 
1036 331 1068 1531 695 1437 1899 1573 799 1642 1875 1601 0 1262 783 1856 1434 967 1834 1772 1717 1384 1461 1525 1460 1945 936 656 828 1560 609 1394 1113 1237 1477 1858 1742 1829 1447 1066 1542 1130 1364 1363 144 154 534 2016 1841 1592 1160 1281 1200 
720 1715 371 847 873 407 1164 566 788 1263 783 1240 1372 0 1009 854 225 696 758 1417 681 177 409 441 265 861 545 1442 734 503 1173 644 869 1009 1066 877 784 788 398 636 519 1870 320 287 1377 1537 1712 983 776 1364 183 433 343 
1093 737 1124 1597 773 1506 1987 1642 877 1708 1952 1667 406 1355 0 1937 1503 1035 1911 1834 1786 1453 1554 1594 1529 2022 986 539 924 1629 667 1450 1195 1319 1543 1919 1863 1872 1516 1131 1611 1046 1433 1432 396 560 742 2069 1908 1674 1253 1381 1293 
1193 2365 1115 386 1461 665 342 922 1346 598 479 1138 2000 913 1639 0 916 1244 522 1394 505 858 1114 1064 952 476 1079 2085 1247 697 1806 708 1511 1635 699 1294 1284 175 774 1224 895 2453 683 888 1983 2164 2284 528 631 1967 996 1165 1115 
764 1959 594 891 1076 451 1202 524 992 1301 827 1269 1579 300 1216 898 0 893 802 1446 725 150 283 245 84 906 720 1649 871 547 1380 688 1113 1237 1121 885 741 832 442 852 477 2037 364 226 1584 1744 1916 1019 820 1592 406 422 492 
505 1446 307 785 406 688 1162 838 474 1178 1160 1179 1103 517 665 1164 717 0 1121 1338 1005 669 698 811 757 1255 174 1129 165 818 771 582 639 772 966 1118 1012 1065 713 542 791 1600 635 642 1108 1268 1443 1329 1118 1156 437 607 500 
1099 2298 1056 746 1387 580 483 842 1272 761 25 1138 1933 816 1555 519 821 1170 0 1501 348 773 1002 1000 861 103 1005 2009 1173 612 1719 978 1437 1561 1212 1229 1193 580 689 1147 810 2377 598 803 1916 2097 2210 254 201 1939 880 1111 1048 
987 2184 1241 1131 1339 1380 1245 1516 1185 955 1451 350 1819 1361 1455 1407 1377 1342 1485 0 1660 1327 1576 1468 1403 1454 1158 1903 1345 1503 1619 1288 1061 1090 1105 1784 1685 1320 1390 1066 1485 2271 1307 1306 1823 1983 2115 1501 1702 1422 1414 1583 1454 
1179 2365 1085 802 1461 636 858 898 1346 1128 400 1466 2000 872 1635 557 877 1244 375 1778 0 829 1082 1031 937 478 1079 2085 1247 657 1799 1054 1511 1635 1274 1162 1259 636 745 1224 866 2453 654 859 1983 2164 2284 629 437 1967 928 1144 1090 
614 1847 474 741 978 301 1054 460 866 1154 677 1179 1468 222 1105 748 188 743 652 1338 575 0 470 433 221 755 570 1538 794 397 1269 538 1028 1152 888 771 678 682 292 702 413 1942 214 181 1473 1633 1811 866 670 1507 286 513 482 
906 1916 660 1098 959 649 1368 689 959 1503 1085 1472 1539 420 1176 1079 267 821 1046 1643 923 348 0 279 293 1180 716 1609 757 745 1340 886 1063 1187 1310 999 704 1045 640 932 657 2020 562 489 1544 1704 1870 1254 1048 1542 454 294 394 
857 1988 725 995 1095 611 1337 460 1031 1400 1031 1369 1619 484 1256 1048 281 946 992 1540 885 388 264 0 216 1133 784 1689 905 657 1420 781 1146 1270 1206 766 633 1005 460 967 428 2111 524 363 1624 1784 1949 1200 991 1625 518 457 528 
757 1959 578 884 1115 444 1194 507 994 1299 820 1269 1594 284 1231 891 73 886 795 1446 718 174 336 242 0 898 713 1664 933 540 1395 681 1113 1237 1121 868 775 825 435 843 460 2037 357 209 1599 1759 1949 1019 813 1592 390 475 545 
1232 2412 1135 828 1502 695 438 956 1387 716 75 1090 2047 945 1680 474 944 1285 118 1501 399 888 1138 1091 976 0 1120 2149 1288 727 1812 1119 1552 1676 1210 1341 1307 649 804 1256 935 2517 713 914 2030 2211 2331 317 319 2008 1016 1189 1139 
414 1377 225 703 414 606 1099 756 300 1105 1085 1042 1034 415 614 1079 635 184 1046 1210 915 587 596 709 675 1180 0 1078 235 736 720 500 557 690 868 1054 942 990 631 460 709 1549 553 560 1039 1199 1370 1254 1048 1065 335 505 398 
1174 921 1210 1678 860 1587 1996 1723 991 1789 2029 1748 590 1430 985 2020 1584 1111 1988 1906 1873 1534 1629 1675 1610 2099 1072 0 1021 1710 680 1536 1305 1429 1624 1995 1980 1946 1597 1212 1692 422 1514 1513 580 744 1014 2160 1997 1784 1328 1438 1368 
565 1281 367 845 270 748 1220 898 449 1237 1217 1216 938 577 539 1191 777 124 1178 1384 1062 729 758 871 817 1312 234 1017 0 878 645 642 699 832 1121 1183 1068 1116 773 602 851 1488 695 702 935 1103 1326 1386 1175 1212 497 539 427 
854 2092 883 802 1206 321 999 307 1106 1138 643 1364 1739 631 1376 714 636 993 618 1535 541 588 809 741 676 721 810 1805 992 0 1540 773 1260 1384 1202 619 977 648 271 967 279 2173 246 558 1744 1891 2074 832 636 1739 695 852 891 
817 993 911 1373 530 1301 1723 1437 634 1494 1736 1453 633 1067 673 1709 1279 787 1697 1624 1581 1229 1256 1370 1305 1835 753 727 663 1424 0 1232 946 1046 1318 1705 1606 1647 1311 891 1406 1130 1228 1227 623 787 1014 1899 1694 1401 977 1122 995 
615 1728 625 344 874 495 686 817 767 706 1131 1054 1385 691 1022 761 696 644 1105 1222 985 648 869 823 736 1134 471 1455 695 797 1186 0 880 1009 474 1117 991 646 664 695 770 1870 573 621 1390 1550 1725 1181 1102 1364 729 914 869 
894 1728 954 1439 886 1320 1789 1456 765 1550 1755 1509 1385 1100 1022 1728 1312 993 1716 1389 1600 1262 1294 1408 1338 1847 780 1455 983 1443 1186 1248 0 133 1385 1724 1625 1663 1330 980 1425 1870 1247 1246 1390 1550 1725 1982 1713 505 998 1162 1033 
857 1693 892 1407 849 1304 1757 1440 728 1513 1739 1472 1350 1055 987 1712 1267 941 1700 1389 1584 1217 1249 1363 1293 1835 743 1420 924 1427 1151 1232 229 0 1353 1708 1609 1647 1314 944 1409 1870 1231 1230 1355 1515 1690 1899 1697 435 965 1117 988 
680 1916 935 330 1045 856 651 1199 958 548 1102 1017 1539 1067 1176 726 1083 1060 1136 1127 1157 1033 1282 1169 1109 1105 884 1609 1063 1182 1340 485 1113 1237 0 1485 1386 648 1027 784 1171 2020 933 1010 1544 1704 1870 1152 1270 1592 1155 1328 1200 
1281 2505 1246 1380 1544 960 1615 716 1429 1756 1353 1715 2140 1014 1722 1326 974 1327 1314 1878 1137 964 964 768 932 1448 1162 2221 1330 720 1847 1182 1594 1718 1577 0 668 1310 813 1305 721 2589 855 801 2123 2304 2424 1522 1311 2084 1127 1100 1168 
1189 2365 1056 1286 1449 874 1615 720 1306 1658 1353 1617 2000 812 1576 1326 614 1229 1314 1788 1198 740 592 474 637 1448 1096 2009 1208 970 1740 1088 1448 1572 1493 604 0 1310 770 1224 698 2377 787 723 1983 2164 2284 1522 1311 1939 846 785 856 
1099 2255 1081 275 1301 556 385 909 1203 541 651 1216 1890 913 1497 172 916 1084 693 1377 616 860 1114 1064 952 648 936 1927 1087 699 1661 597 1369 1493 613 1294 1284 0 725 1156 856 2295 634 890 1868 2054 2142 700 711 1848 996 1165 1115 
757 1988 786 688 1116 207 966 183 1000 1116 617 1269 1619 534 1256 688 539 886 592 1446 515 491 712 537 522 695 713 1689 962 277 1420 659 1156 1280 1092 684 810 622 0 845 131 2111 95 346 1624 1784 1949 806 610 1635 598 755 794 
282 1588 351 799 655 767 1159 915 570 1066 1242 976 1245 626 787 1215 796 638 1203 1144 1087 748 990 953 836 1337 465 1315 689 897 893 614 703 836 768 1237 1097 1106 792 0 870 1785 714 721 1250 1410 1585 1411 1200 1212 584 907 796 
790 2056 854 786 1165 305 1099 53 1036 1211 711 1327 1682 602 1319 782 537 941 686 1501 609 559 698 504 493 789 746 1752 965 277 1483 714 1195 1319 1155 651 769 716 122 878 0 2127 193 348 1687 1844 1966 900 704 1674 666 823 862 
1495 1321 1532 2018 1178 1955 2353 2074 1347 2244 2354 2070 978 1752 1341 2375 1959 1419 2313 2231 2202 1876 1970 1994 1978 2424 1394 377 1295 2048 1062 1890 1617 1741 1910 2308 2272 2302 1937 1533 2042 0 1849 1819 976 1143 1338 2485 2322 2084 1650 1745 1690 
675 1916 704 606 1035 125 887 281 935 1048 549 1216 1539 452 1176 620 457 804 524 1384 447 409 630 635 497 627 631 1609 855 262 1340 577 1069 1193 872 733 853 554 98 763 229 2020 0 439 1544 1704 1870 738 542 1548 516 673 712 
691 1916 660 818 1059 397 1164 346 959 1242 773 1226 1539 399 1176 844 256 820 748 1394 671 303 536 379 256 851 647 1609 871 493 1340 615 1113 1237 966 707 614 778 292 779 299 2020 310 0 1544 1704 1870 983 766 1592 472 643 665 
1153 512 1210 1657 835 1566 1996 1702 944 1768 1997 1727 181 1430 955 2001 1563 1094 1956 1878 1852 1513 1629 1654 1589 2067 1072 796 992 1689 749 1530 1261 1385 1603 1995 1959 1946 1576 1191 1671 1303 1493 1492 0 335 561 2128 1965 1740 1328 1438 1368 
1174 250 1210 1678 849 1587 1996 1723 991 1789 2029 1748 154 1430 955 2020 1584 1104 1988 1906 1873 1534 1629 1675 1610 2099 1072 810 992 1710 763 1536 1261 1385 1624 1995 1980 1946 1597 1212 1692 1303 1514 1513 298 0 688 2160 1997 1740 1328 1438 1368 
1396 629 1433 1920 1079 1830 2218 1956 1248 2078 2232 1988 523 1653 1184 2253 1818 1320 2191 2148 2080 1756 1829 1903 1864 2302 1295 1012 1196 1928 1056 1759 1518 1642 1861 2228 2192 2180 1818 1434 1925 1483 1736 1735 606 677 0 2363 2200 1967 1551 1646 1591 
1369 2588 1286 920 1644 822 519 1106 1529 797 212 1159 2223 1049 1863 555 1065 1427 242 1559 590 1015 1264 1218 1091 290 1262 2304 1430 854 1970 1235 1694 1818 1276 1516 1435 730 945 1393 1085 2672 840 1056 2206 2387 2507 0 345 2144 1167 1310 1260 
1160 2365 1075 777 1428 611 674 873 1313 977 216 1318 2000 847 1606 567 852 1211 191 1691 379 804 1053 1023 892 294 1046 2042 1214 643 1770 1035 1478 1602 1244 1256 1233 611 720 1192 841 2410 629 834 1983 2164 2284 300 0 1940 910 1126 1072 
1250 2092 1237 1754 1233 1635 2101 1771 1116 1869 2054 1858 1738 1457 1375 2091 1632 1283 2013 1683 1902 1582 1656 1723 1658 2124 1099 1805 1276 1758 1539 1563 643 414 1700 2039 2031 1969 1645 1288 1740 2173 1562 1561 1743 1891 2074 2185 2022 0 1355 1524 1395 
595 1599 241 835 733 592 1191 751 648 1263 982 1237 1256 185 865 1022 410 535 943 1405 866 362 443 556 450 1085 362 1326 586 688 1004 632 729 862 1121 1054 935 984 583 506 704 1797 505 472 1261 1421 1596 1151 971 1226 0 352 245 
738 1693 506 1097 700 664 1368 823 791 1405 1085 1364 1350 317 987 1079 418 561 1046 1535 945 363 256 427 444 1180 550 1420 497 760 1151 876 872 1009 1288 1104 837 1066 655 771 776 1870 577 544 1355 1515 1690 1254 1048 1364 313 0 134 
636 1625 425 995 662 644 1345 803 689 1290 1085 1249 1282 237 919 1079 460 473 1046 1426 923 405 363 476 486 1180 448 1352 421 740 1056 774 770 906 1162 1098 886 1039 635 690 756 1870 557 524 1287 1447 1622 1254 1048 1274 233 159 0 
0 1271 322 746 498 600 1077 720 347 749 1021 789 933 596 606 999 609 516 981 890 886 578 732 683 648 1055 332 1114 487 710 706 558 510 639 615 985 900 1014 607 216 724 1457 538 513 948 1062 1205 1178 996 969 528 686 562 
1196 0 1284 1780 995 1686 2099 1780 1134 1887 2067 1858 304 1475 1292 2089 1664 1150 2034 1972 1962 1634 1607 1751 1675 2120 1178 897 1055 1787 895 1598 1400 1512 1659 2111 1935 1965 1665 1294 1749 1249 1587 1558 483 243 532 2212 2050 1864 1366 1540 1429 
324 1394 0 683 507 460 1000 580 431 957 867 989 1056 274 697 848 469 330 836 1169 746 438 545 543 508 958 152 1198 301 570 797 417 561 690 745 842 760 918 467 255 584 1511 398 373 1078 1185 1340 1063 870 1040 206 499 376 
733 1910 764 0 987 547 340 843 907 380 795 888 1566 857 1397 382 803 801 842 997 819 772 949 877 842 777 623 1688 772 818 1270 248 1044 1156 250 1196 1076 331 691 758 808 2001 613 707 1588 1695 1899 779 950 1495 889 1055 1009 
485 1168 566 1113 0 976 1382 1068 409 1140 1370 1164 789 769 447 1381 958 353 1330 1324 1262 931 862 1042 975 1419 462 885 248 1104 547 918 656 785 966 1381 1234 1280 962 573 1037 1236 882 857 789 950 1065 1527 1347 1106 683 696 674 
592 1791 658 513 935 0 840 363 804 880 635 1091 1453 424 1284 616 370 745 604 1299 514 339 519 522 409 723 567 1575 716 338 1157 451 977 1094 750 821 739 652 211 692 328 1870 133 352 1475 1582 1737 828 638 1433 551 585 629 
1064 2324 1089 341 1336 846 0 1131 1223 481 455 849 1965 1142 1736 299 1100 1141 502 1242 735 1074 1236 1235 1111 437 964 2080 1127 947 1609 589 1375 1487 549 1518 1404 398 972 1079 1099 2410 899 1042 1981 2113 2239 439 707 1828 1195 1319 1363 
771 1990 879 817 1116 348 1025 0 993 1226 755 1322 1661 645 1492 736 527 941 724 1446 634 560 608 431 481 843 746 1783 895 271 1365 755 1169 1281 1048 592 718 798 155 871 44 2067 258 317 1683 1790 1947 977 758 1620 772 766 850 
417 1238 501 1049 418 876 1292 1037 0 1072 1289 1065 888 701 546 1300 885 451 1249 1173 1181 854 794 968 928 1338 394 1034 422 1005 646 842 513 642 891 1299 1152 1235 883 505 1007 1363 814 789 888 1029 1150 1446 1266 969 615 748 624 
759 1970 1001 383 1148 906 470 1187 981 0 711 682 1628 1220 1459 548 1178 1144 758 794 989 1152 1314 1265 1189 693 957 1750 1130 1077 1332 592 1169 1281 487 1581 1434 497 1028 859 1155 2044 950 1072 1650 1757 1931 695 977 1620 1147 1321 1252 
1024 2324 1106 751 1387 571 410 833 1254 647 0 996 1965 848 1732 473 794 1192 47 1358 384 763 949 954 833 88 1015 2069 1178 626 1605 976 1416 1528 982 1244 1152 636 681 1134 798 2410 603 776 1981 2113 2239 212 252 1888 943 1046 1077 
773 1990 1013 968 1181 1226 861 1320 993 692 1059 0 1661 1246 1492 1070 1204 1167 1091 266 1419 1178 1340 1291 1215 1055 980 1783 1153 1327 1365 1073 1169 1256 934 1607 1460 1080 1205 873 1289 2067 1127 1098 1683 1790 1947 1033 1239 1595 1169 1343 1274 
897 382 976 1477 677 1394 1793 1488 828 1607 1761 1566 0 1178 775 1772 1372 884 1721 1722 1653 1337 1310 1459 1383 1814 874 593 779 1495 591 1290 1093 1205 1380 1775 1628 1669 1373 992 1457 970 1295 1266 179 162 517 1961 1738 1544 1069 1243 1174 
676 1728 354 931 859 408 1140 567 739 1258 815 1235 1390 0 1221 796 207 638 784 1404 694 176 363 435 246 906 504 1502 653 518 1094 717 862 1009 996 839 757 858 415 607 532 1778 346 297 1412 1519 1674 987 818 1348 247 393 316 
906 724 983 1484 683 1401 1793 1495 834 1607 1768 1566 342 1199 0 1779 1379 890 1728 1722 1660 1353 1331 1466 1390 1814 880 438 785 1502 552 1297 1093 1205 1380 1782 1635 1676 1380 1021 1464 780 1302 1273 342 504 618 1961 1745 1544 1090 1264 1195 
1020 2324 1094 373 1387 568 308 830 1250 600 513 1050 1965 845 1728 0 791 1192 542 1366 438 760 949 954 830 495 1015 2064 1178 623 1601 621 1412 1524 591 1236 1152 171 678 1130 795 2406 600 773 1981 2113 2239 497 576 1888 943 1046 1074 
694 1872 547 893 1022 380 1058 494 860 1212 787 1211 1516 313 1347 768 0 759 756 1370 666 120 228 265 65 875 669 1638 807 490 1220 689 1017 1129 982 811 639 830 387 794 504 1940 318 265 1538 1645 1800 977 790 1468 421 383 434 
444 1298 270 877 366 654 1175 774 453 1110 1063 1091 960 515 646 1063 663 0 1023 1255 945 632 608 737 702 1112 171 1170 160 764 746 611 628 757 923 1057 962 1036 661 495 778 1511 592 567 982 1089 1244 1220 1040 1106 429 562 438 
987 2261 1083 778 1336 524 441 786 1219 678 31 1050 1900 801 1697 451 747 1141 0 1412 337 716 896 899 786 119 964 2060 1127 579 1570 949 1375 1487 996 1191 1098 589 634 1097 751 2402 556 729 1916 2050 2150 224 205 1828 928 1005 1036 
906 2147 1135 1092 1301 1365 1222 1459 1134 917 1405 326 1781 1385 1612 1327 1343 1294 1437 0 1624 1317 1479 1430 1354 1401 1107 1904 1280 1466 1485 1202 975 1052 1055 1746 1599 1248 1344 1040 1428 2195 1266 1237 1823 1936 2074 1409 1615 1344 1295 1469 1400 
1042 2326 1113 818 1387 587 782 799 1272 1111 372 1396 1965 864 1750 495 810 1192 341 1737 0 779 961 968 849 460 1015 2091 1178 537 1623 1003 1426 1538 1059 1055 1160 629 697 1152 786 2410 619 792 1981 2115 2239 565 375 1896 943 1055 1089 
574 1765 488 773 917 260 1020 419 786 1094 667 1091 1427 254 1258 648 163 727 636 1255 546 0 391 366 199 755 549 1549 698 370 1131 569 975 1088 851 691 609 710 267 674 384 1870 198 149 1449 1556 1711 860 670 1427 381 485 486 
818 1763 651 1113 810 615 1271 606 879 1491 1026 1450 1425 430 1256 999 297 778 986 1606 915 355 0 273 290 1065 690 1547 764 725 1129 949 1017 1129 1225 861 582 1031 622 912 622 1870 553 492 1447 1554 1709 1183 1023 1468 448 259 401 
838 1990 751 1077 1023 577 1249 398 981 1393 992 1352 1661 530 1492 977 274 878 952 1516 863 357 234 0 253 1055 790 1783 897 640 1365 833 1126 1238 1128 696 556 1000 480 940 414 2067 515 389 1683 1790 1947 1149 989 1577 548 392 523 
729 1931 550 958 1066 415 1140 434 920 1289 822 1246 1574 316 1405 803 70 819 791 1407 701 155 288 222 0 919 700 1696 849 525 1278 724 1050 1162 1003 810 699 865 422 803 450 2001 353 252 1596 1703 1899 1001 825 1501 443 443 494 
1132 2388 1196 755 1483 673 414 938 1362 651 102 1001 2027 945 1819 477 896 1288 149 1363 412 865 1043 1057 945 0 1111 2134 1274 728 1713 1032 1522 1634 982 1331 1234 648 783 1234 900 2410 705 878 2043 2177 2301 314 354 2041 1018 1133 1177 
358 1271 201 808 361 585 1115 705 282 1044 1008 1005 933 431 600 977 594 184 968 1192 871 563 524 668 633 1055 0 1108 155 695 700 542 559 688 832 970 885 1007 592 426 709 1451 523 498 948 1062 1199 1165 989 1040 345 478 354 
1114 991 1202 1698 882 1604 2013 1698 1022 1807 1997 1763 603 1393 1212 2021 1582 1075 1964 1931 1890 1552 1525 1669 1593 2050 1096 0 980 1705 622 1516 1281 1393 1577 2015 1842 1897 1583 1212 1667 342 1505 1476 603 765 879 2142 1980 1732 1284 1458 1354 
495 1224 321 947 220 705 1236 825 449 1163 1109 1164 884 566 542 1115 714 108 1069 1349 1002 683 659 788 753 1158 222 1008 0 815 642 662 679 808 996 1101 1027 1073 712 546 829 1346 643 618 884 1015 1141 1266 1086 1208 480 504 429 
811 2020 870 808 1183 339 874 285 1027 1124 596 1325 1686 636 1517 577 582 993 565 1485 475 551 731 619 613 684 786 1808 974 0 1390 746 1197 1309 1044 622 888 639 243 912 272 2086 265 449 1708 1818 1980 789 599 1648 763 797 841 
713 926 797 1306 493 1226 1623 1320 644 1407 1593 1366 543 989 654 1604 1204 700 1553 1522 1485 1153 1116 1291 1215 1642 690 585 595 1327 0 1119 891 1024 1235 1607 1460 1498 1205 801 1289 885 1127 1098 543 705 819 1750 1570 1363 911 1043 954 
584 1771 645 295 859 547 622 795 783 620 1084 1033 1433 738 1264 664 684 682 1055 1207 976 653 833 758 723 1080 504 1555 653 785 1137 0 947 1041 397 1072 979 613 682 575 799 1870 613 588 1455 1562 1717 1064 1072 1380 770 899 858 
681 1566 720 1264 745 1124 1575 1237 607 1393 1513 1320 1228 932 874 1524 1124 797 1473 1064 1405 1071 1036 1208 1135 1562 613 1410 768 1247 997 1077 0 129 1168 1524 1377 1441 1125 769 1206 1686 1047 1015 1250 1357 1512 1670 1490 455 834 967 843 
652 1566 691 1234 716 1092 1551 1210 578 1366 1480 1217 1228 891 845 1491 1087 768 1440 1064 1372 1054 1015 1181 1098 1529 584 1358 739 1214 949 1047 198 0 1145 1497 1350 1421 1092 740 1179 1634 1014 988 1250 1357 1512 1637 1457 386 805 943 814 
634 1872 764 308 1025 796 585 1051 862 509 1059 954 1516 964 1347 646 922 993 1091 1079 1066 884 1056 998 954 1055 785 1638 974 1077 1220 398 1044 1156 0 1334 1187 595 918 677 1020 1940 844 819 1538 1645 1800 1019 1171 1495 971 1140 1152 
1070 2326 1154 1264 1406 795 1424 595 1293 1622 1135 1581 1965 945 1778 1147 845 1211 1095 1737 1007 845 890 753 799 1184 1034 2126 1197 574 1651 1077 1445 1557 1384 0 574 1155 646 1169 615 2410 724 660 1981 2115 2239 1292 1112 1955 997 1032 1160 
1020 2324 1080 1190 1351 738 1424 600 1238 1557 1145 1516 1965 861 1728 1147 631 1156 1105 1672 1037 689 565 494 639 1194 979 2064 1142 848 1601 1003 1390 1502 1313 508 0 1155 709 1116 616 2406 676 603 1981 2113 2239 1302 1122 1841 879 723 854 
987 2173 1009 295 1239 559 388 832 1134 549 663 1065 1812 847 1639 165 793 1044 632 1274 542 762 949 954 832 660 861 1930 1030 625 1512 543 1278 1390 532 1244 1152 0 680 1059 797 2221 602 775 1835 1962 2088 662 666 1729 943 1046 1077 
729 1950 805 694 1066 225 891 152 949 1094 613 1246 1590 571 1421 594 470 882 582 1407 492 486 626 449 424 701 704 1712 853 262 1294 632 1126 1238 934 673 714 656 0 829 119 2001 116 260 1612 1719 1899 806 616 1577 698 732 776 
201 1394 230 722 581 664 1077 784 430 821 1095 861 1056 504 689 1063 673 500 1055 972 952 642 775 747 712 1144 322 1188 471 774 789 534 593 722 687 1072 973 1008 671 0 788 1511 602 577 1078 1185 1340 1252 1072 1065 436 729 606 
730 1950 838 792 1071 323 1020 43 949 1203 711 1246 1590 604 1421 692 486 883 680 1407 590 519 610 433 440 799 705 1712 854 258 1294 725 1126 1238 1003 626 715 754 111 830 0 2001 214 276 1612 1719 1899 910 714 1577 731 765 809 
1387 1298 1475 1968 1225 1897 2279 1973 1295 2050 2270 2057 960 1666 1524 2289 1876 1342 2237 2123 2165 1835 1798 1932 1878 2323 1369 376 1247 2019 920 1789 1561 1673 1860 2290 2116 2196 1847 1485 1938 0 1778 1749 982 1089 1241 2415 2253 2056 1557 1731 1621 
650 1872 709 598 991 129 795 243 862 980 517 1199 1516 475 1347 498 421 803 486 1349 396 390 570 537 460 605 625 1638 774 220 1220 536 1044 1156 835 733 790 560 91 750 208 1940 0 337 1538 1645 1800 710 520 1495 602 636 680 
618 1831 689 838 958 325 1020 306 830 1140 732 1164 1493 455 1324 713 277 771 701 1317 611 327 495 336 231 820 593 1615 742 435 1197 613 1017 1129 895 657 575 775 265 718 313 1897 263 0 1515 1622 1777 930 735 1468 582 650 687 
1017 551 1114 1601 798 1507 1905 1601 957 1707 1867 1666 169 1305 896 1908 1485 1009 1834 1828 1766 1459 1437 1572 1496 1953 1008 714 900 1608 712 1428 1213 1325 1480 1896 1741 1818 1486 1115 1570 1101 1408 1379 0 331 507 2017 1858 1664 1196 1370 1271 
1041 245 1114 1615 808 1531 1957 1625 974 1731 1901 1690 131 1305 1066 1926 1509 1009 1868 1872 1790 1464 1437 1596 1520 1966 1008 724 924 1632 722 1428 1235 1347 1504 1925 1765 1818 1510 1139 1594 1101 1432 1403 310 0 648 2042 1880 1686 1196 1370 1298 
1406 608 1494 1983 1244 1924 2294 1986 1314 2082 2270 2065 569 1685 1455 2289 1904 1361 2237 2131 2165 1845 1822 1961 1912 2323 1388 1139 1266 2019 1037 1847 1580 1692 1903 2314 2140 2214 1870 1504 1951 1477 1797 1768 530 731 0 2415 2253 2122 1576 1750 1640 
1186 2478 1263 821 1516 721 480 988 1403 717 169 1099 2117 1016 1819 543 947 1321 197 1461 534 921 1097 1115 966 257 1144 2245 1307 776 1767 1099 1555 1667 1025 1376 1287 714 831 1288 962 2521 753 923 2133 2267 2391 0 344 2041 1085 1181 1225 
1020 2324 1083 811 1358 557 638 819 1245 875 228 1331 1965 834 1728 484 780 1163 197 1686 370 749 929 940 819 316 986 2064 1149 612 1601 949 1397 1509 1048 1229 1132 622 667 1124 784 2406 589 762 1981 2113 2239 298 0 1853 943 1034 1062 
995 1950 1040 1541 1068 1458 1864 1552 920 1685 1833 1516 1605 1236 1436 1844 1436 1123 1785 1236 1717 1395 1368 1523 1447 1908 936 1727 1075 1559 1305 1354 603 405 1458 1858 1692 1733 1437 1093 1521 2024 1359 1330 1627 1734 1899 1981 1808 0 1127 1301 1232 
503 1566 219 900 706 556 1193 715 564 1163 974 1164 1228 148 823 937 355 463 934 1349 842 324 375 551 394 1055 351 1346 500 666 933 634 687 816 982 1002 860 994 563 472 680 1622 494 445 1250 1357 1512 1131 980 1208 0 329 208 
679 1656 522 1113 668 644 1335 774 740 1393 1063 1352 1318 307 899 1063 430 571 1023 1485 945 384 275 441 458 1112 551 1410 509 754 997 949 863 1009 1168 1044 750 1075 651 767 768 1686 582 533 1340 1447 1602 1220 1040 1348 319 0 153 
588 1642 437 1113 635 669 1335 828 649 1290 1095 1246 1304 261 897 1063 457 483 1055 1407 976 413 338 514 492 1144 460 1410 429 779 997 841 772 906 1090 1104 823 1133 676 676 793 1686 607 558 1326 1433 1588 1252 1072 1258 235 166 0 
0 1500 464 860 634 776 1168 887 488 855 1153 889 1146 748 712 1186 768 645 1114 1083 1037 730 852 881 802 1192 461 1244 639 835 843 681 613 747 734 1213 1147 1148 765 308 845 1533 680 665 1144 1312 1389 1346 1140 1089 702 789 711 
1368 0 1405 1954 1066 1887 2236 2036 1154 1975 2320 1974 341 1572 1138 2294 1772 1285 2279 2125 2214 1723 1670 1857 1797 2392 1270 953 1169 2053 990 1702 1440 1563 1878 2396 2210 2138 1939 1420 1973 1298 1883 1813 528 245 631 2478 2360 1935 1485 1612 1517 
429 1520 0 639 557 573 991 684 503 1046 939 1060 1166 297 727 998 518 342 892 1244 857 480 580 678 552 989 164 1244 336 632 858 438 577 711 850 990 888 918 562 320 642 1533 477 462 1164 1332 1409 1132 950 1083 247 524 446 
784 2010 855 0 1051 681 349 973 983 456 824 1050 1667 970 1294 425 928 836 794 1198 759 893 1085 1028 947 798 658 1745 830 930 1417 323 1093 1216 368 1346 1303 302 827 804 954 2092 719 828 1665 1836 1931 804 842 1563 1009 1138 1043 
584 1213 578 1176 0 1067 1489 1179 428 1220 1429 1220 929 793 494 1461 1010 368 1390 1435 1313 985 822 1067 1035 1468 478 1024 229 1108 585 937 663 797 1111 1481 1433 1350 1077 642 1136 1344 947 944 948 1025 1176 1622 1416 1139 747 703 701 
741 1984 733 532 1023 0 860 357 966 960 617 1256 1637 449 1264 699 446 811 580 1471 545 408 588 625 480 671 633 1715 805 320 1387 499 1048 1171 863 835 835 565 222 818 344 2023 114 409 1635 1808 1899 776 628 1518 598 659 683 
1124 2362 1181 338 1444 999 0 1280 1349 539 475 1000 2027 1326 1639 291 1309 1192 511 1370 831 1307 1481 1425 1334 449 1024 2094 1246 1057 1762 661 1443 1566 654 1475 1716 403 1171 1115 1264 2416 1040 1240 2013 2188 2268 455 723 1935 1291 1483 1396 
876 2166 925 838 1224 365 1152 0 1146 1254 739 1389 1820 639 1436 821 539 993 702 1602 667 598 657 457 513 793 797 1917 1045 262 1559 792 1243 1366 1166 576 751 814 162 970 43 2210 233 355 1823 1992 2086 898 750 1713 788 815 872 
513 1386 498 1086 473 987 1421 1078 0 1130 1359 1158 1032 722 582 1391 938 480 1320 1289 1243 922 826 998 969 1398 377 1109 474 1038 713 835 519 653 1039 1392 1349 1302 959 571 1035 1454 874 859 1030 1198 1251 1552 1346 1036 676 763 685 
849 2146 1117 459 1240 1072 492 1353 1134 0 739 765 1797 1411 1424 620 1379 1292 775 922 1023 1377 1509 1508 1404 713 1109 1883 1315 1153 1547 730 1308 1431 615 1717 1799 562 1244 958 1337 2210 1113 1323 1795 1972 2057 719 1018 1778 1324 1451 1356 
1372 2654 1590 759 1751 1128 421 1108 1645 713 0 1088 2308 1385 1943 476 1319 1601 36 1458 387 1317 1491 1509 1344 71 1433 2374 1655 832 2069 1073 1796 1917 1077 1268 1756 627 1094 1464 1092 2685 1077 1330 2294 2480 2549 173 248 2273 1497 1529 1569 
818 2128 1117 981 1207 1307 851 1468 1101 705 1031 0 1764 1363 1391 1034 1309 1244 1064 287 1420 1307 1461 1425 1334 1031 1061 1844 1282 1402 1514 1190 1243 1366 1111 1759 1716 1144 1371 926 1425 2173 1241 1240 1762 1954 2047 1043 1258 1629 1276 1403 1308 
1014 337 1062 1624 715 1521 1927 1709 846 1644 1993 1652 0 1224 786 1965 1424 975 1952 1838 1852 1375 1322 1490 1449 2065 937 609 826 1643 630 1359 1093 1216 1537 2033 1838 1797 1612 1063 1666 970 1482 1481 187 154 545 2151 2033 1563 1137 1264 1169 
764 1774 393 986 936 500 1236 596 812 1357 856 1362 1420 0 1047 937 221 672 819 1567 784 183 355 409 255 914 553 1498 710 559 1170 768 886 1033 1201 962 779 945 489 709 581 1870 404 323 1418 1586 1663 1099 867 1380 258 391 335 
1123 764 1165 1722 807 1624 2004 1835 952 1742 2060 1750 427 1332 0 2069 1532 1043 2019 1949 1954 1483 1430 1598 1557 2132 1030 539 927 1746 640 1462 1203 1326 1635 2136 1961 1913 1715 1175 1769 890 1585 1584 446 581 718 2218 2100 1673 1245 1372 1277 
1216 2470 1254 414 1517 843 306 1066 1422 642 545 1110 2147 1255 1712 0 1197 1265 581 1480 570 1195 1369 1335 1222 519 1097 2203 1319 795 1837 737 1516 1639 736 1229 1626 212 1006 1187 1050 2460 881 1150 2133 2296 2388 525 653 1976 1358 1407 1447 
809 1984 601 974 1071 457 1198 464 966 1314 813 1362 1637 295 1264 895 0 831 776 1532 741 140 270 277 83 867 727 1715 869 516 1387 725 1048 1171 1152 818 663 888 418 895 466 2023 361 208 1635 1808 1899 999 824 1518 466 445 469 
541 1481 270 808 408 742 1169 853 481 1175 1110 1182 1127 524 699 1147 734 0 1071 1397 992 696 628 816 768 1149 170 1237 187 801 830 607 663 797 1061 1147 1118 1079 731 559 811 1499 646 631 1125 1293 1370 1303 1097 1139 478 565 487 
1443 2731 1577 796 1825 1092 458 1066 1716 750 37 1110 2378 1349 2013 513 1283 1632 0 1480 351 1281 1455 1467 1308 108 1464 2444 1686 796 2139 1121 1869 1989 1113 1229 1728 591 1031 1535 1050 2770 1041 1294 2364 2550 2619 196 212 2345 1461 1493 1533 
983 2255 1235 1127 1344 1486 1190 1692 1228 865 1368 317 1909 1535 1507 1363 1533 1416 1401 0 1757 1531 1633 1649 1558 1368 1233 1984 1425 1626 1630 1324 1011 1069 1197 2007 1927 1303 1595 1066 1649 2315 1465 1464 1895 2081 2137 1440 1595 1307 1448 1575 1480 
1450 2731 1392 823 1817 868 744 861 1708 1022 351 1400 2378 1164 2013 477 1098 1551 314 1770 0 1096 1270 1242 1123 405 1383 2444 1605 608 2139 1148 1839 1942 1157 1087 1578 599 861 1515 849 2770 818 1096 2364 2548 2619 510 362 2298 1276 1308 1348 
669 1892 529 786 982 317 1069 456 925 1175 673 1182 1543 245 1170 755 187 768 636 1397 601 0 455 336 193 727 590 1621 762 376 1293 585 1011 1134 987 766 679 748 306 755 428 1940 221 177 1541 1709 1786 832 684 1481 394 526 493 
808 1817 586 1101 887 593 1295 598 856 1442 957 1450 1458 359 1085 998 288 716 918 1652 877 276 0 285 306 989 612 1536 754 652 1208 861 938 1064 1296 905 566 1046 582 866 607 1870 497 453 1456 1624 1701 1150 950 1411 390 222 320 
918 1957 697 1086 1065 635 1376 379 959 1441 1007 1450 1608 470 1235 1079 304 827 968 1655 923 355 250 0 241 1047 723 1686 865 617 1358 847 1046 1169 1268 720 556 1087 463 981 388 2001 534 357 1606 1774 1899 1200 992 1516 501 408 465 
830 2061 628 986 1149 478 1224 402 1032 1331 834 1362 1706 338 1333 925 109 881 797 1555 762 199 320 215 0 888 751 1784 945 537 1456 746 1102 1225 1178 771 684 918 411 926 411 2101 382 202 1704 1887 1972 1009 845 1572 493 495 519 
1372 2654 1590 752 1751 1188 414 1211 1645 706 110 1088 2308 1445 1943 469 1379 1601 146 1458 497 1377 1551 1575 1404 0 1433 2374 1655 939 2069 1073 1796 1917 1075 1363 1838 667 1216 1464 1214 2685 1163 1390 2294 2480 2549 283 358 2273 1557 1589 1629 
438 1453 197 735 399 669 1080 780 351 1046 1039 1066 1099 421 635 1079 642 184 1000 1253 945 604 525 713 676 1078 0 1143 178 728 766 534 590 724 931 1090 1009 1023 658 486 738 1488 573 558 1097 1265 1342 1232 1026 1083 375 462 384 
1222 929 1259 1853 917 1718 2135 1927 1020 1859 2195 1854 591 1426 986 2147 1626 1147 2154 1999 2089 1577 1524 1692 1651 2267 1124 0 1031 1887 637 1556 1298 1421 1734 2226 2090 1991 1816 1274 1864 351 1679 1678 610 745 882 2353 2235 1768 1339 1466 1371 
622 1386 351 889 240 823 1234 938 544 1255 1201 1270 1032 605 606 1233 815 141 1162 1477 1085 777 709 897 849 1240 251 1127 0 882 737 688 744 878 1122 1214 1177 1148 812 640 892 1472 727 712 1030 1198 1275 1394 1188 1246 559 582 488 
924 2208 920 843 1283 370 991 296 1187 1130 599 1450 1862 634 1477 681 631 1031 562 1655 527 593 773 687 665 653 848 1977 1085 0 1600 810 1296 1419 1166 614 1009 674 296 1031 284 2234 271 524 1848 2034 2105 758 610 1766 783 844 868 
829 1083 860 1437 543 1347 1698 1535 674 1475 1790 1483 721 1058 672 1747 1258 793 1751 1627 1674 1209 1154 1322 1283 1829 751 608 654 1469 0 1185 938 1044 1349 1876 1688 1623 1438 887 1492 879 1308 1307 740 875 999 1970 1777 1391 971 1096 1001 
610 1739 639 314 835 572 643 834 781 700 1062 1092 1385 718 1012 719 715 620 1052 1286 978 677 857 828 749 1062 442 1463 614 782 1135 0 855 989 507 1129 1100 596 712 605 792 1785 610 612 1383 1551 1628 1134 1078 1336 761 918 826 
792 1685 774 1375 834 1269 1683 1430 671 1442 1685 1292 1331 945 958 1669 1145 849 1646 1080 1569 1114 1064 1232 1170 1724 665 1409 843 1364 1082 1107 0 134 1334 1721 1598 1545 1333 850 1387 1754 1203 1202 1329 1497 1574 1889 1672 455 907 991 930 
754 1646 736 1341 796 1200 1648 1350 633 1384 1605 1292 1292 916 919 1634 1116 811 1566 1080 1489 1094 1018 1186 1141 1644 627 1370 805 1284 1046 1073 216 0 1334 1641 1552 1510 1253 812 1307 1699 1123 1122 1290 1458 1535 1798 1592 396 868 952 877 
680 2061 977 323 1149 999 598 1226 1040 559 1056 1020 1706 1128 1333 674 1062 1059 1089 1168 1054 1060 1234 1185 1087 1056 881 1784 1113 1153 1456 505 1177 1300 0 1519 1476 616 1125 799 1183 2101 995 998 1704 1887 1972 1050 1157 1647 1192 1272 1252 
1176 2470 1176 1348 1543 868 1523 616 1448 1666 1194 1674 2147 976 1738 1226 876 1291 1155 1886 1007 886 942 748 850 1233 1123 2213 1345 625 1850 1080 1542 1665 1511 0 603 1255 738 1252 636 2486 771 692 2133 2296 2388 1387 1181 2013 1088 1070 1163 
1116 2362 1046 1281 1409 793 1523 636 1348 1606 1170 1614 2027 811 1638 1226 645 1139 1131 1822 1054 696 591 516 663 1209 1024 2094 1196 852 1761 1013 1442 1565 1445 548 0 1255 709 1187 645 2416 697 617 2013 2188 2268 1363 1157 1935 842 749 806 
1116 2289 1115 314 1361 686 368 973 1259 549 645 1182 1943 1098 1549 175 1043 1109 608 1397 573 1041 1215 1161 1068 661 941 2019 1163 798 1672 630 1353 1476 643 1229 1452 0 832 1090 954 2350 724 962 1929 2115 2178 667 656 1824 1210 1253 1293 
826 2128 839 687 1171 214 964 172 1101 1100 588 1362 1764 555 1391 670 484 938 551 1555 516 514 694 515 458 642 747 1844 996 253 1514 654 1177 1300 1042 670 753 663 0 912 160 2173 82 300 1762 1954 2047 747 599 1647 704 765 789 
292 1599 282 815 723 823 1109 938 577 902 1201 968 1245 579 801 1193 800 557 1162 1140 1085 762 862 922 834 1240 379 1323 551 882 951 602 702 836 782 1214 1177 1094 812 0 892 1616 727 712 1243 1411 1488 1394 1188 1193 529 806 728 
836 2128 883 795 1173 322 1077 43 1107 1202 696 1362 1773 599 1400 778 498 941 659 1567 624 558 656 456 472 750 757 1853 996 249 1523 752 1207 1330 1122 610 753 771 119 926 0 2182 190 314 1771 1954 2047 855 707 1677 748 809 833 
1562 1296 1599 2168 1252 2060 2506 2237 1348 2191 2494 2155 942 1766 1347 2496 1981 1479 2453 2261 2388 1920 1871 2083 2021 2566 1464 346 1363 2227 1021 1926 1634 1757 1995 2599 2441 2340 2113 1614 2174 0 2057 2001 968 1108 1176 2652 2534 2120 1679 1805 1711 
766 2061 757 605 1097 132 861 259 1008 1006 506 1287 1706 473 1333 588 470 865 469 1490 434 432 612 564 504 560 687 1784 859 209 1456 572 1131 1254 961 739 799 581 109 852 231 2101 0 346 1704 1887 1972 665 517 1601 622 683 707 
737 2010 713 854 1051 389 1152 362 983 1247 745 1256 1667 423 1294 827 243 836 708 1461 673 304 482 322 217 799 658 1745 830 448 1417 653 1093 1216 1061 672 585 820 272 823 320 2092 293 0 1665 1836 1931 910 756 1563 578 641 665 
1154 525 1221 1753 854 1680 2058 1892 977 1773 2128 1781 188 1388 958 2107 1588 1116 2087 1963 2022 1539 1486 1654 1613 2200 1086 748 1000 1819 769 1518 1246 1369 1666 2192 2069 1951 1771 1206 1829 1101 1641 1640 0 342 565 2286 2168 1716 1301 1428 1333 
1184 247 1221 1783 869 1680 2091 1892 999 1807 2128 1854 154 1388 958 2107 1588 1116 2087 1981 2022 1539 1486 1654 1613 2200 1086 763 1000 1819 784 1518 1290 1413 1696 2192 2069 1951 1771 1236 1829 1119 1641 1640 341 0 699 2286 2168 1760 1301 1428 1333 
1429 629 1466 1997 1119 1979 2310 2115 1215 2049 2358 2032 525 1633 1211 2350 1836 1346 2317 2157 2252 1784 1731 1907 1856 2430 1331 997 1230 2091 1046 1763 1501 1624 1920 2476 2280 2194 1977 1481 2052 1342 1921 1879 597 679 0 2516 2398 1970 1546 1669 1578 
1456 2758 1638 799 1839 1188 461 1304 1729 753 208 1110 2395 1445 2030 516 1379 1649 230 1480 581 1377 1551 1575 1404 279 1481 2461 1703 1023 2156 1121 1914 2033 1117 1453 1845 714 1292 1548 1290 2792 1163 1390 2381 2567 2636 0 366 2389 1557 1589 1629 
1644 2866 1613 849 1920 1128 665 1088 1825 953 244 1324 2550 1385 2185 576 1319 1665 207 1694 385 1317 1491 1489 1344 315 1497 2616 1719 830 2308 1181 1944 2063 1206 1260 1756 625 1074 1666 1072 2959 1071 1330 2536 2672 2831 353 0 2419 1497 1529 1569 
1092 1974 1109 1674 1088 1568 1958 1756 969 1711 2019 1699 1624 1282 1251 2003 1482 1157 1978 1447 1904 1433 1380 1548 1507 2091 974 1702 1169 1690 1374 1406 625 409 1604 2071 1934 1847 1659 1144 1713 2023 1529 1528 1622 1790 1899 2177 2059 0 1195 1322 1227 
621 1622 273 906 788 660 1249 756 669 1255 1028 1270 1268 160 893 1079 381 529 989 1477 945 343 341 529 415 1062 408 1346 567 719 1026 707 743 877 1147 1108 810 1124 649 589 741 1672 564 483 1266 1434 1511 1221 1003 1246 0 295 220 
762 1685 546 1193 737 662 1376 732 810 1389 1028 1397 1331 333 958 1079 412 628 989 1602 945 345 202 419 430 1064 566 1409 569 721 1082 937 884 1019 1334 1027 700 1124 651 820 741 1754 566 522 1329 1497 1574 1221 1026 1366 354 0 151 
658 1685 464 1137 667 714 1401 846 706 1305 1091 1310 1331 261 958 1104 464 488 1052 1519 978 397 313 501 482 1130 462 1409 446 773 1082 862 780 917 1200 1129 782 1193 703 716 825 1699 618 574 1329 1497 1574 1284 1078 1266 274 165 0 
0 1233 304 701 453 664 991 832 345 708 1135 688 951 507 611 983 670 495 1110 820 1066 631 711 796 678 1185 331 1067 463 826 773 572 528 647 586 1091 1055 918 724 206 802 1412 655 627 973 1076 1213 1283 1139 906 495 628 524 
1196 0 1289 1764 978 1654 2040 1794 1106 1775 2060 1792 289 1463 1075 2036 1626 1132 2035 1872 1971 1587 1559 1731 1634 2110 1190 851 1050 1756 929 1585 1380 1504 1648 1991 1956 1970 1676 1260 1760 1206 1607 1591 413 216 439 2208 2064 1760 1407 1379 1356 
326 1338 0 576 462 477 851 691 401 907 985 885 1056 203 704 774 366 303 960 1031 893 327 475 512 374 1047 145 1118 271 680 866 402 565 684 719 970 852 689 578 220 677 1463 509 451 1078 1181 1322 1133 989 948 191 402 322 
673 1739 757 0 925 401 280 633 855 337 677 748 1457 689 1152 285 721 757 657 880 593 682 845 856 729 688 599 1555 725 602 1286 238 1034 1158 243 960 1115 222 507 699 619 1901 437 687 1479 1582 1723 707 686 1414 757 871 842 
452 1112 515 1015 0 886 1280 1120 316 1044 1396 1005 821 658 453 1201 797 278 1371 1129 1327 782 690 875 823 1446 383 878 191 1089 607 811 607 726 892 1313 1138 1116 996 533 1090 1234 926 906 814 950 1047 1544 1400 1018 621 510 487 
590 1664 552 430 864 0 705 282 803 762 592 1005 1382 328 1077 526 360 705 567 1131 503 321 484 495 368 642 547 1480 673 251 1211 410 965 1089 612 603 778 441 156 684 268 1870 86 324 1404 1507 1648 740 596 1345 406 510 481 
994 2075 1003 288 1213 689 0 921 1150 425 397 808 1744 1012 1439 302 1016 1060 422 997 674 977 1140 1154 1024 408 887 1853 1028 785 1573 526 1290 1414 512 1231 1354 317 795 990 909 2198 725 978 1766 1881 2027 427 614 1670 1048 1166 1165 
688 1739 690 675 964 295 964 0 907 1020 722 1131 1457 466 1152 727 408 803 697 1235 633 440 510 344 346 772 645 1555 771 221 1286 655 1079 1203 857 456 636 686 135 782 43 1901 204 289 1479 1582 1723 870 726 1459 544 606 619 
417 1182 495 973 336 866 1241 1097 0 980 1396 965 899 647 531 1184 810 420 1371 1096 1327 771 764 916 818 1446 348 959 372 1079 693 791 453 572 857 1313 1199 1099 980 498 1069 1304 909 891 892 1025 1127 1520 1400 828 580 681 577 
726 1779 905 303 1055 704 452 938 949 0 645 538 1497 1029 1192 457 1037 1064 670 670 773 998 1161 1172 1045 656 903 1595 1032 869 1326 537 1150 1274 413 1269 1372 401 810 820 924 1940 740 992 1519 1622 1763 675 862 1530 1071 1187 1151 
1280 2451 1256 615 1513 843 327 809 1455 595 0 887 2132 1068 1737 398 1074 1360 25 1151 318 1035 1198 1088 1079 70 1199 2199 1328 598 1883 853 1588 1712 839 1056 1346 491 780 1271 796 2502 795 957 2137 2294 2353 156 217 1984 1146 1224 1221 
696 1755 888 717 1023 1166 757 1329 917 538 934 0 1473 1106 1168 882 1217 1099 959 251 1210 1178 1300 1296 1225 952 936 1571 1051 1291 1302 948 1108 1232 802 1520 1496 826 1211 790 1295 1940 1142 1126 1495 1598 1739 974 1151 1488 1097 1217 1114 
917 312 1003 1483 685 1367 1749 1507 779 1494 1776 1511 0 1183 765 1748 1346 841 1751 1587 1707 1307 1276 1451 1354 1829 889 562 759 1469 640 1298 1079 1203 1367 1698 1674 1677 1389 997 1473 970 1320 1304 124 126 424 1952 1780 1459 1127 1096 1065 
596 1542 274 762 694 372 1053 488 671 1102 779 1131 1260 0 955 784 163 547 754 1237 690 124 295 309 171 829 415 1358 503 477 1090 662 806 930 952 786 649 758 375 490 474 1703 306 248 1282 1385 1526 930 783 1186 128 266 203 
924 680 1005 1487 697 1396 1753 1536 791 1498 1825 1515 368 1183 0 1752 1346 853 1780 1591 1736 1307 1280 1451 1354 1857 936 425 771 1498 574 1327 1079 1203 1371 1727 1703 1696 1418 1011 1502 764 1349 1333 361 494 590 1973 1813 1459 1127 1100 1077 
1038 2075 988 332 1217 534 289 766 1152 484 439 954 1744 822 1439 0 854 1064 464 1059 396 815 982 996 862 450 895 1853 1032 572 1573 534 1290 1414 563 1038 1215 134 640 1040 752 2198 570 820 1766 1881 2027 469 498 1670 900 1008 977 
653 1657 412 724 800 334 1000 407 805 1066 741 1087 1375 188 1070 746 0 673 716 1196 652 77 218 187 65 791 553 1473 609 439 1204 624 937 1061 923 738 557 720 337 628 394 1870 268 180 1397 1500 1641 889 745 1317 266 287 322 
443 1233 296 766 340 667 1077 897 375 1006 1205 989 951 469 600 968 632 0 1180 1119 1136 593 586 737 640 1255 164 1017 149 871 762 592 629 748 883 1164 1009 879 776 461 867 1362 706 692 968 1076 1213 1353 1209 1021 402 463 399 
1271 2384 1235 634 1489 818 352 784 1431 620 25 936 2065 1047 1713 423 1037 1336 0 1184 293 998 1161 1065 1045 95 1175 2132 1304 573 1856 836 1564 1688 864 1038 1323 466 755 1311 771 2482 770 941 2070 2227 2286 173 192 1949 1125 1187 1200 
802 1896 988 849 1143 1232 1027 1372 1027 670 1279 251 1596 1218 1291 1016 1260 1188 1304 0 1333 1221 1384 1339 1268 1290 1021 1694 1156 1334 1425 1054 965 1016 934 1563 1539 960 1254 896 1338 2053 1185 1169 1618 1721 1890 1317 1432 1212 1209 1328 1225 
1088 2222 1035 615 1345 629 634 595 1287 797 307 1298 1905 811 1552 399 843 1192 282 1443 0 804 972 872 839 357 1031 1968 1160 384 1686 817 1420 1544 855 825 1188 447 566 1142 582 2318 581 737 1910 2067 2124 455 311 1800 889 995 965 
576 1655 394 647 821 257 940 395 789 980 664 989 1373 177 1068 669 159 674 639 1119 575 0 375 301 163 714 533 1471 630 362 1202 547 937 1061 829 671 660 643 260 610 373 1870 191 147 1395 1498 1639 812 668 1317 255 393 330 
712 1574 496 899 687 509 1142 518 771 1222 925 1302 1292 308 987 922 225 573 891 1386 827 252 0 260 251 989 567 1390 496 614 1121 799 898 1024 1084 730 513 895 512 712 533 1735 443 399 1314 1417 1558 1073 938 1280 306 181 251 
756 1714 555 884 839 494 1128 341 883 1207 904 1224 1432 331 1127 911 184 725 876 1319 812 257 231 0 149 953 679 1530 648 497 1261 727 1007 1131 1023 614 446 880 388 771 356 1892 428 296 1454 1557 1698 1052 908 1387 409 327 394 
684 1688 417 755 826 365 1046 345 814 1098 772 1131 1406 193 1101 777 63 690 747 1235 683 108 244 149 0 822 558 1504 635 464 1235 655 965 1089 943 695 527 751 342 633 348 1870 299 172 1428 1531 1672 920 776 1345 271 313 346 
1315 2451 1309 626 1536 906 338 868 1478 606 70 898 2132 1121 1760 409 1127 1383 95 1151 377 1088 1251 1187 1127 0 1222 2199 1351 657 1883 864 1611 1735 850 1115 1416 531 839 1311 855 2530 854 998 2137 2294 2353 226 287 1993 1199 1277 1274 
358 1233 223 693 323 594 991 824 259 921 1122 900 951 377 585 891 540 164 1097 1041 1052 501 494 645 548 1172 0 1002 132 798 747 519 556 675 798 1082 914 806 703 388 794 1347 633 619 948 1076 1177 1270 1126 941 310 411 307 
1063 899 1154 1631 832 1521 1900 1661 938 1642 1936 1659 587 1350 983 1907 1513 996 1911 1735 1873 1474 1435 1618 1521 1986 1060 0 924 1623 562 1452 1216 1340 1515 1858 1835 1845 1543 1127 1627 339 1474 1458 580 713 809 2084 1940 1596 1294 1255 1232 
475 1168 328 798 205 699 1077 935 367 1044 1276 1034 872 468 504 1007 607 91 1251 1151 1207 592 500 685 633 1326 196 934 0 907 666 624 658 777 923 1160 972 918 808 493 899 1279 738 716 865 1011 1127 1424 1280 1043 434 320 297 
743 1809 705 652 1016 272 797 221 959 868 539 1199 1524 481 1219 544 511 858 514 1294 441 474 637 498 465 589 700 1622 826 0 1353 632 1116 1240 834 512 839 518 192 837 208 2001 207 363 1546 1649 1790 687 543 1496 559 663 634 
703 857 827 1240 476 1175 1515 1345 570 1285 1614 1302 545 947 621 1498 1110 632 1589 1386 1545 1071 1045 1214 1118 1664 680 561 550 1307 0 1034 861 1006 1156 1536 1482 1413 1227 784 1311 872 1158 1142 538 671 767 1762 1618 1262 876 865 842 
565 1574 579 240 738 335 515 567 677 566 877 889 1292 588 987 520 655 579 852 1031 788 616 779 753 663 929 421 1390 547 536 1121 0 841 971 367 888 1039 436 441 572 553 1735 371 584 1314 1417 1558 952 881 1227 579 787 724 
677 1480 754 1185 696 1120 1460 1329 570 1259 1598 1276 1198 870 891 1425 1039 771 1573 1064 1529 1011 992 1142 1058 1648 607 1296 732 1291 1036 979 0 124 1133 1520 1408 1340 1211 758 1295 1641 1142 1126 1220 1323 1464 1746 1602 380 803 907 800 
660 1469 737 1185 679 1103 1460 1329 553 1259 1598 1276 1187 853 874 1408 1018 754 1573 1064 1529 979 974 1122 1026 1648 590 1285 715 1291 1036 979 200 0 1116 1520 1389 1323 1211 741 1295 1630 1142 1103 1209 1312 1453 1746 1602 316 786 887 783 
585 1701 818 225 954 598 494 830 846 466 891 807 1419 886 1114 499 920 896 879 887 815 879 1046 1056 930 909 738 1517 864 799 1248 368 1034 1158 0 1158 1265 443 704 720 816 1870 634 884 1441 1544 1685 930 908 1414 896 1074 1039 
947 2073 960 1062 1217 682 1223 477 1159 1303 993 1411 1734 722 1429 993 681 1064 968 1487 829 712 755 595 627 1047 903 1834 1032 479 1563 919 1290 1414 1233 0 514 969 576 1022 509 2186 593 557 1756 1879 2027 1141 996 1670 800 851 875 
894 1997 891 1007 1120 632 1272 512 1113 1345 1040 1362 1674 672 1369 1048 546 1008 1015 1438 952 586 514 429 525 1090 851 1772 935 707 1503 865 1258 1382 1158 414 0 1018 590 990 527 2142 566 507 1696 1799 1947 1188 1044 1638 701 610 677 
911 1954 896 237 1114 439 347 671 1096 418 529 857 1657 727 1352 124 759 958 504 997 440 720 883 894 767 562 800 1755 929 536 1486 439 1209 1333 477 980 1159 0 545 940 657 2115 475 725 1679 1782 1931 581 533 1589 805 913 880 
695 1755 657 547 972 167 822 136 912 879 589 1131 1473 433 1168 594 370 810 564 1237 500 391 554 388 340 639 652 1571 778 194 1302 527 1079 1203 729 546 708 558 0 789 119 1940 75 219 1495 1598 1739 737 593 1459 511 615 586 
212 1338 222 730 552 648 1000 878 444 791 1205 771 1056 425 710 949 588 444 1180 912 1136 549 697 734 596 1255 286 1124 412 852 872 557 627 746 669 1140 1088 860 757 0 848 1469 687 673 1078 1181 1322 1353 1209 1021 413 624 544 
700 1755 702 656 977 276 964 43 914 995 698 1168 1473 478 1168 703 388 815 673 1263 609 419 522 356 342 748 657 1571 783 208 1302 636 1079 1203 838 490 651 667 111 794 0 1940 185 259 1495 1598 1739 846 702 1459 556 618 631 
1390 1207 1483 1963 1175 1873 2219 1988 1270 1973 2242 1989 925 1657 1321 2228 1820 1332 2217 2072 2153 1781 1759 1925 1830 2292 1384 347 1250 1979 889 1779 1544 1668 1860 2180 2154 2173 1870 1454 1956 0 1810 1785 923 1050 1164 2390 2246 1943 1601 1579 1556 
624 1701 586 476 898 96 751 204 837 808 518 1066 1419 362 1114 523 394 739 493 1169 429 355 518 462 395 568 581 1517 707 201 1248 456 1007 1131 658 553 763 487 75 718 190 1870 0 274 1441 1544 1685 666 522 1387 440 544 515 
629 1701 492 721 917 310 1000 299 842 1062 738 1066 1419 268 1114 743 178 744 713 1169 649 199 396 297 172 788 586 1517 712 365 1248 600 1007 1131 884 598 587 717 219 708 265 1870 265 0 1441 1544 1685 886 742 1387 346 457 421 
1042 482 1141 1610 813 1500 1891 1640 910 1621 1919 1638 170 1350 893 1883 1513 973 1894 1714 1845 1474 1411 1596 1521 1969 1042 690 887 1602 768 1431 1194 1318 1494 1858 1814 1829 1522 1106 1606 1040 1453 1437 0 296 463 2067 1923 1574 1294 1231 1208 
1042 237 1141 1610 817 1500 1891 1640 915 1621 1919 1638 132 1350 897 1883 1513 973 1894 1714 1845 1474 1411 1596 1521 1969 1042 694 891 1602 772 1431 1194 1318 1494 1858 1814 1829 1522 1106 1606 1040 1453 1437 256 0 556 2067 1923 1574 1294 1231 1208 
1410 444 1503 1983 1195 1887 2251 2009 1290 1996 2282 2012 550 1677 1326 2248 1843 1352 2257 2088 2193 1801 1779 1949 1850 2332 1404 1028 1270 2019 1081 1799 1564 1688 1866 2210 2184 2195 1909 1474 1976 1373 1840 1809 516 622 0 2430 2286 1949 1621 1599 1576 
1344 2488 1382 671 1582 976 383 961 1524 651 156 946 2169 1214 1819 454 1220 1429 173 1197 466 1181 1344 1258 1218 226 1268 2236 1397 746 1899 919 1657 1781 895 1190 1503 576 930 1335 948 2565 944 1089 2174 2331 2390 0 266 2041 1292 1370 1367 
1345 2451 1256 683 1555 867 541 833 1497 809 214 1125 2132 1068 1779 475 1074 1402 189 1376 342 1035 1198 1150 1082 284 1241 2199 1370 622 1883 885 1630 1754 934 1115 1381 515 804 1357 820 2549 819 963 2137 2294 2353 266 0 2029 1146 1224 1221 
987 1779 1015 1556 996 1446 1864 1586 869 1567 1859 1487 1497 1201 1192 1822 1364 1103 1834 1236 1786 1325 1318 1469 1372 1929 936 1595 1031 1548 1326 1377 578 378 1440 1777 1737 1756 1468 1051 1552 1940 1399 1383 1519 1622 1763 2007 1863 0 1145 1235 1132 
511 1469 190 762 639 492 1077 608 570 1074 899 1082 1187 120 836 911 283 438 874 1193 810 244 301 413 291 953 331 1285 448 597 1002 588 697 816 934 910 720 875 495 406 594 1607 426 368 1209 1312 1453 1052 908 1084 0 228 165 
623 1469 412 931 516 534 1171 632 678 1207 943 1224 1187 231 815 948 288 402 918 1319 852 277 188 370 314 1013 478 1285 325 639 986 810 809 930 1081 840 623 927 537 628 647 1607 468 424 1209 1312 1453 1091 950 1186 227 0 123 
537 1388 338 931 491 543 1193 659 596 1110 953 1106 1106 171 790 959 331 377 928 1219 861 295 258 434 342 1023 392 1218 300 648 956 736 723 842 1003 910 693 939 546 554 645 1563 477 419 1128 1231 1372 1101 958 1129 167 125 0 
