15
15
3600
0
2564
1964
2664
1816
2395
2112
2476
2468
1935
1841
2469
2406
1868
1800
0 551 1952 1786 1532 1143 1163 1123 1723 1996 1271 1134 488 563 1558 
562 0 2130 1986 1762 1352 1366 1332 1921 2167 1474 1337 695 500 1751 
2126 2267 0 266 1984 1259 1363 1334 630 1534 1344 2159 1948 2448 1343 
2217 2358 266 0 1984 1120 1224 1195 499 1400 1205 2215 2019 2539 1218 
1523 1689 1771 1627 0 1000 1083 966 1564 1868 1165 1519 1298 1888 1399 
1271 1420 971 807 1043 0 228 165 744 1079 301 1315 1048 1602 626 
1228 1377 1052 876 1141 227 0 123 813 1079 118 1289 1003 1559 651 
1215 1364 1052 883 1021 167 125 0 820 1109 225 1259 993 1546 702 
1866 2064 619 475 1655 748 852 823 0 1047 833 1880 1655 2245 856 
2092 2242 1419 1275 1911 1032 1084 1107 1041 0 980 2111 1893 2423 470 
1366 1515 995 851 1227 309 118 227 788 968 0 1397 1124 1697 544 
1119 1232 1981 1838 1576 1248 1217 1194 1773 2045 1325 0 694 1414 1608 
465 606 1820 1674 1414 1037 1062 1023 1611 1873 1170 679 0 743 1446 
545 482 2165 2021 1762 1390 1402 1370 1980 2213 1510 1362 732 0 1789 
1755 1947 1073 938 1532 678 636 703 865 449 532 1774 1553 2152 0 
0 579 2168 2024 1625 1204 1301 1184 2010 2211 1387 1182 479 583 1771 
562 0 2364 2220 1854 1411 1512 1391 2166 2446 1594 1369 686 500 2019 
2287 2520 0 266 1943 910 1020 993 630 1487 1052 2208 2123 2869 1058 
2117 2293 266 0 1781 779 887 854 499 1368 895 2074 1852 2635 939 
1646 1899 1973 1838 0 1000 1105 980 1822 2009 1205 1661 1469 2200 1574 
1377 1448 971 825 1103 0 228 165 760 1079 301 1347 1066 1634 636 
1302 1424 1052 894 1240 227 0 123 829 1068 118 1314 1066 1610 651 
1274 1389 1052 908 1103 167 125 0 836 1096 225 1300 1021 1575 712 
2095 2293 619 475 1766 750 858 825 0 1034 866 2053 1828 2635 857 
2477 2634 1521 1377 2093 1136 1108 1147 1139 0 1003 2406 2237 3032 470 
1415 1556 1052 869 1336 309 118 227 804 968 0 1424 1174 1742 544 
1209 1266 2189 2045 1646 1260 1322 1240 2010 2237 1430 0 677 1452 1790 
479 651 2033 1889 1529 1066 1073 1046 1843 2107 1181 677 0 772 1646 
545 482 2398 2254 1921 1448 1548 1428 2200 2476 1631 1374 723 0 2049 
2020 2163 1141 1000 1712 723 635 702 999 426 531 1973 1754 2505 0 
0 779 2351 2196 1794 1490 1488 1410 2175 2427 1663 1300 628 735 1872 
739 0 2541 2386 2027 1719 1732 1673 2365 2655 1916 1559 871 803 2100 
2547 2711 0 276 2281 1619 1725 1773 810 1868 1848 2498 2243 2986 1652 
2797 2978 266 0 2469 1460 1566 1614 638 1658 1677 2730 2456 3231 1493 
1895 2068 2203 2048 0 1395 1559 1434 2055 2332 1731 1775 1596 2260 1777 
1503 1685 1106 958 1230 0 298 260 973 1265 385 1407 1221 2029 729 
1599 1781 1168 1034 1312 246 0 126 1019 1175 140 1469 1317 2029 680 
1488 1670 1246 1127 1350 295 149 0 1084 1280 263 1385 1206 2029 777 
2502 2663 780 618 2213 1138 1199 1248 0 1216 1303 2462 2198 2875 1106 
2609 2822 1514 1395 2308 1226 1161 1237 1178 0 1129 2554 2305 3033 518 
1687 1911 1197 1078 1413 352 165 262 1041 1001 0 1584 1405 2100 558 
1350 1532 2351 2196 1794 1490 1488 1410 2175 2427 1663 0 808 1848 1872 
625 801 2078 1943 1612 1282 1336 1249 1930 2232 1511 843 0 1195 1664 
674 595 2504 2349 2008 1694 1707 1648 2328 2635 1882 1534 853 0 2080 
2193 2354 1230 1111 1889 789 715 791 1063 562 629 2085 1880 2546 0 
0 688 2160 1997 1740 1328 1438 1368 2010 2336 1633 1313 593 742 1765 
677 0 2363 2200 1967 1551 1646 1591 2225 2533 1855 1531 822 717 1961 
2387 2507 0 345 2144 1167 1310 1260 961 1895 1308 2429 2135 2768 1308 
2164 2284 300 0 1940 910 1126 1072 708 1618 1133 2176 1873 2541 1106 
1891 2074 2185 2022 0 1355 1524 1395 2042 2383 1662 1949 1640 2280 1816 
1421 1596 1151 971 1226 0 352 245 961 1297 430 1403 1158 1731 762 
1515 1690 1254 1048 1364 313 0 134 1026 1269 171 1525 1252 1829 787 
1447 1622 1254 1048 1274 233 159 0 1006 1321 297 1438 1184 1757 814 
2164 2284 802 606 1940 910 1126 1072 0 1320 1133 2176 1873 2541 1106 
2483 2603 1735 1524 2292 1317 1312 1337 1474 0 1190 2545 2231 2892 526 
1725 1916 1372 1161 1592 486 244 344 1167 1176 0 1730 1462 2121 715 
1268 1443 2160 1997 1740 1328 1438 1368 2010 2336 1633 0 815 1578 1765 
573 755 2029 1856 1599 1205 1339 1245 1880 2196 1512 933 0 1009 1643 
662 662 2414 2251 2034 1610 1705 1650 2276 2584 1899 1567 878 0 2012 
2097 2210 1386 1175 1886 869 808 879 1167 557 648 2120 1824 2467 0 
0 651 2185 1954 1759 1323 1427 1336 1931 2251 1597 1288 551 710 1696 
632 0 2434 2203 1958 1511 1647 1524 2180 2439 1785 1476 772 695 1922 
2385 2446 0 327 2273 1520 1619 1628 947 2067 1664 2399 2144 2697 1581 
2499 2560 350 0 2348 1454 1553 1562 739 1888 1598 2534 2258 2819 1515 
1664 1811 2045 1797 0 1179 1326 1192 1798 2143 1453 1771 1484 2075 1567 
1417 1554 1170 1005 1249 0 381 229 981 1330 488 1561 1237 1793 769 
1440 1577 1267 1091 1364 317 0 138 1085 1323 218 1561 1260 1826 815 
1417 1554 1267 1091 1249 206 184 0 1067 1364 399 1561 1237 1793 837 
2115 2153 812 623 1958 982 1067 1103 0 1379 1127 2111 1825 2404 1051 
2385 2446 1647 1471 2235 1305 1357 1412 1273 0 1193 2399 2144 2697 588 
1611 1748 1335 1159 1560 442 277 401 1169 1186 0 1718 1431 2075 691 
1236 1373 2277 2046 1831 1403 1531 1416 2073 2327 1677 0 826 1612 1796 
577 693 2045 1796 1599 1179 1326 1192 1797 2143 1453 829 0 957 1566 
694 600 2449 2218 2028 1567 1703 1580 2195 2498 1851 1530 834 0 1981 
1952 2078 1293 1117 1831 821 836 840 1101 572 697 2056 1737 2329 0 
0 632 2130 1967 1792 1278 1472 1357 1966 2196 1542 1314 547 717 1666 
664 0 2360 2197 2003 1483 1661 1562 2178 2445 1747 1508 770 689 1899 
2277 2433 0 353 2187 1171 1356 1359 821 1881 1330 2385 2084 2724 1304 
2103 2259 310 0 2003 946 1152 1126 617 1636 1125 2190 1919 2529 1097 
1770 1913 2036 1851 0 1132 1373 1211 1862 2128 1396 1762 1522 2101 1569 
1441 1500 1112 939 1240 0 374 230 896 1277 452 1359 1193 1760 744 
1516 1575 1298 1124 1405 342 0 176 1122 1280 230 1487 1268 1868 809 
1441 1500 1272 1098 1288 235 184 0 1066 1360 372 1424 1193 1760 866 
2126 2282 877 679 2060 1000 1211 1183 0 1438 1185 2262 1935 2552 1151 
2314 2470 1675 1501 2217 1225 1329 1354 1344 0 1114 2411 2121 2768 501 
1678 1737 1341 1167 1536 497 249 379 1161 1186 0 1670 1430 1969 694 
1298 1357 2164 2001 1792 1281 1472 1360 1974 2203 1545 0 811 1617 1688 
581 678 2036 1851 1642 1151 1373 1230 1862 2128 1415 803 0 961 1569 
675 537 2382 2219 2060 1527 1705 1606 2200 2503 1791 1575 812 0 1957 
1996 2122 1287 1113 1892 845 798 817 1110 541 628 2107 1806 2392 0 
0 648 2042 1880 1686 1196 1370 1298 1894 2159 1435 1211 578 680 1628 
731 0 2415 2253 2122 1576 1750 1640 2242 2516 1823 1541 953 729 1999 
2267 2391 0 344 2041 1085 1181 1225 741 1645 1184 2292 2066 2624 1150 
2113 2239 298 0 1853 943 1034 1062 577 1490 1016 2072 1873 2472 995 
1734 1899 1981 1808 0 1127 1301 1232 1789 2059 1366 1703 1592 2139 1555 
1357 1512 1131 980 1208 0 329 208 889 1248 437 1322 1215 1750 743 
1447 1602 1220 1040 1348 319 0 153 981 1221 230 1386 1305 1855 742 
1433 1588 1252 1072 1258 235 166 0 1020 1298 305 1386 1291 1855 815 
2115 2239 822 632 1955 965 1063 1107 0 1276 1069 2104 1933 2472 1050 
2372 2496 1657 1477 2292 1289 1241 1322 1263 0 1125 2461 2171 2755 600 
1622 1777 1252 1072 1495 464 241 383 1020 1119 0 1591 1480 2049 617 
1206 1361 2142 1980 1759 1307 1481 1372 1986 2239 1546 0 937 1599 1724 
585 699 1961 1774 1577 1108 1282 1213 1761 2023 1347 769 0 925 1527 
663 634 2415 2253 2122 1576 1750 1640 2242 2516 1823 1550 965 0 1999 
1975 2093 1252 1072 1781 884 728 859 1050 527 646 1933 1816 2326 0 
0 660 2172 1999 1735 1277 1446 1367 1996 2305 1604 1297 590 716 1737 
721 0 2369 2196 1952 1481 1626 1571 2199 2508 1782 1503 791 613 1980 
2344 2453 0 300 2075 1101 1253 1240 776 1726 1244 2408 2118 2725 1213 
2158 2267 310 0 1899 943 1037 1057 592 1534 1036 2211 1932 2526 1021 
1795 1897 2042 1897 0 1169 1372 1259 1904 2196 1496 1789 1520 2110 1624 
1442 1496 1157 1018 1220 0 329 245 943 1262 389 1449 1167 1824 752 
1504 1558 1254 1107 1379 309 0 156 1030 1223 173 1536 1229 1895 725 
1468 1522 1296 1149 1275 236 138 0 1118 1324 307 1449 1193 1851 857 
2158 2267 785 582 1899 943 1037 1057 0 1257 1036 2211 1932 2526 1021 
2458 2567 1637 1490 2200 1240 1265 1339 1353 0 1146 2545 2232 2856 574 
1693 1747 1270 1123 1473 385 175 323 1065 1168 0 1687 1418 2094 655 
1291 1345 2172 1999 1735 1277 1446 1367 1996 2305 1604 0 862 1670 1737 
660 668 1986 1839 1551 1130 1233 1163 1808 2141 1426 804 0 926 1565 
703 545 2480 2307 2034 1570 1715 1660 2310 2610 1869 1578 866 0 2082 
2073 2175 1254 1107 1785 817 729 814 1030 597 627 2110 1834 2434 0 
0 656 2198 2035 1726 1326 1436 1355 2028 2261 1544 1297 576 709 1786 
653 0 2426 2263 1963 1532 1622 1561 2197 2486 1750 1483 772 608 2001 
2531 2611 0 329 2359 1488 1595 1617 827 1972 1598 2573 2309 2861 1633 
2581 2661 282 0 2399 1389 1496 1518 652 1742 1499 2623 2359 2947 1534 
1772 1899 2051 1853 0 1161 1301 1190 1864 2102 1379 1745 1494 2094 1626 
1426 1551 1122 961 1193 0 341 249 954 1290 405 1433 1148 1689 751 
1512 1637 1223 1063 1392 328 0 133 1024 1214 149 1522 1234 1775 717 
1512 1637 1240 1080 1254 195 144 0 1035 1266 293 1522 1234 1775 792 
2175 2255 766 600 1994 1023 1114 1142 0 1276 1117 2179 1956 2523 1112 
2423 2503 1687 1527 2224 1280 1269 1328 1336 0 1126 2455 2201 2793 546 
1662 1787 1240 1080 1465 385 181 314 1024 1114 0 1635 1384 1964 631 
1288 1413 2225 2062 1726 1348 1436 1377 2028 2295 1566 0 802 1551 1810 
563 665 2045 1853 1575 1161 1279 1190 1864 2102 1379 802 0 909 1621 
667 561 2522 2359 2113 1657 1747 1686 2293 2628 1873 1553 845 0 2143 
2090 2146 1315 1155 1824 831 743 835 1129 599 611 2074 1841 2414 0 
0 699 2286 2168 1760 1301 1428 1333 2096 2438 1510 1296 557 671 1922 
679 0 2516 2398 1970 1546 1669 1578 2326 2666 1755 1509 803 641 2206 
2567 2636 0 366 2389 1557 1589 1629 758 1806 1597 2507 2273 2891 1668 
2672 2831 353 0 2419 1497 1529 1569 562 1608 1537 2662 2428 3079 1558 
1790 1899 2177 2059 0 1195 1322 1227 1988 2320 1404 1779 1556 2140 1810 
1434 1511 1221 1003 1246 0 295 220 983 1297 395 1435 1200 1771 836 
1497 1574 1221 1026 1366 354 0 151 983 1162 174 1522 1263 1856 737 
1497 1574 1284 1078 1266 274 165 0 1047 1270 299 1462 1263 1856 819 
2379 2461 765 617 2143 1119 1169 1209 0 1316 1177 2364 2098 2681 1240 
2550 2619 1714 1508 2298 1347 1217 1337 1355 0 1099 2490 2256 2891 561 
1672 1749 1233 1026 1481 446 218 317 1001 1079 0 1661 1438 2068 635 
1286 1363 2353 2235 1796 1363 1490 1395 2163 2472 1572 0 806 1623 1956 
602 739 2177 2059 1615 1195 1322 1227 1988 2320 1404 814 0 950 1810 
683 694 2652 2534 2090 1646 1769 1678 2462 2774 1862 1586 875 0 2329 
2171 2247 1303 1097 1881 865 772 829 1080 506 664 2073 1860 2467 0 
0 650 2720 2575 2087 1614 1559 1474 2430 2768 1679 1360 633 652 2266 
731 0 3106 2956 2338 1916 1823 1767 2839 2992 1941 1645 920 649 2514 
2598 2622 0 281 2435 1177 1165 1216 776 1688 1223 2521 2269 2788 1400 
2367 2467 276 0 2283 989 1019 1058 608 1535 1057 2342 2114 2625 1300 
1818 1899 2397 2321 0 1250 1330 1277 2176 2346 1430 1782 1533 2067 1899 
1647 1718 1241 1082 1336 0 266 232 1021 1279 366 1608 1359 1939 813 
1459 1530 1345 1186 1543 322 0 138 1128 1201 162 1407 1171 1776 678 
1459 1530 1467 1308 1434 299 157 0 1203 1234 270 1434 1171 1776 786 
2367 2467 724 552 2283 989 1019 1055 0 1234 1057 2342 2114 2625 1153 
2784 2799 1779 1620 2649 1416 1259 1321 1268 0 1187 2685 2433 2939 638 
1568 1639 1333 1174 1608 348 125 261 1128 1079 0 1529 1280 1888 548 
1344 1415 2620 2481 1912 1510 1457 1406 2336 2629 1577 0 797 1661 2175 
656 666 2460 2321 1767 1390 1334 1265 2176 2501 1454 769 0 946 2022 
664 580 3193 3085 2441 2062 1985 1883 2968 3126 2103 1734 1000 0 2654 
2202 2248 1359 1200 2275 807 692 803 1128 577 577 2113 1855 2406 0 
0 622 2529 2385 2117 1558 1471 1448 2335 2544 1579 1390 661 613 2127 
678 0 2873 2738 2465 1911 1840 1813 2668 2923 1948 1701 1014 514 2486 
2439 2523 0 266 2269 1021 1077 1132 664 1570 1057 2415 2197 2745 1295 
2277 2361 266 0 2097 914 964 988 533 1445 929 2230 2035 2578 1161 
1792 1895 2179 2035 0 1127 1216 1106 1980 2171 1298 1795 1550 2118 1752 
1555 1632 1257 1095 1320 0 284 171 870 1206 301 1558 1313 1769 752 
1420 1497 1358 1196 1521 298 0 123 995 1109 118 1437 1178 1634 669 
1420 1497 1460 1298 1392 204 125 0 1024 1206 225 1411 1178 1634 741 
2192 2276 747 595 2030 910 959 979 0 1079 912 2192 1964 2493 1010 
2575 2659 1576 1414 2465 1231 1165 1220 1084 0 1105 2551 2333 2799 604 
1544 1621 1338 1176 1548 342 120 241 978 997 0 1547 1302 1758 561 
1247 1324 2378 2234 1848 1377 1291 1268 2184 2363 1399 0 751 1461 1938 
527 626 2306 2162 1733 1279 1239 1216 2112 2305 1347 743 0 778 1889 
622 501 2907 2763 2494 1957 1889 1864 2722 2992 1997 1724 1037 0 2535 
2142 2226 1460 1298 1933 760 649 715 1004 519 539 2104 1851 2443 0 
0 556 2067 1923 1574 1294 1231 1208 1843 2136 1339 1167 516 595 1655 
622 0 2430 2286 1949 1621 1599 1576 2220 2498 1707 1543 854 500 2039 
2331 2390 0 266 2041 1292 1370 1367 690 1525 1351 2286 2068 2527 1351 
2294 2353 266 0 2029 1146 1224 1221 566 1450 1205 2286 2031 2490 1229 
1622 1763 2007 1863 0 1145 1235 1132 1788 2096 1317 1675 1431 1905 1601 
1312 1453 1052 908 1084 0 228 165 899 1188 301 1326 1121 1593 713 
1312 1453 1091 950 1186 227 0 123 922 1079 118 1326 1121 1593 651 
1231 1372 1101 958 1129 167 125 0 922 1140 225 1289 1054 1512 721 
1879 2027 619 475 1670 760 864 835 0 1047 845 1917 1668 2159 900 
2163 2222 1472 1328 1921 1075 1084 1134 1041 0 980 2145 1900 2359 502 
1385 1526 1073 938 1272 309 118 227 922 968 0 1415 1194 1666 544 
1181 1322 2084 1940 1596 1294 1255 1232 1871 2160 1363 0 770 1462 1676 
503 599 1952 1780 1459 1127 1080 1056 1709 1996 1188 699 0 737 1522 
546 482 2440 2296 1984 1641 1619 1596 2230 2534 1727 1583 894 0 2075 
1779 1931 1167 1023 1617 726 635 702 950 483 531 1833 1588 2062 0 
0 551 1981 1838 1544 1144 1163 1143 1768 2065 1271 1151 483 563 1636 
562 0 2200 2056 1729 1352 1362 1344 1991 2241 1470 1342 690 500 1835 
1985 2115 0 266 1854 920 1016 1001 630 1471 998 2034 1806 2252 1109 
1880 1979 266 0 1710 780 884 855 499 1341 865 1895 1671 2115 1005 
1645 1768 1952 1808 0 1124 1224 1123 1745 2045 1306 1682 1462 1905 1613 
1336 1453 971 811 1169 0 228 165 746 1123 301 1328 1147 1590 638 
1240 1332 1052 880 1245 227 0 123 815 1079 118 1246 1035 1469 651 
1230 1322 1052 887 1169 167 128 0 822 1142 228 1211 993 1459 714 
1867 1962 619 475 1687 750 854 825 0 1047 835 1874 1648 2108 866 
2083 2226 1405 1261 1921 1043 1037 1109 1041 0 933 2103 1893 2363 436 
1361 1453 1052 855 1331 311 118 227 790 968 0 1354 1147 1590 544 
1134 1224 2001 1858 1545 1166 1191 1165 1791 2065 1299 0 714 1361 1659 
453 594 1871 1712 1399 1026 1031 1013 1649 1979 1139 695 0 731 1517 
545 482 2220 2076 1774 1386 1399 1381 2033 2241 1507 1369 727 0 1835 
1776 1890 1116 980 1621 714 633 700 903 470 529 1782 1562 2039 0 
0 551 1952 1760 1528 1143 1163 1123 1697 1968 1271 1134 476 563 1513 
572 0 2116 1972 1758 1351 1372 1331 1921 2151 1480 1342 693 569 1725 
1958 2273 0 266 1798 907 1008 985 630 1443 989 2034 1757 2410 1037 
1836 1975 266 0 1683 773 877 848 499 1338 858 1874 1634 2115 935 
1496 1736 1820 1670 0 1011 1126 1003 1607 1868 1208 1533 1299 1774 1423 
1208 1448 971 811 1043 0 228 165 748 1079 301 1245 1048 1486 674 
1191 1431 1052 880 1131 227 0 123 817 1075 118 1245 993 1469 651 
1181 1421 1052 887 1021 167 125 0 824 1109 225 1203 990 1459 721 
1793 1962 619 475 1643 744 848 819 0 1034 829 1833 1596 2076 906 
2086 2389 1452 1308 1921 1062 1084 1134 1041 0 980 2111 1890 2526 466 
1312 1552 1052 855 1215 309 118 227 792 968 0 1336 1115 1590 544 
1085 1323 1952 1781 1529 1165 1191 1145 1718 1979 1299 0 688 1361 1534 
453 594 1782 1638 1385 1026 1031 1003 1575 1797 1139 697 0 807 1391 
545 482 2155 2011 1758 1385 1406 1365 1973 2167 1514 1369 722 0 1759 
1715 1962 1091 950 1556 693 633 700 884 467 529 1752 1518 1993 0 
