11
5
10800
0
2015
2076
2293
2589
2646
2287
2070
1829
2456
2690
0 558 858 672 1093 648 538 395 889 604 1105 
560 0 1187 815 1413 621 408 671 502 499 740 
457 744 0 824 711 859 575 145 1080 809 1291 
636 863 1231 0 1455 552 948 710 1062 753 784 
1098 1402 638 1481 0 1506 1223 783 1721 1457 1953 
644 694 1343 557 1568 0 847 829 557 280 498 
539 413 1046 975 1340 865 0 544 713 743 931 
401 688 489 768 708 803 519 0 1028 753 1220 
955 506 1580 1051 1844 557 745 1064 0 640 559 
605 571 1246 750 1467 279 724 725 640 0 666 
1133 1033 1729 784 1993 498 1184 1213 588 666 0 
0 735 996 844 1329 899 763 506 1112 872 1367 
711 0 1260 1044 1552 869 538 791 629 727 911 
559 869 0 1000 794 1094 633 185 1268 1079 1460 
792 1063 1303 0 1595 755 1157 847 1424 1160 1061 
1289 1584 722 1724 0 1794 1448 907 1954 1845 2195 
933 932 1500 757 1792 0 1124 1029 809 444 618 
681 549 1095 1181 1366 1106 0 613 860 1020 1128 
533 843 522 956 808 1074 607 0 1217 1065 1460 
1160 742 1710 1449 1994 822 988 1239 0 830 745 
980 857 1446 1129 1738 474 1037 975 935 0 936 
1368 1017 1901 1082 2201 675 1146 1428 717 894 0 
0 622 875 756 1155 735 622 439 1015 756 1259 
682 0 1206 939 1524 773 519 759 631 742 842 
504 793 0 917 756 997 600 152 1218 968 1448 
717 949 1234 0 1552 680 1071 794 1338 968 1055 
1203 1483 679 1564 0 1665 1326 831 1916 1598 2090 
818 827 1442 674 1760 0 1019 973 817 411 597 
668 510 1052 1052 1327 1087 0 606 853 968 1105 
440 729 487 851 742 926 536 0 1105 942 1351 
1138 646 1678 1348 2058 791 913 1209 0 796 682 
767 676 1289 993 1607 330 884 838 873 0 850 
1290 994 1824 956 2210 591 1089 1347 769 845 0 
0 770 980 815 1320 850 704 512 1105 889 1298 
760 0 1319 1021 1581 847 507 826 599 771 854 
571 926 0 994 863 1112 624 178 1254 1049 1468 
775 1033 1319 0 1581 745 1150 823 1396 1146 939 
1305 1698 700 1714 0 1803 1393 878 2091 1783 2178 
834 984 1589 773 1891 0 1136 1043 725 430 587 
725 549 1086 1152 1367 1154 0 607 824 1049 1071 
543 893 547 960 926 1081 596 0 1254 1049 1468 
1283 762 1939 1478 2210 791 970 1378 0 874 664 
869 865 1465 1100 1727 391 1049 919 792 0 882 
1335 1410 1963 1036 2221 606 1493 1415 714 932 0 
0 740 894 704 1155 759 572 415 1077 708 1190 
646 0 1208 849 1426 723 417 699 506 575 798 
499 938 0 849 764 950 600 148 1254 936 1341 
709 1079 1243 0 1481 559 1054 762 1062 839 833 
1180 1524 705 1557 0 1660 1325 853 1859 1601 2042 
765 737 1377 583 1615 0 871 915 566 280 542 
563 413 1054 1007 1286 935 0 563 774 770 1051 
437 864 506 787 782 887 538 0 1225 871 1317 
1033 516 1544 1172 1782 606 757 1074 0 640 559 
710 630 1267 844 1505 307 764 780 640 0 681 
1174 1053 1723 811 2021 498 1210 1253 596 666 0 
