15
15
3600
0
2564
1964
2664
1816
2395
2112
2476
2468
1935
1841
2469
2406
1868
1800
0 1024 872 1006 1125 1442 1423 1393 1152 765 1231 837 1083 1064 491 
949 0 755 875 343 802 762 440 432 463 544 1607 362 418 1274 
912 919 0 124 1081 1335 1316 1298 1075 704 1121 1596 1006 954 1263 
885 899 199 0 1056 1318 1299 1269 1040 685 1106 1596 971 939 1263 
1104 341 970 1088 0 1126 1096 445 704 649 816 1756 634 730 1423 
1444 771 1247 1364 1093 0 437 939 546 933 488 2088 553 535 1763 
1395 724 1223 1340 1048 409 0 949 566 881 496 2071 536 488 1714 
1373 436 1159 1276 426 980 1075 0 545 814 657 2045 475 696 1692 
1159 438 1013 1130 708 546 600 530 0 676 119 1870 75 207 1478 
713 468 571 691 603 888 848 839 604 0 671 1378 535 504 982 
1159 516 1013 1130 818 490 580 639 111 673 0 1870 185 247 1478 
837 1666 1518 1635 1773 2080 2038 2041 1787 1409 1866 0 1718 1699 852 
1104 368 939 1061 638 553 655 459 75 622 190 1756 0 262 1423 
1071 435 895 1016 752 516 476 651 207 592 253 1723 236 0 1390 
587 1271 1125 1242 1376 1680 1661 1641 1390 1017 1469 970 1321 1302 0 
0 1118 874 1015 1311 1659 1502 1448 1299 870 1360 837 1224 1186 512 
1047 0 803 930 345 888 886 460 441 522 553 1758 371 535 1417 
1029 937 0 133 1227 1553 1407 1346 1193 808 1254 1718 1118 1080 1373 
1029 919 199 0 1227 1517 1396 1338 1157 791 1218 1700 1082 1044 1355 
1341 341 1117 1238 0 1229 1245 455 742 775 854 2114 672 847 1723 
1624 867 1364 1485 1200 0 437 997 593 1064 535 2404 600 589 2064 
1505 858 1270 1391 1200 465 0 1094 646 1064 576 2259 634 580 1934 
1434 436 1190 1311 426 947 992 0 534 912 646 2193 464 624 1823 
1302 438 1087 1208 716 546 623 535 0 762 119 2041 75 254 1684 
823 477 655 778 714 1047 942 864 686 0 756 1505 617 590 1148 
1320 548 1087 1208 826 490 581 644 111 774 0 2057 185 251 1702 
837 1843 1499 1620 1965 2376 2155 2134 1962 1465 2049 0 1887 1832 825 
1229 368 1011 1132 646 553 678 464 75 692 190 1950 0 314 1611 
1229 483 1011 1132 808 583 480 667 208 685 253 1950 241 0 1611 
610 1467 1160 1281 1612 2022 1797 1770 1610 1129 1694 970 1535 1492 0 
0 1254 938 1054 1422 1824 1724 1725 1440 973 1496 992 1335 1313 736 
1441 0 1167 1298 530 1376 1299 669 802 726 924 2299 694 906 1823 
1036 1170 0 134 1383 1758 1681 1641 1397 947 1453 1798 1292 1270 1384 
988 1099 244 0 1329 1675 1598 1570 1314 912 1370 1774 1209 1187 1384 
1524 503 1299 1419 0 1702 1625 650 1128 912 1245 2333 1008 1214 1908 
2001 1111 1709 1839 1546 0 583 1225 684 1323 611 2788 758 738 2304 
1570 1133 1308 1439 1563 635 0 1383 799 1267 705 2449 762 730 2018 
1820 562 1541 1672 578 1241 1411 0 808 1196 924 2599 700 999 2202 
1613 736 1388 1519 1164 644 725 684 0 947 133 2494 142 311 2018 
957 660 731 865 829 1326 1249 1158 967 0 1025 1717 839 843 1326 
1608 725 1346 1477 1209 590 642 782 111 947 0 2494 238 326 2018 
1035 1872 1574 1705 2031 2454 2346 2294 2056 1563 2152 0 1962 1960 1000 
1565 651 1325 1456 1039 711 826 567 111 937 244 2449 0 412 1943 
1467 656 1196 1327 1129 688 594 825 253 898 309 2333 318 0 1840 
763 1556 1232 1363 1735 2164 2031 2016 1742 1239 1798 1142 1637 1615 0 
0 1232 946 1046 1318 1705 1606 1647 1311 891 1406 1130 1228 1227 623 
1186 0 880 1009 474 1117 991 646 664 695 770 1870 573 621 1390 
1186 1248 0 133 1385 1724 1625 1663 1330 980 1425 1870 1247 1246 1390 
1151 1232 229 0 1353 1708 1609 1647 1314 944 1409 1870 1231 1230 1355 
1340 485 1113 1237 0 1485 1386 648 1027 784 1171 2020 933 1010 1544 
1847 1182 1594 1718 1577 0 668 1310 813 1305 721 2589 855 801 2123 
1740 1088 1448 1572 1493 604 0 1310 770 1224 698 2377 787 723 1983 
1661 597 1369 1493 613 1294 1284 0 725 1156 856 2295 634 890 1868 
1420 659 1156 1280 1092 684 810 622 0 845 131 2111 95 346 1624 
893 614 703 836 768 1237 1097 1106 792 0 870 1785 714 721 1250 
1483 714 1195 1319 1155 651 769 716 122 878 0 2127 193 348 1687 
1062 1890 1617 1741 1910 2308 2272 2302 1937 1533 2042 0 1849 1819 976 
1340 577 1069 1193 872 733 853 554 98 763 229 2020 0 439 1544 
1340 615 1113 1237 966 707 614 778 292 779 299 2020 310 0 1544 
749 1530 1261 1385 1603 1995 1959 1946 1576 1191 1671 1303 1493 1492 0 
0 1204 940 1064 1236 1644 1580 1630 1237 844 1316 1026 1142 1158 608 
1151 0 861 1010 498 1061 956 588 640 599 726 2033 557 546 1394 
1057 1138 0 132 1223 1593 1529 1548 1186 824 1265 2006 1091 1107 1299 
1000 1083 237 0 1155 1526 1462 1497 1116 762 1198 1761 1021 1040 1237 
1311 495 1091 1212 0 1371 1307 659 996 742 1038 2201 886 875 1554 
1734 1195 1557 1678 1455 0 718 1290 766 1302 739 2601 841 792 1989 
1586 957 1378 1499 1326 512 0 1198 712 1141 617 2453 670 615 1835 
1527 613 1315 1436 621 1371 1307 0 715 1106 853 2402 639 880 1770 
1311 584 1091 1212 1010 713 773 648 0 801 138 2201 91 269 1554 
886 571 641 765 674 1110 1030 1040 695 0 781 1673 612 601 1137 
1349 674 1097 1218 1056 645 762 764 118 840 0 2243 207 308 1592 
985 1953 1680 1808 2010 2371 2246 2352 2024 1615 2096 0 1914 1880 990 
1322 493 1091 1212 934 750 859 578 86 820 224 2228 0 355 1565 
1264 575 1016 1137 966 677 625 809 297 741 301 2160 298 0 1507 
769 1537 1290 1411 1549 2002 1851 1975 1558 1192 1637 1153 1463 1479 0 
0 1136 939 1076 1268 1633 1578 1568 1273 838 1360 1014 1183 1151 587 
1085 0 859 990 409 1081 1034 596 672 545 738 1870 560 559 1345 
1006 1073 0 130 1235 1560 1505 1505 1200 784 1287 1722 1110 1078 1262 
946 1014 205 0 1169 1530 1475 1446 1170 739 1257 1659 1080 1048 1247 
1277 409 1088 1225 0 1377 1322 562 1001 684 1053 2001 890 878 1537 
1739 1073 1486 1623 1416 0 593 1217 738 1188 664 2475 748 679 2006 
1636 989 1383 1520 1336 461 0 1186 653 1089 582 2352 726 584 1942 
1522 573 1269 1406 547 1258 1273 0 714 1003 825 2191 602 823 1782 
1363 600 1118 1255 895 715 759 640 0 826 124 2051 113 265 1623 
843 490 682 800 731 1136 1091 1016 779 0 811 1577 711 632 1109 
1402 710 1163 1300 1025 665 776 750 112 861 0 2081 206 296 1662 
958 1756 1538 1675 1867 2271 2151 2213 1864 1472 1944 0 1773 1741 968 
1250 511 1041 1178 806 752 856 569 112 737 223 1940 0 372 1510 
1250 588 1041 1178 1005 687 612 774 284 739 316 1940 330 0 1510 
771 1486 1275 1412 1581 1948 1889 1931 1593 1202 1680 1161 1503 1471 0 
0 1119 891 1024 1235 1607 1460 1498 1205 801 1289 885 1127 1098 543 
1137 0 947 1041 397 1072 979 613 682 575 799 1870 613 588 1455 
997 1077 0 129 1168 1524 1377 1441 1125 769 1206 1686 1047 1015 1250 
949 1047 198 0 1145 1497 1350 1421 1092 740 1179 1634 1014 988 1250 
1220 398 1044 1156 0 1334 1187 595 918 677 1020 1940 844 819 1538 
1651 1077 1445 1557 1384 0 574 1155 646 1169 615 2410 724 660 1981 
1601 1003 1390 1502 1313 508 0 1155 709 1116 616 2406 676 603 1981 
1512 543 1278 1390 532 1244 1152 0 680 1059 797 2221 602 775 1835 
1294 632 1126 1238 934 673 714 656 0 829 119 2001 116 260 1612 
789 534 593 722 687 1072 973 1008 671 0 788 1511 602 577 1078 
1294 725 1126 1238 1003 626 715 754 111 830 0 2001 214 276 1612 
920 1789 1561 1673 1860 2290 2116 2196 1847 1485 1938 0 1778 1749 982 
1220 536 1044 1156 835 733 790 560 91 750 208 1940 0 337 1538 
1197 613 1017 1129 895 657 575 775 265 718 313 1897 263 0 1515 
712 1428 1213 1325 1480 1896 1741 1818 1486 1115 1570 1101 1408 1379 0 
0 1166 881 1020 1232 1647 1516 1577 1241 831 1314 970 1182 1135 553 
1103 0 803 932 451 1043 906 555 544 622 663 1870 446 524 1401 
1103 1097 0 134 1232 1609 1478 1517 1203 828 1276 1753 1144 1097 1401 
1024 1044 217 0 1156 1577 1446 1465 1171 776 1244 1690 1112 1065 1328 
1351 396 1093 1223 0 1410 1279 527 885 781 1025 2001 787 899 1650 
1842 1073 1459 1589 1376 0 625 1278 764 1257 702 2504 749 698 2065 
1713 957 1321 1451 1259 482 0 1197 632 1113 577 2369 611 560 1935 
1642 584 1245 1375 579 1230 1171 0 653 1097 772 2333 555 794 1861 
1422 619 1117 1247 982 735 717 669 0 863 119 2089 107 274 1721 
912 576 669 793 726 1194 1050 1072 767 0 858 1587 674 669 1211 
1427 694 1117 1247 1036 655 705 763 111 869 0 2103 201 303 1726 
1000 1909 1604 1734 1980 2392 2278 2285 1976 1566 2082 0 1892 1883 1088 
1343 524 1039 1169 887 777 811 582 100 800 219 2001 0 368 1642 
1317 598 1039 1169 982 711 588 809 273 773 309 2001 268 0 1616 
777 1518 1226 1356 1557 2021 1898 1939 1592 1181 1665 1136 1533 1486 0 
0 1174 939 1046 1249 1678 1598 1664 1278 861 1396 970 1192 1161 559 
1125 0 849 980 424 1143 961 564 616 564 731 1787 538 556 1382 
1048 1066 0 129 1234 1604 1524 1556 1204 829 1322 1726 1118 1087 1301 
1032 1016 201 0 1186 1569 1489 1506 1169 784 1287 1663 1083 1052 1254 
1327 496 1124 1254 0 1448 1368 583 963 765 1107 2001 871 929 1584 
1812 1098 1548 1678 1469 0 591 1293 710 1275 630 2494 793 747 2040 
1660 943 1372 1502 1318 510 0 1184 669 1138 618 2375 687 585 1923 
1597 595 1309 1439 555 1280 1315 0 687 1066 809 2319 609 886 1870 
1415 658 1139 1269 995 708 704 662 0 882 122 2097 91 289 1672 
940 592 730 855 809 1207 1099 1102 792 0 840 1609 734 665 1183 
1415 712 1139 1269 1085 658 694 775 113 886 0 2097 204 296 1672 
1001 1895 1602 1732 1958 2418 2303 2330 1977 1582 2040 0 1926 1874 968 
1327 573 1050 1180 857 763 766 591 78 797 200 2001 0 351 1584 
1288 595 1044 1174 1053 770 522 798 234 769 282 2001 298 0 1545 
797 1519 1275 1405 1597 2027 1920 2002 1625 1229 1743 1101 1539 1508 0 
0 1185 938 1044 1349 1876 1688 1623 1438 887 1492 879 1308 1307 740 
1135 0 855 989 507 1129 1100 596 712 605 792 1785 610 612 1383 
1082 1107 0 134 1334 1721 1598 1545 1333 850 1387 1754 1203 1202 1329 
1046 1073 216 0 1334 1641 1552 1510 1253 812 1307 1699 1123 1122 1290 
1456 505 1177 1300 0 1519 1476 616 1125 799 1183 2101 995 998 1704 
1850 1080 1542 1665 1511 0 603 1255 738 1252 636 2486 771 692 2133 
1761 1013 1442 1565 1445 548 0 1255 709 1187 645 2416 697 617 2013 
1672 630 1353 1476 643 1229 1452 0 832 1090 954 2350 724 962 1929 
1514 654 1177 1300 1042 670 753 663 0 912 160 2173 82 300 1762 
951 602 702 836 782 1214 1177 1094 812 0 892 1616 727 712 1243 
1523 752 1207 1330 1122 610 753 771 119 926 0 2182 190 314 1771 
1021 1926 1634 1757 1995 2599 2441 2340 2113 1614 2174 0 2057 2001 968 
1456 572 1131 1254 961 739 799 581 109 852 231 2101 0 346 1704 
1417 653 1093 1216 1061 672 585 820 272 823 320 2092 293 0 1665 
769 1518 1246 1369 1666 2192 2069 1951 1771 1206 1829 1101 1641 1640 0 
0 1440 943 1041 1586 2136 1734 1847 1598 1079 1656 874 1545 1486 649 
1355 0 981 1094 512 1269 1281 627 580 624 700 2044 508 741 1584 
1092 1295 0 124 1444 1946 1604 1702 1453 941 1511 1799 1400 1341 1351 
1092 1287 204 0 1438 1919 1589 1694 1445 940 1503 1799 1392 1333 1341 
1658 535 1351 1422 0 1556 1719 681 1013 827 1144 2388 921 1173 1903 
2099 1278 1934 2062 1732 0 632 1230 720 1447 610 2770 797 767 2311 
1742 1206 1774 1910 1665 543 0 1372 747 1376 636 2453 785 690 2004 
1773 602 1621 1734 690 1186 1402 0 650 1187 770 2467 578 848 2030 
1684 697 1520 1633 1062 731 858 681 0 1036 120 2411 88 327 1937 
1169 708 753 875 873 1526 1390 1220 1017 0 1077 1870 964 877 1398 
1684 812 1520 1633 1244 632 772 788 125 1036 0 2411 204 326 1937 
954 2221 1749 1875 2332 2783 2423 2535 2432 1870 2485 0 2356 2252 948 
1604 621 1427 1540 1032 796 1026 593 91 966 211 2353 0 406 1835 
1543 701 1427 1540 1166 844 700 879 273 913 312 2258 330 0 1772 
1002 2030 1579 1692 2193 2689 2269 2344 2161 1701 2217 1206 2085 2024 0 
0 1442 1042 1168 1563 1908 1567 1851 1542 1090 1640 843 1473 1399 513 
1185 0 1102 1228 468 1087 1122 548 525 637 643 1892 455 677 1448 
1068 1260 0 129 1419 1883 1496 1666 1398 997 1496 1765 1329 1255 1331 
1049 1228 227 0 1382 1846 1461 1634 1360 970 1459 1759 1291 1217 1312 
1610 477 1265 1342 0 1480 1526 633 963 855 1081 2358 892 1100 1873 
1940 1165 1781 1916 1503 0 584 1118 638 1357 587 2671 691 707 2230 
1657 1028 1521 1647 1392 462 0 1267 631 1266 575 2375 700 600 1983 
1618 517 1388 1514 628 1087 1255 0 606 1080 724 2358 536 807 1884 
1538 650 1335 1461 1035 593 663 746 0 958 119 2269 79 220 1823 
1114 601 876 1006 828 1411 1153 1035 839 0 921 1870 773 740 1377 
1550 759 1347 1473 1119 545 623 855 111 979 0 2269 189 260 1823 
885 2049 1765 1906 2162 2472 2247 2387 2149 1719 2242 0 2080 2036 982 
1463 582 1265 1391 982 624 752 678 90 878 208 2178 0 304 1726 
1464 740 1265 1391 1089 695 561 929 210 848 257 2178 268 0 1727 
864 1908 1595 1721 2014 2295 2070 2272 1992 1547 2066 1205 1923 1863 0 
0 1034 861 1006 1156 1536 1482 1413 1227 784 1311 872 1158 1142 538 
1121 0 841 971 367 888 1039 436 441 572 553 1735 371 584 1314 
1036 979 0 124 1133 1520 1408 1340 1211 758 1295 1641 1142 1126 1220 
1036 979 200 0 1116 1520 1389 1323 1211 741 1295 1630 1142 1103 1209 
1248 368 1034 1158 0 1158 1265 443 704 720 816 1870 634 884 1441 
1563 919 1290 1414 1233 0 514 969 576 1022 509 2186 593 557 1756 
1503 865 1258 1382 1158 414 0 1018 590 990 527 2142 566 507 1696 
1486 439 1209 1333 477 980 1159 0 545 940 657 2115 475 725 1679 
1302 527 1079 1203 729 546 708 558 0 789 119 1940 75 219 1495 
872 557 627 746 669 1140 1088 860 757 0 848 1469 687 673 1078 
1302 636 1079 1203 838 490 651 667 111 794 0 1940 185 259 1495 
889 1779 1544 1668 1860 2180 2154 2173 1870 1454 1956 0 1810 1785 923 
1248 456 1007 1131 658 553 763 487 75 718 190 1870 0 274 1441 
1248 600 1007 1131 884 598 587 717 219 708 265 1870 265 0 1441 
768 1431 1194 1318 1494 1858 1814 1829 1522 1106 1606 1040 1453 1437 0 
0 1005 835 961 1122 1472 1379 1375 1138 740 1208 858 1069 1049 498 
974 0 815 939 343 888 790 450 441 467 559 1670 371 440 1235 
915 954 0 124 1110 1432 1339 1320 1091 728 1168 1612 1022 1009 1220 
895 923 198 0 1084 1414 1321 1298 1077 709 1150 1612 1008 991 1220 
1159 341 1034 1158 0 1180 1106 434 732 645 850 1870 662 752 1435 
1493 851 1318 1442 1178 0 435 939 546 1018 488 2205 553 600 1769 
1406 777 1262 1386 1110 420 0 997 598 943 528 2101 593 526 1682 
1350 441 1217 1341 426 939 1011 0 537 818 655 2071 467 644 1626 
1178 438 1081 1205 708 549 610 519 0 701 119 1897 75 207 1454 
728 468 599 721 632 1015 880 828 629 0 699 1415 561 530 1027 
1194 548 1081 1205 818 490 589 628 111 713 0 1901 185 247 1470 
894 1689 1532 1656 1823 2148 2102 2064 1863 1429 1931 0 1792 1772 851 
1111 368 1007 1131 638 557 665 448 81 637 199 1870 0 262 1387 
1084 445 965 1090 772 605 486 642 207 608 253 1788 247 0 1360 
621 1270 1110 1234 1398 1776 1683 1640 1442 1017 1512 970 1373 1353 0 
0 1005 835 959 1110 1407 1361 1379 1129 734 1196 837 1060 1029 491 
942 0 748 870 343 809 763 465 441 467 553 1646 371 431 1209 
912 954 0 124 1099 1373 1327 1324 1088 723 1162 1590 1019 995 1209 
890 923 198 0 1081 1348 1302 1302 1075 706 1147 1570 1006 980 1209 
1118 341 972 1094 0 1126 1075 445 704 578 816 1798 634 743 1383 
1416 794 1251 1373 1121 0 434 950 546 933 488 2101 553 546 1681 
1377 751 1206 1328 1071 409 0 980 575 888 505 2071 555 503 1642 
1325 444 1150 1272 445 968 986 0 552 833 664 2017 482 647 1590 
1159 488 1007 1129 783 546 588 533 0 666 119 1870 75 207 1424 
705 468 564 686 606 893 847 868 619 0 682 1422 550 515 973 
1159 526 1007 1129 843 490 568 642 111 663 0 1870 185 247 1424 
837 1612 1455 1577 1721 2003 1975 1995 1724 1362 1791 0 1655 1624 823 
1106 425 937 1061 720 553 643 462 75 620 190 1786 0 262 1371 
1071 445 898 1024 762 510 464 655 207 582 253 1761 236 0 1336 
586 1274 1108 1230 1374 1662 1616 1648 1384 1010 1451 997 1315 1284 0 
