21
15
3600
0
1163
1029
1260
1105
1222
1146
1414
1304
1182
988
971
1016
1269
1491
1195
1279
1215
1151
1139
1015
0 838 391 886 524 365 1088 363 1054 792 752 989 1215 155 1200 875 1059 1059 60 980 510 
918 0 890 450 497 1063 652 894 253 1492 286 1739 2005 1019 764 43 331 1812 919 1713 1208 
420 847 0 895 566 436 1152 635 1054 824 729 1026 1241 528 1264 884 1085 1096 435 1011 581 
954 505 934 0 521 1112 365 945 254 1561 483 1868 2076 1058 477 538 675 1881 958 1762 1257 
569 520 561 513 0 715 715 530 710 1196 257 1373 1589 673 827 494 736 1443 573 1349 860 
386 970 408 1022 660 0 1224 601 1174 604 888 839 1013 489 1336 1007 1181 912 401 801 284 
1303 829 1313 378 879 1453 0 1323 572 1922 841 2160 2378 1412 300 866 1005 2230 1312 2105 1598 
308 817 584 865 503 558 1068 0 1035 997 731 1186 1402 328 1180 854 1036 1256 312 1171 703 
1086 257 1079 255 699 1239 573 1069 0 1706 536 1958 2195 1190 732 294 433 2028 1090 1911 1384 
792 1391 820 1428 1074 610 1630 1035 1595 0 1302 1085 1290 914 1742 1428 1602 1155 807 1066 707 
811 313 722 454 266 958 656 772 562 1414 0 1639 1866 926 768 275 569 1709 815 1611 1106 
971 1560 1004 1597 1250 775 1799 1203 1764 1126 1478 0 264 1086 1911 1597 1771 180 988 339 765 
1174 1760 1198 1797 1450 956 2052 1389 1971 1288 1678 265 0 1289 2164 1797 1985 199 1189 485 940 
155 945 516 999 628 490 1201 329 1149 924 856 1131 1347 0 1313 981 1158 1201 104 1101 635 
1420 1083 1438 615 1116 1570 311 1444 809 2086 1078 2238 2456 1529 0 1120 1239 2308 1429 2225 1715 
943 43 880 481 456 1089 683 935 290 1532 245 1779 2048 1048 795 0 368 1861 948 1739 1234 
1089 315 1079 632 709 1239 834 1099 436 1706 578 1958 2195 1196 951 352 0 2028 1096 1911 1384 
1084 1632 1106 1669 1322 850 1872 1299 1849 1196 1550 180 199 1177 1990 1669 1848 0 1099 292 840 
60 842 441 890 528 415 1152 367 1054 842 756 1042 1255 100 1264 879 1059 1112 0 1028 560 
971 1560 1004 1597 1250 776 1799 1203 1764 1126 1478 317 484 1086 1911 1597 1771 288 988 0 661 
564 1164 586 1201 838 283 1403 779 1368 784 1068 834 1013 667 1515 1201 1375 851 579 654 0 
0 977 400 1010 539 374 1221 403 1171 994 767 1154 1304 155 1339 996 1235 1233 60 1101 542 
1035 0 922 504 497 1184 701 1124 269 1740 286 2065 2377 1135 813 43 367 2179 1045 1984 1362 
421 938 0 973 560 436 1183 676 1147 994 729 1126 1304 528 1301 920 1211 1205 437 1082 604 
1025 507 983 0 531 1170 369 1095 254 1736 497 2047 2359 1135 481 538 675 2161 1035 1974 1348 
600 534 561 541 0 715 733 597 715 1316 257 1474 1628 705 845 494 781 1553 605 1483 883 
387 1105 408 1125 667 0 1336 642 1307 707 895 869 1052 489 1454 1124 1353 952 403 854 307 
1223 744 1200 378 731 1370 0 1269 572 1928 697 2250 2562 1316 300 775 1004 2364 1233 2211 1548 
331 977 606 1010 518 580 1183 0 1160 1203 746 1361 1515 328 1301 973 1211 1440 336 1317 748 
1219 287 1172 255 715 1355 573 1269 0 1928 569 2250 2562 1316 736 326 433 2364 1229 2204 1533 
836 1615 862 1642 1118 683 1936 1159 1823 0 1347 1229 1383 951 1976 1575 1888 1308 852 1169 780 
842 313 722 482 266 958 674 839 578 1540 0 1868 2130 959 786 275 575 1903 847 1746 1139 
1025 1820 1059 1845 1321 790 2139 1326 2041 1243 1550 0 264 1131 2174 1778 2079 180 1035 339 799 
1188 1977 1201 2022 1473 965 2295 1489 2197 1411 1702 265 0 1306 2330 1935 2237 199 1198 485 993 
155 1084 523 1113 643 496 1324 329 1295 1203 871 1278 1432 0 1442 1110 1332 1357 104 1230 664 
1278 800 1250 508 787 1425 311 1324 760 1990 753 2380 2692 1389 0 831 1073 2487 1288 2279 1603 
1044 43 880 535 456 1138 732 1080 306 1702 245 2040 2352 1153 844 0 404 2154 1054 1954 1316 
1254 329 1217 711 775 1401 908 1300 492 1957 578 2296 2608 1332 1027 368 0 2410 1264 2249 1579 
1098 1886 1118 1916 1383 877 2189 1399 2102 1316 1612 180 199 1216 2224 1844 2152 0 1108 293 846 
60 977 450 1010 543 424 1221 407 1177 1034 771 1217 1363 100 1339 1012 1235 1296 0 1147 592 
1025 1820 1059 1845 1321 790 2139 1326 2041 1243 1550 317 484 1131 2174 1778 2079 288 1035 0 646 
583 1358 604 1389 863 301 1600 838 1563 876 1092 882 1062 685 1718 1318 1624 863 599 685 0 
0 1128 508 1174 690 498 1418 479 1461 1022 994 1454 1687 184 1497 1166 1456 1574 60 1319 693 
1131 0 1050 535 533 1301 779 1159 387 1846 307 2237 2363 1294 885 61 496 2342 1151 2140 1577 
449 1057 0 1124 682 528 1368 751 1394 1066 813 1467 1700 608 1447 1024 1389 1587 484 1335 723 
1390 651 1340 0 815 1552 463 1405 341 2054 683 2486 2612 1494 569 697 837 2591 1410 2402 1815 
629 558 650 657 0 825 908 640 960 1320 324 1778 2002 745 1008 517 930 1883 660 1635 1106 
408 1223 500 1280 806 0 1524 710 1556 842 1134 1381 1524 567 1603 1261 1551 1388 443 1077 414 
1824 1035 1819 493 1244 1994 0 1834 679 2475 1191 2907 3130 1932 341 1075 1206 3025 1848 2825 2209 
456 1216 792 1273 784 782 1517 0 1549 1320 1103 1778 2002 491 1596 1254 1544 1883 487 1635 1087 
1553 402 1397 313 905 1688 700 1568 0 2163 675 2644 2806 1653 882 437 518 2761 1573 2560 1918 
961 1751 1038 1821 1443 849 2085 1264 2053 0 1770 1649 1888 1155 2196 1789 2095 1769 1003 1506 1031 
924 321 841 618 313 1092 862 938 708 1600 0 2009 2164 1053 958 280 692 2114 955 1905 1368 
1154 1890 1185 1940 1566 1050 2162 1407 2181 1376 1882 0 333 1290 2273 1923 2230 276 1196 365 1022 
1334 2073 1358 2123 1748 1123 2345 1587 2364 1498 2104 307 0 1470 2456 2106 2413 211 1376 495 1191 
209 1276 647 1333 871 641 1577 381 1609 1158 1198 1586 1829 0 1656 1314 1604 1706 164 1443 836 
1733 1315 1904 777 1496 1867 397 1748 978 2331 1443 2772 2929 1837 0 1355 1500 2906 1753 2685 2081 
1087 43 993 578 478 1270 822 1093 430 1797 252 2237 2363 1237 940 0 528 2342 1107 2140 1546 
1574 453 1444 776 946 1709 1030 1589 491 2218 718 2644 2806 1674 1112 488 0 2761 1594 2560 1925 
1233 1966 1257 2016 1647 1089 2238 1486 2257 1419 1993 200 286 1369 2349 1999 2306 0 1275 304 1106 
72 1139 538 1198 707 528 1442 496 1472 1066 1018 1471 1704 146 1521 1177 1467 1591 0 1335 723 
1165 1914 1207 1940 1579 1050 2162 1418 2205 1376 1898 423 636 1301 2273 1947 2254 427 1207 0 891 
687 1466 767 1523 1117 557 1767 1008 1799 985 1444 1217 1342 846 1844 1504 1794 1170 722 862 0 
0 981 446 1012 566 394 1234 401 1220 924 891 1276 1459 227 1423 1031 1331 1375 60 1224 610 
1143 0 1075 603 590 1280 824 1170 308 1792 305 2027 2285 1223 976 43 490 2125 1178 2048 1456 
521 1004 0 1040 652 507 1262 731 1243 1012 833 1329 1512 645 1451 1037 1354 1428 529 1286 723 
1127 647 1112 0 671 1252 454 1138 384 1764 589 1994 2246 1199 584 673 918 2092 1162 2014 1428 
629 587 616 583 0 748 804 604 857 1269 337 1588 1771 751 958 548 964 1687 645 1593 968 
442 1102 427 1129 708 0 1351 652 1341 789 1024 1145 1305 543 1540 1152 1452 1244 450 1042 372 
1422 955 1409 592 976 1567 0 1421 825 2150 884 2323 2593 1476 423 1005 1280 2421 1446 2357 1743 
350 981 648 1012 571 596 1234 0 1220 1124 896 1446 1629 403 1423 1031 1331 1545 366 1451 812 
1451 417 1442 375 1000 1596 757 1454 0 2224 706 2323 2593 1509 967 443 563 2421 1479 2357 1772 
906 1544 919 1585 1219 775 1808 1161 1783 0 1567 1355 1538 1065 1987 1594 1882 1454 940 1348 868 
977 334 802 628 327 1080 849 955 639 1601 0 1868 2049 1085 1001 295 713 1916 1011 1853 1256 
1171 1778 1161 1828 1465 975 2065 1428 2080 1324 1811 0 341 1347 2240 1828 2118 232 1206 475 968 
1340 1984 1324 2008 1634 1130 2196 1597 2272 1486 1969 324 0 1516 2371 2011 2278 233 1375 628 1122 
205 1143 616 1171 759 564 1393 394 1382 1080 1084 1377 1560 0 1582 1193 1493 1476 183 1382 780 
1451 955 1442 607 992 1596 379 1454 986 2224 899 2323 2593 1509 0 1005 1306 2421 1479 2357 1772 
1192 43 1075 640 549 1337 861 1203 345 1891 264 2084 2354 1272 1041 0 527 2182 1227 2084 1513 
1371 395 1368 829 974 1516 1052 1380 576 2109 684 2249 2519 1435 1241 421 0 2347 1405 2290 1692 
1263 1909 1247 1928 1557 1079 2116 1520 2197 1437 1936 221 257 1439 2291 1936 2203 0 1298 419 1062 
79 1004 489 1040 588 437 1262 423 1243 981 927 1303 1486 175 1451 1054 1354 1402 0 1248 653 
1171 1778 1161 1828 1465 977 2065 1428 2080 1324 1811 469 719 1347 2240 1828 2118 462 1206 0 832 
695 1341 680 1382 972 363 1604 911 1580 946 1320 1176 1348 796 1793 1391 1691 1111 703 832 0 
0 930 473 976 576 409 1178 431 1215 986 942 1220 1403 231 1309 956 1222 1324 107 1174 611 
1138 0 1143 596 598 1267 806 1160 406 1790 321 1947 2227 1218 960 43 426 2064 1181 1971 1477 
493 977 0 988 642 464 1193 734 1252 986 895 1220 1403 667 1324 982 1250 1324 546 1186 666 
1109 612 1111 0 693 1217 406 1121 393 1740 603 1931 2156 1176 569 651 855 2048 1152 1923 1427 
656 630 685 631 0 799 841 645 929 1381 366 1592 1775 767 991 589 888 1696 700 1544 1012 
459 1110 494 1136 764 0 1339 700 1385 787 1101 1066 1265 592 1470 1136 1402 1166 512 1050 366 
1579 1135 1569 554 1188 1685 0 1616 820 2228 1102 2397 2685 1678 407 1161 1427 2514 1622 2497 1900 
359 930 676 976 582 612 1178 0 1215 1165 948 1456 1639 441 1309 956 1222 1560 403 1408 814 
1360 397 1350 350 982 1475 752 1397 0 2009 700 2153 2441 1468 948 440 534 2270 1403 2201 1685 
945 1582 986 1593 1242 785 1796 1242 1906 0 1592 1341 1524 1140 1961 1608 1866 1445 988 1299 863 
1005 355 970 565 345 1133 775 989 755 1669 0 1887 2136 1158 948 314 725 2004 1048 1832 1343 
1132 1764 1167 1775 1383 960 1994 1411 2088 1282 1733 0 371 1327 2138 1790 2008 264 1175 481 920 
1308 1973 1337 1941 1561 1098 2178 1587 2282 1504 1968 369 0 1503 2322 1990 2196 255 1351 640 1121 
219 1086 654 1123 743 590 1326 529 1361 1165 1092 1390 1573 0 1457 1112 1378 1494 151 1342 792 
1664 1422 1739 835 1466 1739 398 1704 1143 2271 1384 2397 2685 1732 0 1448 1698 2514 1707 2497 1958 
1181 43 1176 627 565 1287 837 1218 442 1826 288 1954 2250 1276 982 0 456 2071 1224 1990 1497 
1332 425 1322 802 990 1454 1035 1369 534 1992 710 2109 2397 1445 1166 468 0 2226 1375 2174 1664 
1308 1973 1337 1941 1561 1068 2178 1587 2282 1456 1968 254 274 1503 2322 1990 2196 0 1351 433 1074 
87 977 545 1025 611 481 1200 466 1252 1048 982 1288 1471 144 1331 1003 1253 1392 0 1257 683 
1166 1800 1189 1819 1419 986 2028 1445 2124 1339 1769 456 675 1361 2172 1838 2039 414 1209 0 861 
675 1345 710 1356 988 330 1559 934 1620 946 1342 1066 1243 808 1690 1371 1637 1036 728 783 0 
0 958 439 1005 588 420 1253 435 1266 926 919 1135 1364 209 1378 989 1254 1210 86 1163 631 
1095 0 1075 570 576 1261 878 1108 373 1828 374 1968 2246 1236 942 50 427 2054 1128 2016 1438 
503 1012 0 1044 665 479 1292 744 1314 968 813 1162 1398 653 1417 1033 1303 1237 554 1199 688 
1095 645 1115 0 683 1261 507 1108 388 1828 633 1968 2246 1236 571 681 940 2054 1128 2016 1438 
577 626 627 634 0 753 930 596 982 1302 335 1448 1693 706 1018 599 949 1523 628 1485 957 
477 1110 451 1149 746 0 1397 718 1412 779 1088 1062 1263 568 1522 1141 1401 1137 528 1075 395 
1366 934 1388 524 957 1531 0 1364 821 2162 907 2319 2577 1482 373 965 1230 2405 1399 2261 1708 
354 966 671 1005 599 652 1253 0 1268 1190 925 1351 1596 416 1378 997 1279 1426 405 1388 863 
1384 487 1406 362 995 1549 811 1382 0 2170 853 2319 2577 1500 942 537 563 2405 1417 2261 1726 
954 1557 980 1603 1220 792 1870 1174 1879 0 1523 1302 1547 1126 1978 1588 1849 1377 988 1339 856 
918 373 790 597 367 1094 908 949 746 1615 0 1792 2010 1119 960 346 705 1862 961 1828 1271 
1138 1683 1106 1729 1326 896 1988 1347 2006 1302 1629 0 351 1277 2102 1714 1992 242 1171 404 879 
1319 1941 1290 2003 1546 1140 2215 1528 2209 1522 1854 324 0 1490 2329 1984 2225 268 1352 623 1108 
217 1098 632 1149 768 613 1397 392 1400 1158 1100 1313 1558 0 1522 1129 1389 1388 224 1350 824 
1416 988 1438 595 995 1581 426 1414 963 2201 947 2319 2577 1532 0 1019 1279 2405 1449 2261 1758 
1095 43 1021 601 536 1261 908 1108 411 1828 334 1968 2246 1241 970 0 458 2054 1128 2016 1438 
1366 490 1388 833 972 1531 1086 1364 541 2162 759 2319 2577 1482 1211 535 0 2405 1399 2261 1708 
1242 1854 1213 1932 1469 1041 2116 1451 2145 1432 1772 192 236 1413 2230 1881 2149 0 1275 401 1011 
65 988 500 1038 609 481 1286 456 1290 1005 939 1184 1429 152 1411 1019 1279 1259 0 1221 692 
1198 1782 1169 1860 1425 1000 2094 1407 2111 1402 1728 456 663 1369 2208 1835 2091 470 1231 0 853 
674 1284 648 1330 945 339 1578 934 1586 887 1248 968 1250 765 1703 1315 1575 1047 725 889 0 
0 956 413 1015 584 389 1189 410 1266 946 880 1106 1332 221 1321 992 1192 1226 76 1150 598 
1099 0 1057 593 602 1263 800 1102 295 1787 299 2003 2241 1194 958 51 390 2173 1126 1967 1445 
480 956 0 1015 633 461 1220 692 1266 952 798 1131 1379 640 1352 992 1195 1251 503 1163 670 
1070 604 1057 0 703 1230 410 1074 373 1754 635 1974 2227 1158 557 646 860 2144 1097 1947 1412 
599 563 594 648 0 749 847 555 851 1299 335 1458 1689 714 1001 522 905 1578 622 1428 1015 
446 1047 436 1091 699 0 1296 658 1360 805 987 1088 1308 568 1428 1083 1297 1208 469 1093 365 
1364 893 1354 502 974 1517 0 1331 749 2037 907 2297 2536 1443 366 937 1157 2467 1391 2301 1699 
352 916 638 967 560 614 1166 0 1195 1146 856 1323 1554 371 1298 961 1192 1443 375 1315 823 
1371 360 1373 349 961 1524 759 1342 0 2038 655 2297 2536 1458 909 407 512 2467 1398 2303 1706 
887 1486 923 1536 1144 799 1741 1100 1799 0 1432 1246 1477 1055 1870 1522 1736 1366 919 1233 858 
954 329 750 558 353 1123 757 911 617 1647 0 1872 2113 1078 909 288 673 2042 966 1846 1305 
1108 1717 1152 1767 1374 924 1986 1317 2045 1355 1662 0 346 1263 2120 1753 1987 262 1135 406 969 
1339 1977 1365 2038 1605 1194 2223 1548 2260 1557 1896 310 0 1494 2357 2008 2253 263 1366 589 1164 
219 1070 568 1116 724 537 1321 385 1383 1089 1007 1253 1484 0 1453 1106 1320 1373 188 1246 746 
1364 896 1354 600 977 1517 381 1331 996 2037 911 2297 2536 1443 0 943 1157 2467 1391 2301 1699 
1123 49 972 619 560 1288 818 1102 334 1824 257 2017 2273 1203 977 0 420 2187 1150 1997 1470 
1289 428 1303 773 960 1442 975 1255 484 1991 676 2184 2423 1376 1118 475 0 2354 1316 2195 1624 
1200 1826 1226 1886 1466 1054 2070 1409 2134 1429 1754 225 277 1355 2204 1857 2077 0 1227 365 1007 
66 989 479 1042 621 455 1247 447 1302 1013 912 1180 1411 145 1379 1025 1239 1300 0 1165 664 
1096 1667 1118 1717 1324 873 1926 1305 1982 1299 1612 384 644 1251 2060 1703 1924 400 1123 0 742 
661 1257 651 1307 919 335 1512 873 1570 924 1205 1073 1234 783 1644 1293 1507 1051 684 791 0 
0 955 463 1015 587 405 1244 446 1214 982 891 1156 1457 216 1362 986 1235 1281 76 1201 570 
1087 0 1088 529 552 1204 774 1013 345 1789 301 1991 2182 1136 914 43 466 2065 1097 1997 1368 
482 955 0 1015 635 509 1244 746 1226 1119 758 1264 1585 609 1362 986 1251 1389 516 1321 674 
1105 627 1088 0 677 1229 436 1042 357 1824 590 1991 2225 1154 579 646 876 2065 1115 2004 1393 
650 608 667 685 0 784 943 673 952 1383 318 1546 1861 759 1049 567 991 1671 684 1576 960 
426 1080 484 1119 725 0 1348 690 1339 813 1052 996 1320 507 1466 1111 1364 1121 460 964 320 
1402 906 1422 499 991 1606 0 1329 735 2163 876 2352 2577 1457 390 937 1200 2426 1415 2316 1770 
328 938 645 1015 568 587 1217 0 1214 1202 872 1317 1638 374 1335 969 1227 1442 362 1370 752 
1351 356 1371 376 909 1555 751 1278 0 2088 657 2331 2556 1406 942 399 554 2405 1364 2295 1719 
893 1549 1008 1576 1205 778 1808 1100 1806 0 1520 1238 1559 1030 1934 1580 1838 1363 923 1294 773 
935 341 778 562 297 1067 807 950 676 1678 0 1902 2145 1079 942 300 709 1961 957 1838 1231 
1185 1831 1230 1869 1465 949 2080 1367 2151 1393 1780 0 320 1332 2197 1867 2117 218 1195 431 960 
1351 2015 1396 2047 1631 1148 2259 1533 2305 1552 1929 324 0 1498 2376 2051 2287 249 1361 648 1137 
221 1138 669 1165 761 567 1394 374 1397 1159 1107 1315 1636 0 1512 1169 1422 1440 155 1370 732 
1419 938 1439 587 1008 1623 386 1346 931 2163 898 2377 2602 1474 0 969 1227 2451 1432 2341 1787 
1116 43 1036 560 510 1229 805 1047 378 1824 259 1991 2225 1164 942 0 499 2065 1125 2004 1393 
1311 392 1330 747 914 1515 1013 1238 591 2048 693 2260 2485 1365 1114 435 0 2334 1324 2231 1679 
1351 2015 1396 2047 1631 1148 2259 1533 2305 1552 1929 203 249 1498 2376 2051 2287 0 1361 415 1069 
66 972 514 1042 606 456 1271 465 1231 1036 924 1192 1513 140 1389 1003 1253 1317 0 1234 621 
1149 1799 1212 1851 1429 924 2080 1331 2104 1383 1744 455 696 1296 2197 1837 2083 465 1159 0 805 
633 1290 691 1317 941 319 1546 897 1549 946 1256 996 1320 714 1664 1321 1574 1090 667 821 0 
0 958 459 1008 585 392 1228 393 1247 924 904 1116 1302 234 1373 990 1266 1203 87 1135 590 
1132 0 1021 608 567 1287 824 1188 324 1788 309 2037 2299 1259 958 51 475 2177 1178 2051 1497 
494 999 0 1036 725 464 1256 689 1288 924 950 1141 1331 678 1401 1031 1314 1228 517 1179 662 
1103 628 1125 0 731 1262 445 1159 378 1763 634 2000 2267 1244 583 664 897 2140 1149 2051 1472 
654 584 647 662 0 795 878 629 909 1294 351 1538 1746 768 1017 556 959 1625 677 1608 1024 
452 1085 455 1149 718 0 1369 647 1374 799 1041 1002 1188 591 1514 1117 1400 1089 475 1003 360 
1622 1138 1618 545 1190 1776 0 1664 774 2409 1134 2540 2819 1747 409 1170 1294 2680 1668 2549 1983 
362 976 697 1036 608 630 1256 0 1265 1129 933 1400 1608 405 1401 1008 1291 1487 385 1470 828 
1389 409 1385 371 958 1532 755 1431 0 2162 698 2313 2554 1514 949 440 552 2453 1435 2322 1742 
906 1559 919 1585 1181 761 1808 1182 1849 0 1479 1233 1441 1095 1965 1591 1872 1320 946 1265 836 
984 332 793 569 333 1124 785 1014 656 1636 0 1872 2130 1082 917 304 684 2016 1030 1928 1334 
1147 1807 1140 1851 1429 1037 2064 1408 2137 1294 1727 0 343 1334 2219 1843 2143 243 1193 423 947 
1341 2063 1316 2051 1623 1173 2248 1602 2364 1464 1908 320 0 1528 2403 2103 2354 237 1387 635 1143 
219 1107 651 1149 749 584 1369 389 1396 1102 1075 1300 1508 0 1514 1139 1422 1387 184 1347 782 
1753 1420 1749 804 1447 1915 418 1795 1060 2551 1383 2655 2913 1924 0 1452 1570 2793 1799 2664 2132 
1175 73 1021 663 526 1328 879 1217 379 1846 268 2088 2329 1315 1017 0 509 2228 1221 2114 1538 
1364 470 1367 841 995 1501 1044 1413 578 2123 735 2242 2483 1488 1189 501 0 2382 1410 2258 1711 
1264 1959 1239 1982 1546 1081 2179 1525 2260 1414 1845 229 223 1451 2334 1999 2250 0 1310 408 1055 
72 999 531 1036 619 464 1256 427 1288 977 938 1189 1397 191 1401 1031 1314 1276 0 1237 662 
1171 1873 1140 1870 1453 1037 2079 1432 2178 1294 1751 447 588 1358 2234 1909 2148 380 1217 0 848 
660 1302 663 1328 928 327 1548 855 1591 862 1226 990 1188 799 1693 1334 1617 1083 683 863 0 
0 1045 428 1037 589 390 1262 427 1374 886 908 1171 1417 213 1401 1076 1343 1246 79 1252 654 
1183 0 1075 603 577 1342 848 1197 391 2010 346 2158 2361 1321 947 43 495 2307 1228 2149 1554 
494 1007 0 1073 663 461 1298 705 1386 924 743 1193 1439 663 1437 967 1380 1268 526 1274 725 
1183 669 1227 0 701 1322 447 1197 367 1964 613 2114 2317 1309 543 693 867 2263 1228 2129 1534 
650 554 694 674 0 813 908 616 931 1388 338 1549 1795 794 1031 513 926 1624 682 1619 1018 
447 1179 486 1181 715 0 1406 658 1506 727 1022 1156 1374 581 1545 1192 1477 1231 479 1056 426 
1727 1227 1777 569 1250 1904 0 1741 752 2512 1150 2661 2901 1906 345 1250 1257 2802 1772 2677 2130 
369 1045 704 1031 578 666 1256 0 1361 1254 892 1450 1696 465 1395 1076 1343 1525 401 1520 915 
1456 441 1475 384 1014 1618 736 1470 0 2276 778 2460 2663 1605 947 475 558 2609 1501 2453 1830 
876 1663 894 1681 1141 790 1914 1131 1966 0 1449 1288 1534 1043 2047 1623 2017 1363 919 1353 867 
923 343 812 546 288 1080 791 885 709 1649 0 1787 2072 1082 887 302 707 1900 960 1833 1292 
1138 1979 1146 2005 1440 981 2199 1408 2296 1388 1748 0 298 1310 2332 1940 2277 185 1186 522 984 
1318 2209 1326 2179 1620 1233 2373 1588 2466 1582 1912 316 0 1490 2506 2170 2480 247 1366 673 1202 
215 1215 621 1207 781 583 1432 406 1532 1175 1087 1403 1649 0 1571 1246 1513 1478 154 1473 847 
1727 1405 1893 833 1509 1856 425 1750 1009 2472 1409 2621 2839 1859 0 1428 1491 2782 1775 2637 2085 
1147 51 1021 627 535 1322 872 1161 411 1964 304 2114 2317 1309 975 0 513 2263 1192 2129 1534 
1383 433 1464 818 985 1545 1039 1397 538 2223 770 2340 2543 1532 1178 467 0 2489 1428 2345 1757 
1285 2128 1293 2179 1587 1133 2373 1555 2466 1505 1896 189 208 1457 2506 2089 2480 0 1333 458 1068 
61 1111 489 1108 640 451 1333 478 1433 952 979 1237 1483 182 1472 1124 1409 1312 0 1291 715 
1102 1944 1118 1961 1402 937 2155 1372 2248 1341 1710 450 627 1274 2288 1905 2229 435 1150 0 823 
684 1469 723 1461 952 353 1686 895 1786 894 1260 1071 1275 818 1853 1434 1767 1038 716 798 0 
0 1247 468 1386 681 413 1609 446 1601 1145 944 1232 1475 224 1763 1206 1597 1302 100 1259 608 
1294 0 964 634 529 1428 861 1386 356 1927 304 2038 2195 1433 1044 52 460 2120 1308 2107 1641 
480 1022 0 1329 716 482 1552 725 1376 1062 743 1154 1397 652 1706 981 1378 1224 528 1234 677 
1254 655 1177 0 713 1482 390 1346 347 2121 626 2184 2347 1390 538 693 862 2266 1268 2253 1704 
736 600 601 727 0 1016 958 744 962 1541 298 1684 1935 870 1117 559 926 1754 758 1765 1238 
443 1394 425 1504 877 0 1727 688 1721 924 1144 1100 1333 585 1848 1353 1744 1170 491 1028 383 
1562 1096 1488 514 987 1793 0 1654 740 2442 904 2509 2672 1701 333 1137 1221 2591 1576 2578 1975 
334 1214 674 1306 641 619 1529 0 1523 1295 929 1437 1680 352 1683 1173 1564 1507 356 1518 814 
1587 425 1352 315 916 1836 697 1679 0 2351 691 2435 2598 1726 853 441 524 2517 1601 2504 1982 
886 1851 878 1939 1367 798 2245 1176 2185 0 1616 1225 1468 1044 2366 1808 2203 1295 919 1328 823 
1030 345 743 719 294 1215 958 1038 701 1680 0 1868 2052 1157 1117 304 664 1905 1044 1899 1428 
1344 2380 1361 2551 1863 1204 2848 1702 2717 1572 2096 0 267 1459 2968 2341 2670 190 1394 405 1111 
1511 2542 1528 2741 2060 1371 2977 1861 2854 1746 2247 287 0 1626 3097 2503 2846 199 1561 566 1208 
213 1423 603 1448 878 548 1671 397 1665 1221 1149 1388 1631 0 1821 1382 1761 1458 195 1410 743 
1544 1134 1474 532 980 1775 355 1636 877 2403 896 2509 2672 1683 0 1172 1379 2591 1558 2564 1944 
1218 43 919 670 477 1386 897 1310 399 1852 252 1997 2157 1357 1066 0 503 2079 1232 2066 1599 
1628 509 1362 868 927 1836 1189 1720 578 2351 698 2435 2598 1767 1343 525 0 2517 1642 2504 1990 
1471 2520 1488 2682 2032 1308 2977 1835 2835 1706 2204 183 207 1586 3097 2481 2825 0 1521 370 1045 
67 1263 510 1390 699 455 1613 464 1607 1145 979 1277 1520 164 1767 1222 1613 1347 0 1290 650 
1185 2222 1202 2272 1708 984 2578 1543 2557 1412 1939 385 552 1300 2699 2183 2512 368 1235 0 768 
688 1656 670 1785 1148 379 2138 935 2006 1082 1405 1043 1174 830 2259 1615 1982 991 736 800 0 
0 1168 396 1267 660 569 1499 458 1435 997 895 1164 1307 160 1647 1125 1499 1234 60 1191 747 
1211 0 964 539 512 1427 966 1304 359 1846 300 1990 2230 1316 1151 43 394 2060 1216 2038 1568 
455 966 0 1207 591 550 1439 755 1282 946 738 1121 1251 544 1587 929 1312 1191 481 1114 684 
1152 546 1117 0 613 1456 459 1292 273 1910 537 2078 2325 1257 666 577 723 2148 1157 2101 1604 
766 540 570 658 0 1059 1027 797 856 1459 264 1624 1767 882 1175 501 871 1694 768 1649 1184 
451 1250 437 1459 835 0 1691 761 1564 766 1018 968 1120 518 1833 1207 1581 1010 473 932 326 
1376 949 1323 464 855 1672 0 1495 635 2081 779 2284 2531 1481 338 986 1098 2354 1381 2336 1820 
360 1134 619 1243 624 792 1475 0 1411 1233 859 1382 1525 336 1623 1091 1466 1452 362 1407 975 
1417 334 1277 292 843 1712 599 1536 0 2134 631 2303 2550 1522 863 373 465 2373 1422 2355 1875 
898 1723 877 1853 1268 785 2069 1282 2051 0 1499 1201 1344 987 2181 1680 2046 1271 931 1206 777 
1023 319 732 613 268 1204 987 1123 672 1608 0 1782 1931 1128 1149 280 650 1861 1028 1812 1342 
1402 2244 1388 2305 1763 1207 2509 1794 2506 1519 1996 0 267 1500 2621 2203 2511 181 1412 361 1066 
1612 2453 1598 2522 2010 1310 2730 1970 2720 1737 2204 275 0 1710 2844 2412 2731 199 1622 525 1092 
167 1287 553 1434 781 669 1666 348 1601 1124 1021 1293 1436 0 1812 1244 1618 1363 114 1320 856 
1417 1042 1364 533 887 1713 318 1536 804 2134 811 2374 2621 1522 0 1063 1283 2444 1422 2426 1875 
1214 43 919 570 480 1406 1002 1292 398 1792 268 1942 2198 1319 1164 0 425 2012 1219 1994 1526 
1506 397 1337 749 905 1774 1041 1625 478 2172 692 2374 2621 1611 1303 436 0 2444 1511 2426 1930 
1504 2349 1490 2406 1872 1228 2610 1881 2607 1629 2099 180 203 1602 2733 2308 2616 0 1514 326 988 
60 1181 450 1280 669 623 1512 467 1448 1010 904 1214 1357 122 1660 1138 1512 1284 0 1231 801 
1344 2191 1330 2248 1705 995 2452 1736 2449 1452 1939 338 496 1442 2564 2150 2458 303 1354 0 813 
677 1473 663 1677 1056 331 1913 1036 1787 946 1247 989 1087 744 2025 1430 1811 918 699 716 0 
0 1041 391 1073 549 425 1321 392 1234 975 777 1058 1251 155 1413 1013 1266 1128 60 1099 596 
951 0 922 496 500 1129 722 981 253 1614 286 1732 1913 1065 834 43 360 1804 965 1726 1296 
435 960 0 1064 566 482 1312 677 1204 975 729 1061 1251 539 1404 920 1231 1131 439 1111 653 
971 507 968 0 535 1141 394 999 301 1630 497 1748 1931 1083 506 538 722 1818 986 1742 1308 
588 534 561 560 0 802 786 606 732 1270 257 1395 1569 703 898 494 822 1465 603 1389 975 
452 1170 443 1208 724 0 1456 694 1374 739 956 968 1120 524 1548 1155 1395 981 456 899 310 
1330 835 1316 378 891 1500 0 1323 572 1980 853 2119 2293 1438 300 872 1005 2189 1340 2177 1667 
322 1041 598 1073 546 632 1321 0 1226 1105 774 1263 1437 328 1413 1013 1266 1333 326 1263 803 
1140 263 1115 255 725 1310 579 1128 0 1824 544 1926 2105 1250 761 300 433 1996 1150 1933 1477 
805 1445 822 1483 1123 658 1731 1035 1649 0 1351 1107 1281 914 1833 1482 1670 1177 809 1155 751 
830 313 722 497 266 1042 723 848 562 1512 0 1630 1810 951 835 275 603 1700 845 1624 1209 
1163 1805 1190 1841 1475 989 2059 1378 2028 1349 1703 0 264 1278 2171 1842 2043 180 1178 348 915 
1355 2050 1382 2045 1667 1148 2260 1570 2237 1529 1902 265 0 1470 2372 2087 2270 199 1370 494 1051 
164 1146 516 1184 677 535 1432 329 1350 1024 911 1182 1356 0 1524 1138 1371 1252 104 1206 706 
1550 1077 1519 615 1163 1720 311 1526 809 2191 1099 2359 2533 1641 0 1114 1239 2429 1556 2417 1894 
987 43 880 527 459 1163 753 1006 290 1638 245 1756 1931 1096 865 0 397 1828 996 1750 1330 
1159 333 1138 673 751 1329 930 1156 436 1824 600 1942 2119 1269 1044 370 0 2012 1169 1939 1496 
1268 1923 1295 1963 1580 1056 2178 1483 2127 1424 1817 180 199 1383 2290 1960 2143 0 1283 301 857 
60 1059 446 1099 573 480 1347 416 1263 997 801 1131 1305 100 1439 1034 1284 1201 0 1155 651 
1034 1686 1106 1724 1359 849 1948 1249 1911 1258 1587 317 484 1149 2060 1723 1919 288 1049 0 658 
627 1271 621 1309 905 283 1557 869 1475 866 1135 892 1048 702 1649 1308 1496 918 631 692 0 
0 877 399 919 537 378 1152 363 1094 790 765 989 1182 155 1264 919 1123 1059 60 984 523 
939 0 922 466 497 1112 670 981 260 1494 286 1693 1888 1048 782 43 362 1763 948 1772 1257 
420 854 0 893 560 436 1152 635 1071 822 729 1026 1205 528 1264 891 1104 1096 435 1019 581 
969 508 949 0 529 1129 367 1023 254 1537 491 1736 1913 1073 479 539 675 1812 973 1815 1274 
609 525 562 515 0 775 719 627 721 1181 257 1373 1547 713 831 494 773 1443 613 1452 920 
386 992 408 1044 660 0 1234 601 1196 602 888 842 1031 489 1346 1029 1222 912 401 804 284 
1187 771 1180 378 756 1332 0 1194 572 1742 718 1942 2119 1301 300 808 1005 2012 1202 1989 1477 
308 859 592 898 519 571 1152 0 1071 997 747 1183 1357 328 1264 896 1104 1253 312 1231 716 
1111 257 1101 255 711 1256 573 1146 0 1666 536 1868 2046 1219 734 294 433 1942 1126 1934 1401 
781 1427 810 1486 1056 610 1676 999 1631 0 1284 1085 1251 896 1788 1464 1657 1155 796 1094 695 
851 313 722 456 266 996 660 869 569 1397 0 1599 1773 959 772 275 569 1669 855 1678 1141 
971 1613 1004 1672 1250 798 1872 1181 1817 1111 1478 0 264 1086 1976 1650 1848 180 988 339 788 
1138 1774 1167 1841 1411 976 2052 1353 1994 1272 1639 265 0 1253 2164 1814 1985 199 1153 485 975 
155 992 526 1038 641 496 1228 329 1196 924 869 1128 1302 0 1340 1029 1222 1198 104 1154 641 
1229 803 1204 500 788 1374 311 1235 752 1784 750 1991 2158 1344 0 840 1078 2061 1244 2014 1519 
969 43 880 497 456 1129 701 1019 297 1537 245 1736 1913 1073 813 0 399 1812 973 1815 1274 
1176 344 1152 673 782 1321 930 1179 436 1731 578 1933 2105 1291 1027 381 0 2003 1191 1989 1466 
1084 1684 1106 1743 1321 876 1948 1299 1911 1181 1549 180 199 1195 2060 1721 1919 0 1099 293 846 
60 881 449 948 541 428 1152 367 1094 840 769 1042 1219 100 1264 927 1123 1112 0 1036 573 
971 1613 1004 1672 1250 790 1872 1181 1817 1111 1478 317 484 1086 1976 1650 1848 288 988 0 646 
564 1176 586 1235 838 283 1425 779 1380 727 1068 837 1013 667 1537 1213 1406 843 579 646 0 
0 865 391 941 538 365 1152 363 1071 789 766 989 1195 160 1264 902 1085 1059 60 980 510 
929 0 922 472 497 1070 666 911 253 1486 286 1685 1866 1035 778 43 331 1755 939 1672 1215 
420 838 0 919 560 436 1152 635 1054 848 749 1058 1235 528 1264 875 1059 1128 435 1034 581 
961 504 943 0 525 1112 365 945 262 1510 487 1709 1888 1074 477 538 683 1779 974 1696 1257 
562 519 561 525 0 707 719 528 710 1181 257 1328 1515 672 831 494 730 1398 572 1315 852 
386 970 408 1027 663 0 1229 601 1174 602 891 839 1105 489 1341 1007 1181 912 401 789 284 
1159 723 1152 378 725 1304 0 1149 572 1712 687 1919 2105 1274 300 760 938 1989 1181 1911 1449 
308 845 584 919 518 558 1152 0 1054 997 746 1183 1370 328 1264 882 1059 1253 312 1171 703 
1140 295 1128 255 714 1285 573 1125 0 1693 574 1919 2082 1255 732 332 433 1989 1162 1880 1430 
781 1374 810 1423 1074 610 1625 999 1578 0 1302 1085 1264 896 1737 1411 1585 1155 796 1066 687 
804 315 722 466 266 956 660 770 562 1362 0 1564 1751 914 772 275 569 1634 814 1551 1099 
971 1542 1004 1591 1250 776 1793 1181 1746 1111 1478 0 264 1086 1911 1579 1753 180 998 339 766 
1159 1724 1188 1773 1432 956 1988 1374 1935 1272 1660 265 0 1274 2100 1761 1936 199 1184 485 950 
155 970 516 1027 642 490 1229 329 1174 924 870 1128 1315 0 1341 1007 1181 1198 104 1101 635 
1208 779 1201 499 781 1353 311 1201 759 1761 743 1961 2151 1323 0 816 996 2031 1230 1959 1498 
961 43 880 503 456 1112 697 945 290 1510 245 1709 1888 1074 809 0 368 1779 974 1696 1257 
1111 350 1101 659 724 1256 853 1097 436 1664 578 1868 2046 1226 967 386 0 1942 1133 1864 1401 
1039 1613 1106 1662 1321 851 1872 1254 1817 1181 1549 180 199 1154 1976 1650 1831 0 1064 292 841 
60 869 441 941 542 415 1152 367 1094 839 770 1042 1232 100 1264 909 1085 1112 0 1028 560 
971 1542 1004 1591 1250 775 1793 1181 1746 1111 1478 317 484 1086 1911 1579 1753 288 998 0 646 
564 1152 586 1201 841 283 1403 779 1356 726 1077 834 1043 667 1515 1189 1363 843 579 646 0 
