25
15
3600
0
1167
960
1381
1415
1320
1467
920
1381
1152
1451
1424
1060
1458
1210
1437
1475
1275
946
1166
1387
1385
1128
1261
1298
0 721 942 1264 1171 1147 1052 1193 1168 1066 972 1080 85 1225 873 1602 244 1743 826 976 891 868 1609 1297 1044 
725 0 567 880 787 763 683 815 784 695 728 617 728 841 443 1171 762 1312 456 592 521 498 1178 958 674 
911 633 0 503 360 326 292 500 386 304 423 363 917 443 647 1544 955 1685 747 287 840 817 1551 535 978 
1254 970 503 0 157 177 490 290 148 425 425 692 1257 67 982 1884 1291 2025 1085 387 1175 1152 1891 302 1309 
1168 848 360 157 0 34 476 304 131 411 412 602 1171 97 862 1783 1205 1934 976 244 1080 1057 1790 292 1187 
1097 819 326 177 34 0 463 299 107 398 402 568 1100 117 833 1729 1134 1873 953 220 1026 1003 1736 312 1155 
1207 936 458 610 599 578 0 802 685 345 715 532 1210 584 939 1841 1244 1987 1061 579 1132 1109 1845 397 1285 
1116 831 501 284 306 301 651 0 223 663 297 596 1119 280 845 1744 1153 1890 953 293 1041 1018 1751 559 1179 
1168 849 387 146 131 107 562 221 0 505 329 618 1171 107 863 1783 1205 1934 976 243 1080 1057 1790 386 1187 
1073 784 317 433 422 410 159 661 516 0 574 342 1097 407 798 1697 1134 1838 898 438 993 971 1704 311 1149 
1051 1148 755 505 538 555 948 356 477 917 0 911 966 512 1151 2051 955 2192 1251 596 1346 1323 2058 791 1475 
1081 624 352 679 586 562 535 614 583 376 527 0 1100 640 579 1436 1134 1577 631 391 732 698 1443 687 849 
85 719 938 1264 1171 1147 1052 1193 1168 1066 972 1080 0 1225 871 1592 159 1733 824 976 889 866 1599 1297 1044 
1207 936 443 66 97 117 465 278 109 400 386 667 1210 0 951 1841 1244 1987 1061 327 1132 1109 1845 281 1285 
844 454 608 923 828 804 724 856 825 736 769 546 847 882 0 952 881 1087 397 633 279 261 959 999 640 
1525 1119 1414 1715 1622 1598 1527 1650 1619 1541 1563 1309 1528 1676 892 0 1562 200 983 1427 821 768 111 1772 1265 
244 753 971 1295 1202 1178 1095 1230 1199 1109 1046 1101 159 1256 906 1631 0 1772 858 1007 924 900 1638 1340 1080 
1683 1277 1572 1875 1780 1756 1685 1822 1777 1699 1721 1467 1686 1836 1050 199 1720 0 1116 1585 964 909 251 1949 1398 
681 291 546 859 766 742 662 794 763 674 707 438 684 820 279 1063 718 1204 0 571 407 384 1070 910 477 
888 610 314 387 244 220 430 335 243 442 248 375 891 327 624 1522 940 1663 724 0 817 794 1529 522 949 
931 527 805 1125 1028 1004 929 1060 1027 938 1004 716 926 1086 282 871 955 1034 338 830 0 69 878 1166 620 
895 505 783 1101 1009 985 899 1036 1005 915 1004 694 898 1062 271 829 940 973 344 808 69 0 836 1146 626 
1542 1136 1431 1732 1639 1615 1544 1667 1636 1558 1580 1357 1545 1693 899 111 1579 252 983 1444 828 775 0 1789 1265 
1202 936 453 302 292 312 378 555 386 309 663 651 1205 277 934 1832 1239 1970 1061 522 1126 1103 1845 0 1285 
1052 639 894 1228 1116 1092 1025 1163 1115 1039 1076 786 1076 1189 595 1267 1071 1408 348 923 506 514 1274 1270 0 
0 919 1275 1356 1307 1283 1392 1214 1284 1438 972 1296 96 1363 1086 1904 255 2089 1057 1063 1096 1083 1952 1585 1257 
862 0 652 985 869 845 776 922 868 800 823 626 855 946 476 1416 940 1568 576 656 611 577 1439 1049 772 
1052 722 0 503 360 326 293 500 386 317 444 363 1076 443 727 1730 1197 1951 876 295 936 905 1753 546 1089 
1374 1017 503 0 157 177 515 290 148 448 429 725 1367 67 1047 2099 1462 2284 1181 387 1258 1245 2147 302 1381 
1246 919 360 157 0 34 501 304 131 434 416 604 1239 97 922 1981 1342 2166 1081 244 1148 1135 2029 292 1287 
1223 892 326 177 34 0 470 299 107 421 406 570 1216 117 897 1939 1319 2124 1057 220 1123 1110 1987 312 1259 
1382 1072 506 631 620 608 0 852 714 344 786 532 1375 605 1103 2122 1478 2307 1198 637 1275 1262 2170 403 1398 
1223 893 501 284 306 301 664 0 223 688 301 637 1216 280 898 1939 1319 2124 1057 293 1123 1110 1987 559 1261 
1246 919 387 146 131 107 563 221 0 528 333 651 1239 107 922 1981 1342 2166 1081 243 1148 1135 2029 386 1287 
1237 909 347 449 438 426 159 694 532 0 628 342 1230 423 906 1887 1333 2082 1032 479 1083 1060 1945 311 1257 
1051 936 567 505 538 537 691 356 463 715 0 664 966 512 928 1981 965 2166 1118 320 1148 1135 2029 791 1318 
1223 664 352 707 591 567 535 642 590 376 545 0 1216 668 579 1527 1319 1705 699 396 732 698 1550 687 895 
85 919 1275 1356 1293 1269 1392 1214 1284 1438 972 1270 0 1363 1086 1904 159 2089 1057 1049 1096 1083 1952 1571 1257 
1319 980 443 66 97 117 490 278 109 423 390 687 1312 0 1010 2077 1403 2262 1146 327 1229 1216 2125 281 1346 
1013 522 684 1021 907 877 808 955 900 832 855 546 1037 982 0 983 1117 1161 416 688 290 261 1006 1065 670 
1739 1230 1635 1972 1829 1805 1757 1907 1839 1737 1812 1382 1732 1912 922 0 1840 200 1018 1584 847 794 111 2107 1323 
244 970 1420 1430 1364 1340 1537 1288 1358 1583 1046 1365 159 1437 1151 1981 0 2166 1118 1120 1148 1135 2029 1642 1318 
1933 1376 1761 2133 1990 1966 1929 2065 1992 1863 1930 1508 1991 2073 1098 199 2005 0 1192 1737 988 935 251 2252 1497 
862 423 622 955 839 815 746 890 838 770 793 438 855 922 295 1193 940 1371 0 626 447 413 1216 999 528 
996 672 319 387 244 220 443 342 243 467 255 416 1020 327 677 1691 1117 1877 826 0 885 851 1714 522 1024 
1119 671 938 1320 1177 1153 1057 1226 1176 1103 1135 749 1112 1260 308 898 1218 1100 367 937 0 69 907 1368 653 
1087 623 885 1248 1105 1081 1028 1157 1104 1056 1066 701 1100 1188 271 845 1197 1040 374 889 69 0 852 1321 660 
1760 1251 1635 1990 1847 1823 1769 1907 1839 1737 1812 1382 1753 1930 929 111 1856 270 1064 1596 854 801 0 2125 1369 
1374 1066 496 312 302 322 378 565 396 309 677 651 1367 287 1092 2152 1470 2337 1221 532 1298 1285 2200 0 1421 
1224 780 992 1354 1211 1187 1109 1260 1210 1155 1169 801 1217 1294 601 1365 1320 1543 363 995 532 547 1388 1420 0 
0 1021 1304 1683 1647 1568 1395 1584 1566 1464 1331 1583 104 1686 1230 2095 291 2294 1205 1334 1226 1233 2113 1784 1453 
880 0 925 1294 1243 1170 989 1202 1177 1063 1062 863 889 1297 646 1612 940 1809 687 934 716 727 1631 1378 954 
1252 951 0 705 531 474 354 674 547 428 529 481 1299 642 1074 2067 1291 2266 1087 421 1179 1186 2085 736 1340 
1588 1260 659 0 186 235 629 345 160 569 496 901 1635 78 1413 2461 1627 2660 1542 484 1579 1586 2479 302 1790 
1453 1127 487 209 0 63 551 369 176 568 514 746 1500 125 1316 2408 1492 2607 1449 416 1486 1493 2426 304 1697 
1398 1080 424 252 57 0 488 363 139 505 508 683 1445 168 1256 2323 1437 2522 1353 357 1427 1434 2341 347 1601 
1568 1230 650 749 754 697 0 1002 815 442 834 611 1615 754 1238 2255 1607 2454 1295 726 1369 1376 2273 586 1543 
1453 1127 710 331 383 366 791 0 269 865 380 939 1500 351 1316 2408 1492 2607 1449 361 1486 1493 2426 626 1697 
1547 1150 537 166 152 121 609 248 0 626 393 804 1548 149 1316 2408 1532 2607 1449 359 1486 1493 2426 435 1697 
1379 1080 463 577 567 510 260 792 628 0 647 458 1426 574 1074 2067 1418 2266 1109 539 1188 1195 2085 467 1370 
1281 1547 1024 617 706 728 1219 474 631 1162 0 1366 1156 637 1613 2695 1140 2912 1764 770 1838 1851 2736 938 1996 
1280 893 463 868 808 757 567 799 762 419 654 0 1327 856 656 1688 1319 1900 732 546 805 816 1707 880 1000 
85 1007 1304 1653 1647 1568 1395 1485 1566 1464 1232 1583 0 1656 1223 2095 187 2294 1205 1334 1219 1226 2113 1784 1453 
1568 1230 583 84 110 159 611 312 121 554 457 842 1615 0 1413 2439 1605 2638 1522 445 1559 1566 2457 288 1770 
1085 614 875 1246 1206 1130 954 1154 1129 1021 1011 759 1132 1249 0 1212 1125 1403 457 894 311 322 1231 1342 821 
1852 1377 1771 2158 2097 2062 1881 2059 2045 1959 1925 1691 1901 2141 1079 0 2059 254 1126 1806 991 934 200 2281 1498 
277 1037 1304 1653 1647 1568 1395 1485 1566 1464 1232 1583 192 1656 1246 2125 0 2324 1205 1334 1242 1249 2143 1784 1453 
2013 1560 1955 2335 2283 2249 2053 2236 2222 2118 2100 1948 2048 2318 1262 288 2245 0 1339 1968 1190 1133 375 2445 1711 
807 481 807 1163 1135 1056 879 1071 1046 959 944 636 816 1166 439 1406 860 1597 0 826 502 513 1425 1306 618 
1176 885 444 489 350 319 516 439 323 590 294 641 1223 461 1024 2095 1217 2294 1153 0 1226 1233 2113 640 1401 
1163 792 1171 1550 1514 1435 1262 1458 1433 1331 1318 1021 1210 1553 392 1149 1194 1340 441 1183 0 79 1168 1651 815 
1131 742 1127 1506 1470 1391 1218 1414 1389 1287 1274 983 1178 1509 342 1101 1194 1292 426 1120 86 0 1120 1607 800 
1943 1474 1858 2264 2212 2173 1959 2165 2151 2024 2029 1806 2008 2247 1176 233 2179 394 1253 1897 1104 1047 0 2351 1625 
1647 1285 717 307 344 393 520 624 433 428 769 873 1694 312 1470 2502 1686 2709 1601 746 1638 1645 2520 0 1828 
1398 1007 1322 1701 1665 1586 1413 1609 1584 1482 1469 1296 1445 1704 850 1665 1437 1868 539 1352 691 702 1684 1816 0 
0 957 1192 1600 1528 1486 1335 1467 1481 1345 1357 1369 130 1613 1150 1915 347 2130 1107 1237 1143 1132 1946 1670 1437 
865 0 763 1166 1079 1037 890 1033 1037 929 945 863 874 1179 622 1475 940 1665 622 789 673 622 1483 1270 905 
1130 807 0 695 506 462 390 638 528 422 528 483 1121 635 808 1769 1169 1990 967 392 1009 974 1777 775 1290 
1427 1173 713 0 190 242 732 342 185 660 541 976 1418 86 1182 2162 1478 2372 1284 470 1379 1368 2188 418 1614 
1369 1110 548 203 0 66 617 352 195 609 551 829 1360 143 1122 2089 1420 2299 1217 371 1314 1303 2115 376 1547 
1309 1067 482 261 72 0 551 396 200 543 534 763 1300 201 1072 2029 1360 2239 1162 309 1241 1230 2055 434 1492 
1478 1218 647 788 770 747 0 1033 871 418 912 613 1469 742 1223 2229 1529 2439 1325 775 1430 1419 2255 577 1655 
1309 1021 648 348 378 407 775 0 281 807 379 813 1300 343 1026 2008 1360 2218 1122 364 1206 1195 2034 721 1452 
1309 1050 538 180 177 169 690 239 0 691 438 835 1300 142 1034 2008 1360 2218 1162 295 1227 1216 2034 520 1492 
1309 1067 488 587 569 546 271 850 670 0 752 444 1300 541 1072 2029 1360 2239 1162 616 1241 1230 2055 439 1492 
1343 1089 714 679 725 695 841 494 640 873 0 879 1244 692 1090 2048 1201 2258 1193 430 1279 1268 2074 1092 1523 
1309 859 523 896 812 768 606 780 767 465 670 0 1300 850 795 1673 1360 1869 830 534 924 882 1681 891 1151 
110 972 1192 1600 1528 1486 1335 1467 1481 1345 1300 1369 0 1613 1173 1936 217 2146 1107 1237 1169 1158 1962 1670 1437 
1399 1133 660 91 126 178 694 309 152 622 508 921 1390 0 1154 2128 1450 2338 1256 437 1343 1332 2154 380 1586 
966 550 724 1134 1044 1002 851 1005 1011 883 886 633 957 1147 0 1154 991 1344 456 750 355 313 1162 1213 775 
1702 1304 1579 1967 1920 1870 1722 1862 1860 1732 1744 1582 1693 1963 1045 0 1753 248 1114 1624 926 879 164 2118 1542 
285 936 1163 1571 1499 1457 1306 1438 1452 1316 1267 1340 175 1584 1122 1886 0 2096 1073 1208 1115 1104 1912 1641 1404 
1909 1482 1757 2156 2095 2045 1883 2051 2025 1922 1924 1760 1954 2152 1237 244 1950 0 1287 1804 1109 1051 330 2282 1715 
786 384 653 1039 981 930 780 926 919 812 815 508 795 1058 333 1333 857 1523 0 679 477 426 1341 1137 609 
1110 726 375 492 371 341 502 402 312 534 292 540 1085 454 727 1698 1042 1917 853 0 930 889 1706 733 1187 
1130 679 997 1385 1316 1274 1126 1252 1266 1136 1142 853 1121 1398 359 1067 1169 1257 370 1022 0 70 1075 1461 751 
1130 625 931 1333 1272 1230 1073 1200 1221 1083 1090 799 1121 1346 348 1053 1100 1243 377 976 89 0 1061 1408 758 
1759 1361 1636 2031 1980 1930 1779 1920 1910 1789 1808 1639 1750 2027 1116 178 1840 350 1211 1681 983 925 0 2181 1639 
1511 1250 705 477 459 511 621 740 583 463 945 870 1502 431 1273 2239 1562 2449 1375 816 1473 1462 2265 0 1705 
1217 798 1069 1464 1396 1354 1212 1331 1345 1222 1221 926 1208 1477 714 1475 1268 1665 414 1101 606 595 1483 1547 0 
0 957 1168 1551 1454 1424 1293 1484 1380 1332 1312 1363 145 1534 1155 1843 340 2086 1123 1171 1178 1186 1891 1625 1402 
804 0 678 1061 983 953 777 985 941 812 827 866 779 1044 581 1410 842 1603 525 704 626 613 1432 1130 774 
1160 797 0 731 570 522 376 641 565 411 499 535 1143 697 781 1699 1212 1955 864 376 1016 1025 1721 719 1130 
1491 1155 656 0 222 278 705 385 171 615 491 921 1480 84 1124 2040 1562 2267 1191 456 1331 1339 2072 381 1470 
1425 1098 492 191 0 70 670 380 162 580 482 880 1414 141 1051 1956 1496 2183 1129 366 1278 1286 1988 346 1408 
1393 1029 451 232 55 0 606 395 169 555 479 836 1382 182 993 1900 1464 2127 1081 325 1228 1236 1932 387 1360 
1556 1185 616 831 814 759 0 1004 875 430 874 606 1545 777 1141 2064 1627 2291 1227 751 1373 1381 2096 545 1506 
1333 970 619 375 397 376 718 0 247 753 328 741 1322 349 972 1843 1404 2077 1029 337 1175 1183 1891 690 1309 
1393 1044 485 189 179 153 679 281 0 691 383 800 1382 163 999 1930 1464 2157 1093 285 1248 1256 1962 504 1372 
1393 1006 448 613 599 554 218 848 682 0 706 457 1382 556 972 1869 1464 2096 1066 583 1208 1216 1901 420 1345 
1343 1398 1029 695 745 754 1158 464 625 1197 0 1169 1222 697 1347 2292 1291 2509 1433 749 1568 1576 2324 1160 1712 
1393 859 493 923 833 807 636 829 791 485 687 0 1382 893 769 1640 1464 1878 781 564 919 905 1662 891 1046 
142 919 1129 1512 1415 1385 1254 1445 1341 1293 1273 1324 0 1495 1126 1835 195 2077 1029 1132 1168 1176 1891 1586 1309 
1482 1151 643 108 165 221 665 385 167 575 487 921 1471 0 1124 2040 1553 2267 1189 452 1331 1339 2072 341 1468 
1054 571 705 1077 998 968 804 991 962 839 854 706 1061 1060 0 1139 1130 1332 504 731 349 349 1161 1147 758 
1769 1298 1576 1998 1873 1836 1701 1868 1788 1740 1720 1524 1758 1962 1050 0 1931 258 1102 1579 957 898 132 2072 1457 
340 890 1102 1485 1388 1358 1227 1418 1314 1266 1246 1297 198 1468 1103 1804 0 2060 1013 1105 1144 1152 1842 1559 1280 
2036 1562 1826 2251 2160 2123 1981 2115 2102 2023 1992 1788 2031 2217 1325 266 2118 0 1352 1892 1239 1217 364 2378 1707 
759 345 601 1001 896 870 700 892 854 735 750 538 734 984 332 1274 797 1467 0 627 478 465 1296 1062 532 
1172 807 444 510 377 351 556 438 321 591 296 579 1161 484 791 1705 1278 1958 874 0 1016 1025 1727 709 1140 
1160 639 931 1321 1224 1194 1032 1255 1150 1071 1083 874 1143 1304 402 1038 1212 1231 443 950 0 75 1060 1364 765 
1160 653 966 1331 1243 1213 1056 1260 1190 1095 1088 888 1143 1314 400 1038 1212 1231 445 981 69 0 1060 1388 767 
1831 1350 1628 2042 1920 1876 1753 1912 1874 1792 1772 1576 1817 2008 1113 149 1931 342 1131 1631 1023 1001 0 2157 1486 
1575 1233 654 341 384 440 576 695 477 464 797 891 1564 341 1191 2179 1646 2373 1277 736 1423 1431 2211 0 1556 
1333 827 1102 1485 1388 1358 1227 1418 1314 1266 1246 1038 1322 1468 797 1447 1404 1640 482 1105 685 700 1469 1559 0 
0 915 1168 1514 1510 1470 1268 1421 1413 1334 1334 1345 117 1490 1135 1910 403 2095 1068 1200 1136 1103 1940 1616 1419 
878 0 756 1088 1060 1020 852 995 987 889 885 818 883 1064 543 1458 1292 1606 551 752 643 646 1449 1228 893 
1161 797 0 723 534 501 396 620 524 433 524 505 1148 656 807 1822 1557 1959 873 391 1007 982 1829 796 1235 
1517 1179 781 0 256 297 699 350 203 632 548 988 1504 114 1188 2155 1898 2340 1283 531 1424 1391 2185 377 1634 
1420 1083 584 229 0 55 687 362 172 620 517 842 1407 136 1087 2028 1898 2213 1180 369 1321 1288 2058 380 1531 
1369 1062 541 267 52 0 640 391 179 622 513 787 1356 174 1058 1992 1773 2177 1149 326 1290 1257 2022 418 1500 
1498 1126 629 831 784 732 0 970 848 424 875 621 1485 754 1141 2091 1898 2276 1236 742 1377 1344 2121 582 1587 
1299 988 690 392 403 392 786 0 248 823 344 749 1286 351 989 1935 1703 2120 1068 333 1200 1167 1965 724 1419 
1369 1062 578 199 210 184 707 247 0 739 402 819 1356 158 1058 1992 1773 2177 1149 328 1290 1257 2022 531 1500 
1299 988 459 638 600 562 222 800 678 0 705 450 1286 561 989 1935 1703 2120 1068 572 1200 1167 1965 469 1419 
1264 1062 783 723 731 698 879 470 583 923 0 842 1136 686 1078 2023 1485 2208 1172 426 1313 1280 2053 1095 1523 
1277 806 482 915 857 824 621 775 762 472 679 0 1264 865 738 1627 1681 1775 691 546 833 836 1618 914 1048 
131 909 1168 1514 1510 1470 1268 1421 1413 1334 1314 1345 0 1490 1135 1910 286 2095 1068 1200 1136 1103 1940 1616 1388 
1498 1126 713 98 143 184 682 336 146 615 491 942 1485 0 1134 2091 1898 2276 1229 474 1370 1337 2121 375 1580 
1043 542 777 1098 1078 1038 873 998 997 915 908 728 1053 1074 0 1230 1402 1378 473 773 439 447 1221 1254 815 
1732 1308 1599 1965 1927 1897 1699 1896 1840 1765 1765 1514 1719 1927 1082 0 1898 263 1117 1631 980 925 147 2033 1523 
330 915 1168 1514 1510 1470 1268 1421 1413 1334 1314 1345 199 1490 1135 1910 0 2095 1068 1200 1136 1103 1940 1616 1419 
2014 1587 1897 2279 2217 2187 1997 2198 2145 2039 2036 1793 2075 2241 1361 365 2113 0 1407 1926 1255 1200 433 2358 1819 
824 334 670 990 984 932 766 895 882 803 799 556 829 966 339 1216 1292 1364 0 666 438 441 1207 1138 607 
1068 721 434 510 370 337 530 381 324 567 303 493 1106 469 731 1732 1494 1886 797 0 930 937 1723 736 1151 
1129 603 976 1321 1281 1241 1084 1228 1220 1150 1141 865 1145 1297 373 1020 1494 1168 369 1007 0 74 1011 1432 770 
1081 590 952 1286 1252 1212 1054 1193 1185 1120 1106 852 1119 1262 364 1020 1494 1168 385 970 93 0 1011 1402 786 
1795 1371 1662 2023 1996 1966 1762 1965 1898 1827 1840 1577 1782 1985 1145 185 1923 352 1193 1694 1037 982 0 2121 1599 
1498 1177 660 407 369 410 485 666 476 418 821 854 1485 330 1186 2155 1898 2340 1281 724 1422 1389 2185 0 1632 
1251 742 1068 1406 1402 1362 1168 1313 1305 1234 1226 987 1238 1382 692 1529 1655 1677 408 1092 607 615 1520 1516 0 
0 865 1137 1487 1411 1366 1221 1377 1350 1262 1281 1326 103 1461 1018 1787 350 2010 988 1163 1056 1064 1821 1548 1239 
843 0 662 1016 955 900 756 900 906 773 801 724 861 990 498 1253 894 1453 519 686 596 575 1284 1083 742 
1140 780 0 667 477 412 384 597 510 401 498 428 1129 594 773 1705 1112 1906 923 383 999 990 1736 703 1137 
1448 1161 684 0 227 260 652 341 168 598 503 915 1443 96 1144 2183 1472 2384 1267 480 1350 1358 2266 384 1510 
1335 1055 507 206 0 47 614 356 183 560 518 802 1330 131 1047 2006 1359 2207 1163 361 1234 1242 2089 346 1406 
1335 1029 487 257 65 0 612 369 168 558 516 771 1330 182 998 2006 1359 2207 1148 341 1217 1225 2089 397 1391 
1419 1134 594 781 764 701 0 941 837 430 842 589 1414 734 1122 2120 1443 2321 1245 727 1319 1327 2203 514 1488 
1278 1006 636 293 387 385 754 0 244 771 347 762 1273 311 977 1920 1302 2121 1098 345 1164 1172 2003 634 1341 
1335 1029 516 157 193 167 668 225 0 683 387 798 1330 141 993 1975 1359 2176 1148 312 1203 1211 2058 486 1391 
1335 1015 477 536 519 472 206 776 616 0 725 393 1330 489 993 1964 1359 2165 1148 610 1196 1204 2047 426 1391 
1245 1006 686 614 714 676 780 426 582 797 0 788 1134 632 993 1964 1117 2165 1148 371 1196 1204 2047 962 1391 
1278 818 429 847 807 742 554 777 782 441 678 0 1273 800 739 1622 1302 1838 784 563 909 880 1653 802 1035 
120 873 1138 1488 1412 1367 1222 1378 1351 1263 1282 1326 0 1462 1027 1823 247 2010 1007 1164 1056 1064 1893 1549 1239 
1419 1134 653 78 160 193 623 317 144 569 479 880 1414 0 1122 2120 1443 2321 1245 456 1319 1327 2203 355 1488 
992 515 703 1059 993 953 797 941 954 814 842 608 996 1033 0 1052 979 1252 474 727 338 343 1083 1100 728 
1652 1220 1518 1869 1792 1747 1602 1758 1731 1643 1662 1454 1647 1842 982 0 1676 234 1047 1544 914 852 193 1949 1387 
382 936 1169 1519 1443 1398 1253 1409 1382 1294 1313 1358 262 1493 1089 1865 0 2050 1053 1195 1114 1122 1932 1580 1282 
1825 1383 1681 2055 1959 1913 1765 1924 1898 1807 1840 1617 1818 2048 1134 223 1840 0 1195 1707 1076 1031 322 2152 1535 
800 332 607 957 893 845 701 845 850 718 746 467 818 945 297 1130 851 1330 0 631 450 453 1161 1053 545 
1048 704 384 500 387 341 478 391 343 495 292 486 1039 484 697 1622 1022 1838 831 0 909 887 1653 719 1082 
1140 608 926 1269 1201 1156 1027 1159 1149 1050 1063 788 1129 1243 356 990 1112 1201 402 949 0 77 1045 1354 728 
1048 562 873 1231 1159 1114 980 1121 1116 984 1025 742 1069 1205 312 980 1052 1191 405 897 69 0 1028 1305 731 
1681 1249 1547 1913 1841 1776 1631 1787 1760 1672 1691 1483 1676 1909 1002 174 1705 349 1077 1573 932 875 0 1971 1417 
1434 1161 612 332 341 374 503 622 449 438 784 831 1429 311 1139 2183 1458 2384 1262 688 1350 1358 2266 0 1505 
1191 738 1020 1370 1294 1249 1100 1260 1233 1141 1164 873 1186 1344 673 1327 1215 1527 406 1046 559 564 1358 1427 0 
0 864 1138 1508 1449 1398 1244 1383 1376 1313 1275 1302 135 1499 1050 1866 362 2028 1040 1149 1080 1072 1869 1654 1293 
877 0 763 1131 1045 994 845 1004 960 881 908 762 873 1122 527 1432 940 1596 578 778 633 602 1510 1265 855 
1152 796 0 649 542 457 385 575 474 421 485 483 1114 612 774 1791 1099 1957 874 358 994 951 1848 747 1136 
1567 1210 679 0 190 230 627 348 169 570 512 911 1542 72 1161 2184 1527 2345 1300 510 1426 1443 2186 350 1511 
1451 1161 519 201 0 54 612 347 159 555 511 806 1426 127 1103 2120 1411 2281 1243 441 1369 1386 2122 353 1454 
1398 1083 465 266 90 0 580 330 119 571 490 752 1373 203 1024 2054 1358 2215 1188 387 1314 1324 2056 429 1399 
1502 1195 569 783 783 693 0 941 812 398 843 602 1477 787 1144 2184 1462 2345 1283 716 1409 1426 2186 488 1494 
1344 1037 676 378 402 350 759 0 263 795 342 753 1319 343 970 2021 1304 2182 1143 335 1269 1276 2023 672 1354 
1432 1105 510 175 187 111 674 239 0 669 403 819 1407 138 1062 2072 1392 2233 1203 356 1329 1346 2074 467 1414 
1335 1023 400 609 571 524 215 764 643 0 674 439 1310 553 970 1997 1295 2158 1094 547 1238 1255 1999 421 1323 
1375 1105 735 619 702 658 817 402 593 853 0 811 1222 621 1058 2072 1207 2233 1188 393 1314 1331 2074 972 1399 
1398 733 452 916 855 765 575 788 752 455 698 0 1373 864 740 1679 1358 1844 784 571 886 855 1757 848 1037 
132 857 1114 1484 1425 1374 1220 1359 1352 1289 1251 1278 0 1475 1045 1866 227 2028 1040 1125 1080 1072 1869 1630 1263 
1502 1188 625 84 120 160 590 319 140 533 483 869 1477 0 1144 2184 1462 2345 1283 481 1409 1426 2186 331 1494 
1044 561 792 1157 1077 1026 874 1032 995 924 943 774 1024 1148 0 1161 1009 1325 454 807 338 316 1239 1274 802 
1799 1325 1619 2034 1917 1876 1725 1887 1861 1794 1756 1539 1774 2011 1039 0 1759 221 1114 1630 937 886 168 2092 1439 
522 1141 1365 1735 1676 1625 1471 1610 1603 1540 1476 1529 390 1726 1428 2230 0 2391 1297 1376 1423 1440 2232 1880 1508 
2016 1533 1832 2260 2113 2072 1950 2103 2071 1995 1982 1747 2048 2237 1224 240 2022 0 1319 1838 1168 1111 348 2357 1644 
818 370 664 1040 950 891 746 896 860 782 806 582 814 1031 348 1263 861 1427 0 679 456 425 1341 1191 611 
1109 754 427 455 391 315 509 353 280 545 267 503 1114 418 732 1751 1099 1912 832 0 943 905 1832 730 1083 
1152 639 998 1356 1295 1244 1058 1231 1224 1127 1123 911 1114 1347 344 1052 1099 1216 355 997 0 69 1130 1468 730 
1109 607 953 1316 1226 1175 1029 1191 1151 1098 1083 874 1057 1307 334 996 1042 1160 370 942 74 0 1074 1439 745 
1857 1388 1682 2099 1982 1941 1788 1943 1930 1848 1822 1602 1842 2076 1079 151 1840 326 1211 1693 991 934 0 2202 1536 
1586 1305 657 356 408 448 621 663 484 520 827 924 1561 375 1242 2250 1546 2411 1381 804 1507 1524 2252 0 1592 
1335 852 1138 1508 1449 1398 1244 1383 1376 1313 1275 1053 1310 1499 761 1540 1295 1704 482 1149 654 677 1618 1654 0 
0 948 1185 1572 1507 1452 1301 1431 1455 1328 1328 1348 125 1535 1113 1954 349 2139 1132 1215 1128 1110 1973 1654 1286 
896 0 757 1192 1074 1018 873 1051 1062 900 920 887 883 1155 590 1495 940 1660 636 840 669 648 1587 1245 928 
1112 909 0 677 499 455 395 629 505 422 511 458 1107 627 792 1832 1201 2016 924 435 1023 986 1876 791 1111 
1467 1207 721 0 224 261 659 342 189 602 538 920 1462 88 1155 2225 1563 2410 1328 536 1398 1380 2244 363 1482 
1388 1131 542 192 0 51 639 353 170 582 523 833 1383 142 1072 2127 1484 2312 1245 434 1315 1297 2146 343 1399 
1335 1091 491 246 68 0 604 340 143 547 510 782 1330 196 1022 2082 1431 2267 1195 407 1265 1247 2101 397 1349 
1467 1207 620 840 821 776 0 1027 895 438 891 584 1462 790 1155 2225 1563 2410 1328 815 1398 1380 2244 566 1482 
1301 1089 682 350 416 410 798 0 287 825 382 792 1296 353 994 2049 1397 2234 1179 382 1234 1216 2068 674 1333 
1335 1091 532 176 193 154 696 238 0 701 408 820 1330 162 1022 2082 1431 2267 1195 362 1265 1247 2101 483 1349 
1335 1091 480 613 594 602 237 869 720 0 751 445 1330 563 1022 2082 1431 2267 1195 675 1265 1247 2101 481 1349 
1351 1446 1088 676 742 779 1204 469 662 1231 0 1192 1303 679 1406 2452 1297 2637 1579 781 1642 1624 2471 1016 1733 
1260 831 480 887 842 789 563 770 759 435 652 0 1255 837 754 1685 1356 1856 800 576 894 873 1777 875 1041 
138 926 1149 1536 1471 1416 1265 1395 1419 1292 1243 1312 0 1499 1113 1954 224 2139 1102 1179 1128 1110 1973 1618 1281 
1467 1179 666 79 138 175 617 336 157 560 506 881 1462 0 1119 2161 1563 2346 1292 504 1362 1344 2180 321 1446 
1024 647 714 1144 1040 979 830 1011 1023 857 873 731 1048 1107 0 1138 1042 1303 477 797 364 362 1230 1181 855 
1707 1312 1632 1988 1951 1917 1748 1906 1881 1775 1775 1510 1702 1963 1034 0 1978 248 1086 1662 953 898 133 2157 1369 
336 926 1149 1536 1471 1416 1265 1395 1419 1292 1231 1312 198 1499 1087 1923 0 2108 1087 1179 1102 1084 1942 1618 1266 
1979 1505 1831 2209 2132 2093 1957 2131 2090 2020 1987 1703 2027 2184 1225 240 2152 0 1276 1864 1128 1071 306 2348 1559 
822 447 641 1048 963 900 757 922 937 784 800 553 809 1011 410 1234 855 1399 0 724 463 442 1326 1117 655 
1098 839 389 475 382 338 505 383 299 532 279 499 1078 461 720 1745 1072 1965 853 0 957 925 1854 711 1065 
1098 698 942 1340 1266 1211 1051 1199 1223 1078 1096 852 1107 1303 359 987 1131 1152 392 1019 0 70 1079 1404 824 
1064 664 900 1305 1229 1174 1028 1164 1188 1055 1061 818 1048 1268 333 987 1042 1152 386 978 69 0 1079 1381 818 
1765 1370 1690 2032 2011 1977 1825 1962 1925 1865 1843 1568 1760 2007 1090 172 2013 395 1137 1720 990 933 0 2199 1420 
1585 1320 737 375 360 397 643 665 486 541 835 972 1580 329 1280 2370 1681 2555 1453 780 1516 1498 2389 0 1607 
1238 909 1115 1502 1437 1382 1231 1361 1385 1258 1258 1008 1233 1465 739 1495 1334 1660 461 1145 658 671 1587 1584 0 
0 871 1169 1501 1443 1403 1320 1403 1386 1331 1311 1326 136 1475 1068 1888 304 2064 1027 1176 1074 1073 1936 1650 1239 
863 0 788 1117 1077 1037 926 1024 1002 957 920 803 880 1091 554 1468 873 1650 614 820 666 671 1500 1277 853 
1101 833 0 654 469 414 347 602 537 386 493 474 1137 577 794 1862 1173 2038 967 394 1040 1043 1910 698 1156 
1498 1259 763 0 199 250 690 333 194 612 519 938 1500 100 1259 2348 1536 2524 1371 526 1475 1474 2396 383 1607 
1428 1199 578 199 0 65 658 372 198 580 523 857 1430 122 1167 2230 1466 2406 1279 402 1383 1382 2278 351 1515 
1365 1124 513 240 55 0 622 385 173 606 514 792 1367 163 1111 2167 1403 2343 1224 367 1328 1327 2215 392 1460 
1479 1233 608 787 780 752 0 980 875 414 872 614 1481 740 1203 2240 1517 2416 1314 773 1418 1417 2288 556 1550 
1365 1124 717 363 392 440 845 0 298 884 376 786 1367 358 1111 2167 1403 2343 1224 393 1328 1327 2215 711 1460 
1399 1145 625 166 170 197 782 252 0 722 403 803 1401 140 1120 2167 1437 2343 1232 368 1336 1335 2215 493 1468 
1348 1103 470 602 590 614 203 843 730 0 734 478 1350 550 1060 2086 1386 2262 1144 635 1257 1256 2134 410 1380 
1372 1551 1186 678 729 780 1341 513 688 1280 0 1288 1258 673 1531 2561 1200 2738 1643 846 1747 1746 2609 1029 1916 
1254 834 444 840 788 733 612 741 750 444 632 0 1256 814 701 1621 1292 1809 749 533 852 857 1653 831 1035 
123 875 1169 1501 1443 1403 1320 1403 1386 1331 1258 1326 0 1475 1068 1888 168 2064 1027 1176 1074 1073 1936 1650 1247 
1498 1241 697 83 133 184 662 344 180 584 505 929 1500 0 1227 2263 1536 2439 1339 512 1443 1442 2311 355 1575 
999 564 756 1088 1045 1005 884 1005 973 928 887 623 1043 1062 0 1220 1014 1402 483 788 377 382 1252 1247 756 
1738 1344 1749 2163 2052 2017 1879 2016 1979 1891 1911 1494 1740 2147 1053 0 1776 234 1091 1745 949 889 141 2284 1434 
427 1027 1396 1728 1670 1630 1547 1630 1613 1558 1419 1455 304 1702 1206 2024 0 2200 1180 1374 1204 1203 2072 1946 1416 
1987 1539 1950 2369 2222 2187 2129 2222 2195 2108 2106 1689 2040 2317 1246 241 2035 0 1278 1982 1150 1094 334 2524 1621 
818 386 693 1037 989 931 821 953 921 860 824 484 835 1014 330 1322 828 1504 0 725 506 511 1354 1198 578 
1101 813 416 486 379 324 544 388 320 583 279 485 1137 460 774 1809 1108 1992 925 0 1026 1032 1865 716 1145 
1101 677 1030 1365 1307 1267 1189 1267 1250 1200 1175 824 1137 1339 395 1056 1173 1238 384 1040 0 70 1088 1519 727 
1063 623 992 1325 1267 1227 1145 1227 1210 1156 1135 770 1107 1299 352 1023 1108 1205 385 1000 69 0 1055 1475 728 
1796 1402 1809 2225 2079 2044 1953 2078 2025 1951 1962 1552 1798 2174 1094 185 1840 322 1130 1806 1007 951 0 2351 1473 
1479 1233 613 332 347 398 458 651 487 380 812 847 1481 307 1211 2245 1517 2421 1323 735 1427 1426 2293 0 1559 
1267 860 1170 1502 1444 1404 1321 1404 1387 1332 1312 977 1269 1476 790 1554 1305 1736 474 1177 701 713 1586 1651 0 
0 895 1353 1805 1639 1612 1579 1639 1633 1557 1364 1419 102 1723 1147 2115 296 2229 1014 1382 1170 1178 2148 1923 1403 
963 0 895 1300 1141 1114 1090 1171 1131 1068 1098 818 938 1225 626 1667 965 1848 642 931 773 782 1676 1400 1011 
1262 965 0 664 503 428 392 603 493 422 525 432 1228 602 868 2054 1276 2182 1086 435 1185 1167 2087 735 1493 
1639 1316 721 0 229 270 711 368 187 644 510 916 1605 102 1262 2437 1653 2618 1464 514 1580 1570 2470 387 1888 
1556 1255 522 184 0 55 655 334 153 643 476 767 1522 113 1230 2414 1570 2555 1432 420 1548 1538 2447 449 1888 
1535 1220 471 245 75 0 600 358 117 588 484 712 1501 174 1168 2355 1549 2544 1370 369 1486 1476 2388 508 1798 
1749 1356 662 769 800 725 0 1024 842 469 1034 553 1715 753 1294 2272 1763 2399 1450 885 1519 1466 2305 497 1888 
1411 1110 662 369 380 353 925 0 257 907 330 765 1377 319 1060 2217 1425 2399 1292 328 1362 1368 2250 668 1720 
1535 1252 577 231 220 160 758 305 0 746 447 859 1501 181 1213 2392 1549 2544 1415 433 1531 1521 2425 530 1849 
1556 1255 531 615 628 561 243 873 678 0 844 415 1522 550 1162 2167 1570 2254 1278 754 1415 1362 2200 389 1713 
1320 1220 823 650 710 683 1090 431 587 1068 0 863 1172 645 1168 2355 1149 2544 1370 426 1486 1476 2388 980 1798 
1411 848 441 923 788 713 617 926 830 435 853 0 1377 851 757 1680 1425 1848 870 763 993 940 1689 803 1171 
127 936 1410 1699 1696 1669 1636 1530 1690 1614 1258 1524 0 1716 1216 2165 194 2294 1063 1438 1199 1207 2198 2007 1493 
1556 1252 676 83 182 223 706 323 142 639 465 911 1522 0 1230 2414 1570 2555 1432 469 1548 1538 2447 382 1888 
1262 723 952 1393 1234 1207 1187 1246 1224 1165 1173 808 1228 1318 0 1209 1276 1405 499 1006 323 331 1218 1497 914 
2272 1746 2062 2451 2346 2328 2356 2339 2319 2139 2332 1732 2257 2429 1167 0 2214 210 1277 2111 1027 974 111 2612 1713 
315 915 1353 1675 1639 1612 1579 1502 1633 1557 1222 1478 188 1692 1216 2165 0 2294 1042 1382 1199 1207 2198 1923 1493 
2453 1934 2274 2754 2648 2630 2515 2641 2621 2295 2634 1895 2438 2739 1337 204 2395 0 1447 2357 1197 1144 291 2722 1888 
1041 518 926 1355 1196 1169 1146 1204 1186 994 1131 626 1030 1280 407 1554 1007 1750 0 967 607 618 1563 1456 802 
1186 897 461 473 420 348 716 372 353 740 288 529 1152 423 808 2019 1202 2141 1014 0 1125 1111 2052 769 1403 
1355 882 1287 1736 1573 1546 1513 1589 1567 1388 1516 998 1321 1657 358 1036 1369 1209 387 1335 0 69 1058 1856 802 
1303 850 1240 1689 1526 1499 1466 1542 1520 1375 1469 978 1269 1610 329 988 1317 1181 389 1277 69 0 995 1776 804 
2312 1781 2136 2525 2420 2402 2403 2413 2393 2183 2406 1771 2297 2503 1202 139 2254 335 1312 2147 1062 1009 0 2656 1748 
1810 1478 710 347 409 450 672 654 473 544 796 896 1771 331 1436 2606 1840 2709 1638 763 1754 1744 2639 0 2036 
1389 936 1325 1792 1629 1602 1546 1645 1623 1407 1572 1025 1355 1713 764 1532 1403 1728 410 1385 566 577 1541 1868 0 
0 846 1344 1609 1544 1520 1543 1452 1533 1568 1235 1257 85 1616 1094 1999 262 2140 1011 1280 1119 1127 2006 1838 1283 
911 0 803 1174 1039 1015 1005 1134 1028 1022 1120 711 900 1122 556 1620 965 1741 683 839 808 816 1627 1324 1024 
1360 936 0 605 455 418 352 576 461 365 715 363 1384 539 871 1956 1447 2097 1104 404 1157 1165 1963 673 1370 
1610 1237 575 0 169 205 580 291 155 527 524 808 1615 67 1175 2254 1561 2395 1347 481 1430 1437 2261 342 1599 
1591 1178 421 164 0 50 548 331 145 495 570 657 1615 98 1119 2209 1607 2350 1291 390 1374 1381 2216 337 1543 
1591 1139 382 207 57 0 532 348 123 499 548 618 1615 141 1078 2209 1648 2350 1251 355 1333 1340 2216 380 1503 
1735 1325 585 708 731 692 0 941 788 436 1087 541 1759 686 1158 2209 1840 2350 1330 789 1422 1369 2216 478 1582 
1493 1072 563 290 342 313 746 0 223 759 414 649 1466 280 982 2099 1412 2240 1177 316 1257 1265 2106 608 1429 
1591 1149 420 172 143 114 603 255 0 605 496 661 1615 133 1087 2209 1567 2350 1259 348 1342 1349 2216 461 1511 
1591 1105 409 534 557 516 196 751 612 0 920 347 1615 512 1034 1956 1678 2097 1156 613 1247 1194 1963 416 1408 
1307 1118 754 548 622 593 951 388 514 990 0 709 1171 555 1073 2144 1117 2281 1251 376 1316 1323 2151 879 1503 
1456 813 380 849 725 682 558 779 718 434 846 0 1480 809 739 1601 1543 1722 867 535 919 865 1608 820 1172 
85 839 1344 1520 1530 1506 1543 1363 1492 1568 1146 1257 0 1527 1088 1999 177 2140 1011 1266 1119 1127 2006 1838 1281 
1591 1210 511 66 104 140 541 293 116 488 531 747 1615 0 1125 2209 1561 2350 1297 443 1380 1387 2216 330 1549 
1275 765 962 1335 1200 1176 1165 1260 1189 1023 1201 650 1299 1283 0 1108 1396 1223 513 1033 307 293 1115 1424 920 
2129 1675 2017 2320 2227 2203 2196 2255 2224 2037 2170 1687 2122 2281 1196 0 2322 200 1345 2069 1103 1050 115 2355 1737 
244 936 1359 1505 1546 1560 1558 1348 1477 1583 1118 1326 159 1512 1166 2144 0 2264 1068 1361 1192 1200 2151 1798 1326 
2340 1882 2188 2503 2410 2386 2374 2438 2407 2215 2353 1865 2333 2464 1383 199 2533 0 1532 2221 1290 1237 300 2533 1924 
966 533 816 1209 1074 1050 1030 1159 1063 923 1123 510 939 1157 301 1373 1028 1494 0 878 590 594 1380 1305 871 
1138 831 389 397 287 258 583 344 256 596 444 410 1162 358 763 1858 1225 1999 1011 0 1039 1047 1865 610 1291 
1398 879 1162 1580 1445 1421 1327 1505 1434 1172 1446 819 1422 1528 290 1045 1485 1186 441 1284 0 69 1052 1573 785 
1398 881 1146 1583 1448 1424 1313 1508 1437 1158 1449 807 1422 1531 292 1012 1485 1138 443 1287 69 0 1019 1559 849 
2157 1698 2028 2350 2257 2233 2215 2285 2254 2056 2200 1710 2150 2311 1219 123 2350 299 1368 2099 1126 1073 0 2374 1760 
1831 1395 675 317 350 386 546 597 421 477 830 824 1873 305 1418 2433 1882 2574 1590 726 1673 1633 2440 0 1849 
1493 972 1249 1652 1517 1493 1459 1577 1506 1304 1518 946 1517 1600 721 1513 1580 1634 434 1356 583 591 1520 1705 0 
0 804 1144 1420 1350 1326 1256 1288 1349 1274 1046 1233 105 1410 942 1639 264 1785 983 1134 953 954 1646 1505 1152 
765 0 738 1050 907 879 900 1007 906 883 1017 651 758 990 443 1258 940 1404 514 659 541 538 1265 1112 728 
963 719 0 503 360 326 339 500 386 322 481 363 987 443 681 1564 1143 1710 815 299 868 865 1571 551 1041 
1309 1048 525 0 157 198 490 292 148 425 454 700 1302 67 1024 1884 1363 2062 1163 415 1189 1189 1915 302 1346 
1217 970 382 157 0 55 476 304 135 411 441 624 1210 97 928 1800 1271 1978 1099 325 1120 1120 1807 292 1282 
1191 909 327 177 34 0 463 302 107 398 434 569 1184 117 871 1755 1245 1942 1022 280 1075 1075 1762 312 1223 
1309 1048 488 629 618 606 0 857 712 346 807 531 1302 603 1024 1885 1363 2062 1163 625 1192 1192 1915 435 1346 
1191 909 511 284 317 306 716 0 246 689 324 608 1184 291 867 1755 1245 1942 1022 293 1075 1075 1762 570 1223 
1217 951 397 168 131 107 570 221 0 505 358 648 1210 129 912 1778 1271 1942 1065 270 1098 1098 1785 408 1282 
1139 890 333 433 422 410 156 685 516 0 652 343 1132 407 852 1721 1193 1869 1007 470 1041 1041 1728 311 1223 
1068 1216 790 530 563 585 982 381 525 937 0 945 983 537 1218 2164 970 2266 1353 627 1372 1372 2194 816 1536 
1191 653 352 733 609 585 532 664 608 376 599 0 1184 692 585 1442 1245 1588 683 417 763 745 1449 687 897 
85 777 1122 1363 1328 1304 1234 1231 1327 1252 989 1188 0 1370 922 1610 159 1756 899 1099 930 925 1617 1483 1152 
1277 1006 465 66 97 138 465 278 109 400 415 675 1270 0 966 1832 1331 2000 1127 376 1150 1150 1845 281 1310 
879 498 780 1090 947 923 942 1046 948 929 1017 563 872 1030 0 1068 1037 1209 407 701 279 287 1075 1154 684 
1626 1216 1551 1862 1757 1733 1663 1791 1756 1681 1723 1432 1619 1823 963 0 1680 200 1058 1567 883 830 111 1949 1335 
244 889 1183 1458 1389 1365 1295 1326 1388 1313 1084 1295 159 1449 1026 1721 0 1869 1022 1198 1041 1041 1728 1544 1227 
1749 1339 1674 1981 1886 1862 1786 1924 1885 1807 1843 1555 1742 1942 1107 199 1840 0 1188 1690 1027 974 251 2046 1465 
713 332 710 1044 896 872 893 996 895 807 946 457 706 990 286 1142 852 1288 0 652 409 406 1149 1107 518 
931 696 345 387 244 220 507 342 243 490 303 399 926 327 658 1544 1080 1690 792 0 845 842 1551 522 1023 
946 563 970 1281 1182 1158 1092 1216 1181 1089 1148 735 939 1242 282 1012 1098 1136 353 966 0 69 1019 1341 630 
959 566 971 1301 1202 1178 1092 1236 1201 1063 1168 717 983 1262 286 963 1142 1108 359 966 69 0 970 1341 636 
1675 1265 1600 1912 1807 1782 1712 1841 1806 1730 1772 1464 1668 1873 1012 149 1729 314 1104 1616 932 875 0 1961 1381 
1309 1048 484 302 292 333 388 555 386 322 692 665 1302 277 1024 1884 1363 2062 1163 603 1189 1189 1915 0 1346 
1089 691 1072 1397 1268 1244 1221 1332 1267 1166 1264 816 1100 1351 599 1283 1143 1429 359 1015 507 515 1290 1470 0 
0 747 987 1335 1203 1179 1092 1250 1202 1112 1056 1117 85 1286 922 1646 244 1754 872 1008 923 935 1667 1343 1103 
748 0 595 897 813 789 716 832 801 721 745 617 741 858 443 1300 773 1408 476 617 526 534 1321 958 737 
946 650 0 503 360 326 302 500 386 307 429 363 939 443 658 1577 976 1685 807 301 857 865 1598 538 1065 
1308 1006 503 0 157 177 498 290 148 425 425 692 1301 67 990 1907 1341 2011 1106 387 1186 1163 1914 302 1331 
1222 869 360 157 0 34 484 304 131 411 412 602 1215 97 877 1791 1255 1900 1027 244 1075 1052 1821 292 1277 
1170 842 326 177 34 0 471 299 107 398 402 568 1163 117 850 1766 1203 1875 996 220 1050 1027 1787 312 1249 
1308 980 488 611 600 588 0 836 694 337 755 529 1301 585 990 1894 1341 2011 1106 627 1177 1154 1901 398 1331 
1222 848 501 284 306 301 682 0 223 678 297 604 1215 280 856 1791 1255 1900 1011 294 1075 1052 1821 559 1249 
1222 868 387 146 131 107 572 221 0 505 329 624 1215 107 876 1791 1255 1900 1027 243 1075 1052 1821 386 1277 
1136 819 328 440 429 417 164 679 523 0 598 342 1129 414 827 1747 1178 1875 976 470 1026 1003 1768 311 1221 
1051 894 607 507 540 544 728 358 471 733 0 650 966 514 906 1823 955 1922 1061 340 1098 1075 1845 793 1286 
1107 634 352 681 597 573 540 616 585 376 529 0 1100 642 579 1449 1158 1557 715 401 732 730 1470 687 978 
85 740 981 1335 1203 1179 1092 1250 1202 1112 1056 1101 0 1286 922 1646 159 1754 865 1008 919 929 1667 1343 1100 
1270 951 443 66 97 117 473 278 109 400 386 667 1263 0 951 1877 1303 1986 1085 327 1151 1128 1884 281 1310 
878 461 638 946 856 832 759 875 844 764 788 548 871 901 0 952 940 1091 407 660 279 287 959 999 701 
1564 1117 1461 1815 1678 1654 1574 1725 1677 1594 1626 1309 1557 1761 891 0 1597 200 984 1483 839 786 111 1858 1265 
244 777 1025 1371 1239 1215 1127 1277 1238 1147 1056 1138 159 1322 956 1668 0 1776 921 1044 953 954 1689 1378 1150 
1703 1256 1596 1931 1829 1789 1709 1868 1814 1729 1761 1444 1696 1892 1027 199 1736 0 1117 1618 980 927 251 1961 1398 
721 304 579 881 797 773 700 816 785 705 729 443 714 842 284 1110 746 1250 0 601 417 425 1131 958 544 
931 625 338 387 244 220 459 335 243 464 248 381 917 327 633 1558 955 1666 782 0 832 840 1579 522 1044 
959 534 841 1174 1063 1039 974 1089 1062 967 1004 716 983 1143 282 871 976 1034 346 863 0 69 878 1200 650 
942 515 822 1145 1050 1026 942 1060 1041 956 1004 697 926 1114 274 832 965 973 352 844 69 0 839 1187 656 
1584 1137 1461 1815 1678 1654 1574 1725 1677 1594 1626 1309 1577 1761 898 111 1617 252 984 1483 846 793 0 1858 1265 
1308 980 489 302 292 312 383 555 386 309 663 651 1301 277 990 1894 1341 2011 1106 522 1177 1154 1901 0 1331 
1107 663 938 1303 1171 1147 1041 1218 1170 1061 1119 802 1100 1254 616 1300 1158 1408 359 976 506 514 1321 1292 0 
0 721 959 1316 1180 1156 1070 1193 1179 1090 972 1082 85 1263 871 1538 244 1679 834 985 888 865 1545 1334 1044 
826 0 578 916 802 778 685 852 801 705 747 617 821 876 443 1171 855 1312 461 609 515 492 1178 958 670 
1026 625 0 503 360 326 283 500 386 303 431 363 1050 443 659 1504 1071 1645 764 293 847 824 1511 534 978 
1338 951 503 0 157 177 520 290 148 454 425 730 1341 67 1004 1823 1375 1970 1085 389 1176 1153 1845 302 1299 
1254 838 360 157 0 34 494 304 131 440 412 602 1257 97 872 1722 1291 1865 976 246 1075 1052 1729 292 1190 
1207 814 326 177 34 0 460 299 107 427 402 568 1210 117 848 1688 1244 1831 953 222 1041 1018 1695 312 1177 
1338 1006 523 675 664 637 0 871 744 394 788 527 1341 649 1027 1877 1375 2018 1120 650 1213 1190 1884 491 1334 
1205 817 501 284 306 301 646 0 223 666 297 600 1208 280 851 1688 1242 1831 953 293 1041 1018 1695 559 1177 
1254 839 387 146 131 107 553 221 0 534 329 627 1257 107 873 1722 1291 1865 976 245 1075 1052 1729 386 1190 
1194 790 328 433 422 410 156 679 516 0 596 342 1197 407 824 1664 1231 1809 953 458 1012 1002 1671 311 1148 
1051 844 566 505 538 527 673 356 462 693 0 627 966 512 878 1722 965 1865 991 320 1075 1052 1729 791 1219 
1168 624 352 699 586 562 528 636 585 376 531 0 1171 660 579 1382 1205 1523 636 393 732 698 1389 687 845 
85 719 954 1316 1180 1156 1070 1193 1179 1090 972 1080 0 1263 869 1538 159 1679 832 985 886 863 1545 1334 1041 
1307 915 443 66 97 117 495 278 109 429 386 685 1310 0 952 1797 1344 1939 1061 329 1150 1127 1807 281 1275 
950 455 619 962 843 819 726 893 842 746 788 546 974 931 0 952 976 1087 403 650 279 261 959 999 636 
1509 1123 1398 1746 1610 1586 1497 1638 1609 1517 1551 1309 1512 1693 884 0 1546 200 987 1415 813 760 111 1761 1263 
244 789 1030 1384 1248 1224 1129 1267 1247 1149 1046 1188 159 1331 942 1614 0 1755 921 1053 957 933 1621 1393 1111 
1650 1264 1539 1885 1751 1727 1638 1779 1750 1658 1692 1444 1653 1841 1027 199 1687 0 1120 1556 953 900 251 1910 1396 
791 300 568 905 792 768 675 842 791 695 737 446 786 866 290 1063 820 1204 0 599 411 388 1070 958 481 
996 599 321 387 244 220 428 344 243 448 251 382 1020 327 633 1469 1071 1610 738 0 821 798 1476 522 949 
1026 528 821 1196 1050 1026 942 1094 1049 956 1004 719 1050 1133 282 870 1071 1034 344 852 0 69 877 1213 618 
1005 506 799 1174 1028 1004 923 1082 1027 929 1004 697 1029 1111 271 817 1071 961 350 830 69 0 824 1190 624 
1516 1130 1405 1753 1617 1593 1504 1645 1616 1524 1558 1309 1519 1700 891 111 1553 252 987 1422 820 767 0 1768 1263 
1338 936 467 302 292 312 375 555 386 309 663 651 1341 277 984 1797 1375 1939 1061 524 1150 1127 1807 0 1275 
1168 657 926 1307 1171 1147 1041 1199 1170 1061 1112 803 1171 1254 593 1233 1205 1374 357 976 508 516 1240 1305 0 
