11
15
3600
0
2564
1964
2664
1816
2395
2112
2476
2468
1935
1841
0 771 504 1598 272 555 1795 720 645 299 1572 
714 0 1101 1011 846 427 1091 975 1178 782 899 
742 1317 0 2154 842 1076 2403 387 1231 1025 2180 
1465 932 1795 0 1609 1173 1548 1715 1918 1527 1325 
338 917 611 1715 0 666 2005 790 455 270 1704 
460 409 790 1244 592 0 1354 623 881 726 1131 
1551 1019 1897 1476 1695 1259 0 1806 2003 1606 306 
650 969 396 1797 782 712 2047 0 1074 935 1786 
571 1143 844 1996 455 899 2203 1038 0 539 1980 
559 755 699 1598 278 701 1772 916 538 0 1549 
1366 837 1696 1297 1510 1074 304 1616 1814 1422 0 
0 782 522 1641 285 654 1939 736 649 318 1742 
834 0 1196 1023 955 514 1248 1084 1258 780 1006 
407 1104 0 1942 618 866 2376 387 904 714 2092 
1719 954 2071 0 1728 1303 1584 2000 2017 1583 1391 
349 931 634 1775 0 782 2187 844 455 270 1913 
673 485 1040 1339 825 0 1584 780 1155 790 1391 
1822 1059 2177 1514 1817 1385 0 2073 2105 1665 306 
626 998 396 1831 837 716 2267 0 1155 935 1966 
670 1212 962 2097 455 1115 2495 1175 0 539 2205 
565 755 717 1641 278 750 1907 935 538 0 1719 
1612 863 2056 1321 1646 1221 304 1905 1962 1501 0 
0 958 642 1783 356 879 2190 1015 716 406 2012 
1068 0 1444 1050 1202 672 1564 1317 1545 1049 1323 
1010 1763 0 2626 1148 1345 2961 504 1570 1462 2809 
1819 1105 2163 0 1941 1449 2048 2154 2302 1940 1819 
490 1016 772 1845 0 964 2271 1143 573 320 2071 
867 601 1237 1474 1000 0 1981 808 1384 1191 1720 
1912 1159 2234 1655 2000 1503 0 2187 2359 1999 390 
1046 1462 536 2334 1240 880 2744 0 1609 1498 2598 
765 1306 1054 2220 500 1211 2565 1410 0 580 2414 
766 871 877 1709 306 881 2119 1282 598 0 1944 
1712 1000 2094 1491 1862 1356 396 2034 2203 1878 0 
0 891 607 1725 433 698 1915 921 759 430 1703 
861 0 1247 1099 1050 592 1410 1278 1397 1009 1173 
490 1200 0 2070 757 920 2286 550 1091 917 2041 
1607 1037 2044 0 1795 1379 1763 1980 2179 1812 1526 
434 1124 793 1980 0 817 2217 1107 595 400 1984 
587 565 1015 1423 797 0 1670 787 1130 963 1433 
1756 1186 2166 1700 1942 1528 0 2115 2317 2050 409 
863 1193 567 2066 1050 799 2286 0 1417 1285 2041 
757 1407 1126 2282 554 1173 2525 1442 0 680 2280 
698 1019 911 1860 338 933 2105 1221 658 0 1865 
1539 964 1943 1511 1727 1311 389 1917 2123 1766 0 
0 983 637 1811 404 746 2094 961 776 443 1799 
804 0 1165 1142 949 584 1292 1151 1338 998 1105 
917 1587 0 2404 1148 1256 2643 462 1531 1294 2349 
1645 1123 2031 0 1823 1338 1725 2010 2133 1806 1534 
417 1099 723 1911 0 781 2114 997 594 380 1883 
526 534 911 1464 718 0 1599 772 1085 940 1408 
1742 1220 2116 1680 1966 1435 0 2109 2235 1925 386 
810 1152 579 1956 962 782 2185 0 1362 1192 1899 
708 1360 1009 2200 536 1060 2399 1357 0 660 2105 
806 1125 966 1946 477 973 2185 1339 742 0 1883 
1530 987 1924 1464 1700 1223 376 1917 2024 1686 0 
0 848 585 1710 392 689 1905 925 798 387 1661 
832 0 1253 1065 1015 527 1309 1219 1377 976 1071 
597 1302 0 2195 834 1004 2392 573 1223 973 2125 
1610 1070 2034 0 1784 1305 1771 1982 2120 1742 1519 
526 1028 846 1883 0 920 2107 1203 628 326 1841 
552 498 1003 1379 710 0 1628 777 1109 918 1376 
1743 1203 2155 1666 1902 1438 0 2129 2254 1852 374 
845 1140 567 2012 1033 739 2227 0 1382 1215 1960 
726 1334 1065 2195 560 1107 2424 1373 0 616 2157 
721 931 880 1796 407 869 1968 1249 686 0 1744 
1473 945 1879 1449 1647 1168 390 1845 1979 1605 0 
0 950 546 1763 365 672 2053 941 729 332 1789 
781 0 1213 1047 932 481 1235 1134 1234 856 1033 
476 1148 0 2016 696 873 2243 508 1037 791 2027 
1585 1071 1977 0 1746 1278 1737 1904 2053 1691 1524 
427 1052 702 1928 0 775 2143 1055 595 289 1917 
482 473 829 1299 624 0 1455 825 966 771 1242 
1749 1235 2159 1762 1900 1442 0 2085 2211 1856 412 
780 1120 510 1993 932 797 2213 0 1234 1097 1980 
715 1349 1050 2197 543 1054 2476 1350 0 589 2260 
691 984 838 1695 331 853 1951 1206 590 0 1721 
1511 984 1937 1512 1672 1204 392 1848 1982 1617 0 
0 933 592 1810 364 707 2084 937 731 327 1760 
831 0 1196 1044 991 523 1324 1196 1326 973 1020 
480 1255 0 2126 721 924 2330 524 1072 794 2079 
1666 1091 2064 0 1826 1379 1812 1998 2183 1745 1498 
413 1096 729 1931 0 811 2164 1022 577 290 1904 
551 561 963 1418 704 0 1678 837 1054 865 1369 
1799 1224 2192 1718 1975 1512 0 2107 2325 1878 385 
823 1210 551 2126 991 741 2287 0 1302 1193 2036 
653 1395 963 2301 511 1082 2495 1301 0 574 2244 
667 944 854 1827 323 864 2084 1217 600 0 1770 
1604 1042 2049 1552 1764 1317 404 1927 2124 1692 0 
0 1013 606 1905 419 758 2046 947 741 360 1824 
814 0 1213 1076 992 541 1223 1186 1356 918 1036 
954 1588 0 2514 1188 1324 2661 485 1560 1285 2452 
1641 1037 2033 0 1813 1419 1636 2012 2194 1714 1432 
475 1134 774 2044 0 879 2215 1111 556 323 1985 
642 594 1031 1508 826 0 1616 771 1175 993 1412 
1817 1201 2180 1688 2009 1583 0 2222 2347 1870 379 
839 1134 644 2044 1005 818 2215 0 1361 1174 1985 
712 1379 1024 2271 557 1112 2470 1307 0 611 2261 
701 986 812 1800 331 924 1890 1175 588 0 1716 
1578 965 1965 1476 1745 1356 417 1959 2129 1633 0 
0 939 563 1797 339 732 2046 989 746 346 1762 
890 0 1303 1049 1090 595 1334 1241 1351 899 1074 
1127 1662 0 2551 1359 1348 2718 544 1747 1466 2541 
1774 1083 2288 0 1953 1433 1774 2044 2193 1718 1520 
451 1065 752 1974 0 865 2141 1104 600 310 1941 
625 558 1033 1424 827 0 1676 836 1207 900 1422 
1946 1219 2453 1703 2081 1569 0 2209 2317 1862 379 
918 1197 493 2125 1114 830 2284 0 1514 1257 2112 
729 1348 1053 2246 523 1184 2445 1433 0 598 2273 
685 911 792 1774 326 850 2046 1204 575 0 1739 
1725 1011 2235 1516 1894 1384 329 2020 2132 1669 0 
0 1079 710 1905 354 934 2069 1056 698 332 1897 
1211 0 1664 1096 1254 741 1329 1505 1508 973 1099 
504 1343 0 2334 823 1005 2408 504 1211 825 2242 
2022 1043 2615 0 2066 1687 1736 2348 2336 1748 1490 
441 1163 824 1886 0 948 2069 1169 553 271 1897 
883 675 1330 1667 1096 0 1890 841 1536 1098 1652 
2432 1374 3005 1922 2377 2016 0 2689 2659 2067 358 
876 1292 540 2262 1155 875 2335 0 1579 1195 2169 
800 1478 1182 2262 551 1327 2408 1538 0 572 2242 
693 967 1060 1682 315 963 1911 1403 563 0 1667 
2259 1178 2818 1713 2178 1824 329 2465 2448 1882 0 
0 1020 841 1950 330 839 2031 1047 677 302 1839 
1110 0 1531 1164 1081 767 1211 1385 1303 845 1073 
455 1251 0 2214 765 994 2294 472 1113 743 2079 
2247 1019 2234 0 1876 1540 1533 2176 2114 1657 1382 
428 1135 938 1950 0 924 2081 1132 536 283 1858 
795 608 1249 1672 990 0 1696 803 1340 1007 1545 
2661 1487 2683 2041 2341 1972 0 2591 2577 2125 367 
798 1187 619 2099 1071 794 2245 0 1444 1085 2030 
748 1391 1184 2217 516 1242 2406 1398 0 571 2191 
680 954 1017 1742 287 951 1780 1238 568 0 1629 
2432 1219 2409 1792 2079 1740 304 2362 2315 1857 0 
0 791 601 1667 273 666 1735 808 646 300 1554 
886 0 1266 1055 942 442 1164 1047 1240 779 985 
784 1386 0 2221 867 1167 2361 436 1285 1062 2180 
1574 977 1979 0 1729 1240 1509 1852 2042 1594 1328 
358 942 686 1810 0 694 1872 893 455 270 1684 
632 412 1036 1315 762 0 1369 731 1134 755 1188 
1794 1214 2202 1768 1959 1460 0 2090 2264 1819 306 
688 1031 405 1899 894 711 1979 0 1246 968 1775 
612 1194 962 2099 455 952 2117 1148 0 539 1937 
588 786 788 1647 278 738 1710 995 538 0 1529 
1611 1031 2047 1558 1766 1277 304 1902 2079 1631 0 
0 787 506 1599 272 555 1688 722 645 299 1507 
737 0 1104 980 876 434 1091 1012 1172 779 899 
435 1079 0 1880 646 816 1979 387 947 718 1794 
1512 945 1862 0 1669 1175 1461 1739 1958 1523 1280 
342 931 617 1726 0 678 1828 833 455 270 1645 
472 414 804 1244 611 0 1312 633 910 735 1131 
1583 1008 1937 1479 1740 1246 0 1812 2017 1593 306 
631 974 404 1769 800 650 1872 0 1102 918 1688 
617 1197 892 1996 455 963 2110 1122 0 539 1913 
559 755 701 1599 278 742 1665 921 538 0 1484 
1433 857 1782 1310 1590 1075 304 1639 1866 1422 0 
0 763 508 1602 272 555 1665 724 638 299 1484 
730 0 1101 980 862 428 1091 1006 1153 779 899 
406 1031 0 1845 605 754 1979 387 882 689 1744 
1466 921 1789 0 1591 1194 1461 1720 1869 1523 1280 
342 923 619 1737 0 647 1818 802 455 280 1637 
509 442 847 1254 641 0 1352 635 925 782 1171 
1537 1008 1862 1476 1662 1265 0 1791 1958 1600 306 
625 969 416 1771 795 646 1856 0 1074 912 1671 
590 1166 867 1996 455 895 2064 1059 0 539 1885 
559 755 703 1602 290 700 1665 921 538 0 1484 
1367 831 1690 1297 1492 1095 304 1621 1769 1422 0 
