15
5
10800
0
2015
2076
2293
2589
2646
2287
2070
1829
2456
2690
2658
2215
2440
2461
0 1158 239 598 448 551 867 671 342 701 933 681 884 442 579 
1133 0 1212 1616 917 1548 1891 1680 1015 1709 1936 1689 272 1370 983 
239 1266 0 471 456 410 746 530 401 766 788 795 994 203 664 
649 1697 651 0 851 401 280 633 796 300 625 723 1425 665 1066 
425 988 469 881 0 820 1160 942 312 1005 1256 965 709 659 404 
559 1639 498 401 805 0 676 282 750 696 537 965 1368 314 1009 
917 1972 937 278 1141 679 0 914 1099 425 345 753 1734 954 1375 
655 1734 631 633 925 282 882 0 863 931 672 1062 1469 447 1110 
379 1072 430 842 336 781 1118 905 0 949 1159 954 790 615 485 
682 1775 809 296 1002 697 425 938 893 0 613 538 1525 964 1166 
1158 2238 1205 605 1456 837 327 809 1366 595 0 870 1966 1021 1642 
658 1741 785 710 978 1022 753 1145 869 538 888 0 1469 1019 1110 
846 272 925 1328 640 1256 1597 1388 734 1421 1634 1401 0 1092 710 
469 1524 234 701 686 354 964 488 631 995 708 1031 1252 0 887 
871 577 967 1352 665 1292 1621 1424 759 1445 1670 1425 305 1110 0 
0 1446 431 790 534 691 1143 841 449 931 1160 889 1103 692 666 
1353 0 1390 1871 1028 1766 2212 1906 1205 2071 2232 1946 331 1610 1120 
409 1495 0 598 596 501 966 651 489 1016 939 1048 1152 275 738 
779 1959 818 0 1080 542 358 894 965 457 791 1042 1594 884 1231 
549 1219 623 1129 0 1017 1479 1188 376 1216 1474 1216 847 771 441 
652 1916 681 543 1006 0 885 401 914 983 634 1216 1511 429 1148 
1150 2365 1231 390 1461 913 0 1266 1346 535 433 936 2000 1193 1639 
825 2072 889 829 1181 348 1133 0 1063 1248 754 1355 1708 637 1345 
511 1321 535 1058 437 916 1408 1092 0 1178 1375 1179 978 725 573 
906 2144 1197 465 1287 1005 534 1359 1133 0 694 774 1766 1323 1403 
1160 2365 1075 789 1428 623 458 885 1313 736 0 1099 2000 859 1606 
852 2092 1152 1042 1260 1313 926 1449 1106 781 1102 0 1739 1294 1376 
1036 331 1068 1531 695 1437 1899 1573 799 1642 1875 1601 0 1262 783 
720 1715 371 847 873 407 1164 566 788 1263 783 1240 1372 0 1009 
1093 737 1124 1597 773 1506 1987 1642 877 1708 1952 1667 406 1355 0 
0 1271 322 746 498 600 1077 720 347 749 1021 789 933 596 606 
1196 0 1284 1780 995 1686 2099 1780 1134 1887 2067 1858 304 1475 1292 
324 1394 0 683 507 460 1000 580 431 957 867 989 1056 274 697 
733 1910 764 0 987 547 340 843 907 380 795 888 1566 857 1397 
485 1168 566 1113 0 976 1382 1068 409 1140 1370 1164 789 769 447 
592 1791 658 513 935 0 840 363 804 880 635 1091 1453 424 1284 
1064 2324 1089 341 1336 846 0 1131 1223 481 455 849 1965 1142 1736 
771 1990 879 817 1116 348 1025 0 993 1226 755 1322 1661 645 1492 
417 1238 501 1049 418 876 1292 1037 0 1072 1289 1065 888 701 546 
759 1970 1001 383 1148 906 470 1187 981 0 711 682 1628 1220 1459 
1024 2324 1106 751 1387 571 410 833 1254 647 0 996 1965 848 1732 
773 1990 1013 968 1181 1226 861 1320 993 692 1059 0 1661 1246 1492 
897 382 976 1477 677 1394 1793 1488 828 1607 1761 1566 0 1178 775 
676 1728 354 931 859 408 1140 567 739 1258 815 1235 1390 0 1221 
906 724 983 1484 683 1401 1793 1495 834 1607 1768 1566 342 1199 0 
0 1500 464 860 634 776 1168 887 488 855 1153 889 1146 748 712 
1368 0 1405 1954 1066 1887 2236 2036 1154 1975 2320 1974 341 1572 1138 
429 1520 0 639 557 573 991 684 503 1046 939 1060 1166 297 727 
784 2010 855 0 1051 681 349 973 983 456 824 1050 1667 970 1294 
584 1213 578 1176 0 1067 1489 1179 428 1220 1429 1220 929 793 494 
741 1984 733 532 1023 0 860 357 966 960 617 1256 1637 449 1264 
1124 2362 1181 338 1444 999 0 1280 1349 539 475 1000 2027 1326 1639 
876 2166 925 838 1224 365 1152 0 1146 1254 739 1389 1820 639 1436 
513 1386 498 1086 473 987 1421 1078 0 1130 1359 1158 1032 722 582 
849 2146 1117 459 1240 1072 492 1353 1134 0 739 765 1797 1411 1424 
1372 2654 1590 759 1751 1128 421 1108 1645 713 0 1088 2308 1385 1943 
818 2128 1117 981 1207 1307 851 1468 1101 705 1031 0 1764 1363 1391 
1014 337 1062 1624 715 1521 1927 1709 846 1644 1993 1652 0 1224 786 
764 1774 393 986 936 500 1236 596 812 1357 856 1362 1420 0 1047 
1123 764 1165 1722 807 1624 2004 1835 952 1742 2060 1750 427 1332 0 
0 1233 304 701 453 664 991 832 345 708 1135 688 951 507 611 
1196 0 1289 1764 978 1654 2040 1794 1106 1775 2060 1792 289 1463 1075 
326 1338 0 576 462 477 851 691 401 907 985 885 1056 203 704 
673 1739 757 0 925 401 280 633 855 337 677 748 1457 689 1152 
452 1112 515 1015 0 886 1280 1120 316 1044 1396 1005 821 658 453 
590 1664 552 430 864 0 705 282 803 762 592 1005 1382 328 1077 
994 2075 1003 288 1213 689 0 921 1150 425 397 808 1744 1012 1439 
688 1739 690 675 964 295 964 0 907 1020 722 1131 1457 466 1152 
417 1182 495 973 336 866 1241 1097 0 980 1396 965 899 647 531 
726 1779 905 303 1055 704 452 938 949 0 645 538 1497 1029 1192 
1280 2451 1256 615 1513 843 327 809 1455 595 0 887 2132 1068 1737 
696 1755 888 717 1023 1166 757 1329 917 538 934 0 1473 1106 1168 
917 312 1003 1483 685 1367 1749 1507 779 1494 1776 1511 0 1183 765 
596 1542 274 762 694 372 1053 488 671 1102 779 1131 1260 0 955 
924 680 1005 1487 697 1396 1753 1536 791 1498 1825 1515 368 1183 0 
