13
10
5400
0
2234
2224
2425
2560
1991
2333
1951
2310
1829
2005
2090
2463
0 1879 920 270 173 453 1176 484 670 1009 498 754 523 
1697 0 1602 1931 1545 1657 783 1961 1360 2459 1753 2035 1936 
869 1662 0 1108 717 829 959 1153 540 1674 963 1225 1122 
288 2168 1171 0 439 663 1438 243 880 762 749 1009 631 
179 1782 775 418 0 518 1080 632 525 1204 570 826 595 
442 1793 843 670 495 0 1091 608 497 1133 116 510 466 
1203 792 1087 1434 1032 1140 0 1449 842 2009 1236 1527 1420 
497 2237 1243 226 648 592 1509 0 809 631 678 941 604 
606 1431 540 813 537 475 779 751 0 1268 571 827 728 
1036 2624 1724 772 1187 1082 1971 652 1300 0 1178 1450 865 
477 1879 938 745 530 116 1176 689 589 1201 0 481 429 
830 2237 1243 1108 883 515 1509 1054 856 1518 489 0 654 
570 2205 1209 644 623 471 1485 629 790 858 431 585 0 
0 2284 1052 277 192 499 1301 504 838 1089 581 782 579 
2106 0 1831 2276 1881 1993 926 2416 1624 3046 2148 2588 2450 
1007 2162 0 1257 828 1067 1156 1464 592 2134 1142 1573 1467 
288 2531 1340 0 444 756 1544 243 1088 764 838 1070 635 
179 2213 867 428 0 586 1201 655 689 1228 668 869 666 
557 2284 1018 771 596 0 1301 671 672 1251 116 644 567 
1450 1163 1313 1656 1292 1441 0 1815 1103 2427 1516 2004 1845 
497 2774 1596 226 653 717 1775 0 1148 629 799 1029 646 
893 2097 668 1131 714 715 1124 1047 0 1673 792 1102 1062 
1013 3267 2093 742 1169 1149 2333 621 1553 0 1239 1446 861 
600 2376 1136 862 639 116 1395 762 764 1328 0 633 528 
882 2774 1577 1158 922 590 1824 1067 1100 1644 590 0 716 
642 2796 1577 685 709 545 1860 664 1080 889 627 635 0 
0 2093 1160 310 235 680 1286 555 849 1244 716 1033 740 
2034 0 1881 2306 1771 1922 932 2186 1602 2943 1998 2427 2236 
1129 1881 0 1333 878 1082 1078 1384 784 2059 1144 1589 1422 
312 2432 1476 0 534 973 1609 265 1163 926 1014 1368 830 
246 1880 871 511 0 685 1074 756 634 1398 721 1033 745 
613 2004 1103 948 708 0 1224 786 665 1426 153 721 632 
1351 1053 1210 1573 1088 1276 0 1556 945 2226 1338 1716 1594 
562 2642 1646 302 784 883 1755 0 1122 752 992 1257 806 
760 1734 713 1080 677 645 932 937 0 1578 742 1084 973 
1196 3161 2081 886 1375 1381 2301 717 1620 0 1437 1698 1238 
571 2032 1160 881 666 151 1251 801 701 1443 0 663 545 
1013 2568 1617 1336 1039 680 1740 1217 1116 1883 648 0 858 
710 2427 1515 982 805 654 1598 850 968 1130 563 824 0 
0 2206 1153 345 273 592 1335 577 835 1245 622 977 648 
1954 0 1867 2218 1719 1953 881 2206 1565 2828 1977 2438 2177 
1139 1942 0 1390 876 1048 1131 1355 699 2021 1143 1573 1361 
327 2324 1381 0 515 889 1550 287 1054 912 968 1281 950 
269 1906 872 501 0 673 1102 733 598 1353 703 1076 729 
629 2110 1092 885 691 0 1277 739 693 1374 124 705 625 
1410 949 1237 1689 1154 1317 0 1557 931 2181 1392 1775 1563 
549 2450 1487 253 737 757 1676 0 994 722 828 1188 846 
706 1610 685 958 619 537 800 808 0 1450 625 998 837 
1187 2850 1986 887 1315 1247 2088 737 1432 0 1301 1667 1177 
607 2214 1183 921 669 145 1356 769 772 1423 0 636 541 
977 2614 1601 1258 1018 745 1790 1139 1085 1782 658 0 808 
729 2407 1434 930 791 646 1630 848 954 1130 568 821 0 
0 2180 1144 293 239 602 1409 551 762 1255 613 942 639 
1980 0 1898 2198 1757 1929 1138 2246 1576 2966 2017 2423 2281 
1012 1875 0 1271 804 983 1172 1246 650 1918 1069 1525 1291 
312 2438 1415 0 534 917 1715 274 1081 921 930 1253 790 
237 1875 858 450 0 680 1172 708 552 1403 691 1016 717 
675 2180 1144 937 702 0 1437 846 665 1502 116 812 642 
1327 999 1272 1586 1112 1262 0 1542 921 2196 1337 1767 1579 
528 2514 1549 232 750 869 1812 0 998 789 911 1222 816 
713 1587 660 909 584 556 842 823 0 1502 632 1059 834 
1166 3141 2074 879 1345 1437 2284 795 1567 0 1462 1776 1057 
587 2180 1162 855 614 122 1437 775 678 1440 0 724 554 
985 2490 1486 1263 994 661 1786 1141 1031 1796 599 0 817 
726 2393 1452 853 753 618 1694 830 894 1107 532 745 0 
0 2100 1155 286 232 624 1303 528 861 1227 676 956 677 
1987 0 1820 2186 1781 1943 927 2279 1560 2992 2016 2364 2317 
1038 1844 0 1277 853 1032 1066 1453 745 2154 1109 1504 1408 
336 2360 1395 0 504 954 1550 258 1126 921 998 1300 866 
220 1886 987 452 0 706 1103 694 670 1345 758 1043 759 
594 2024 1123 880 684 0 1265 742 742 1360 131 660 638 
1350 983 1168 1588 1139 1296 0 1687 953 2361 1373 1758 1642 
568 2509 1579 249 736 875 1711 0 1073 754 963 1263 809 
781 1712 736 1081 686 656 913 931 0 1560 729 1043 976 
1180 3092 2134 893 1347 1459 2323 727 1653 0 1513 1866 1117 
587 2100 1130 873 686 165 1303 792 771 1392 0 587 551 
982 2477 1528 1288 1083 740 1681 1216 1047 1822 680 0 879 
712 2413 1447 911 811 679 1600 820 979 1119 601 757 0 
0 2055 1113 305 206 603 1263 569 835 1231 673 1019 657 
1954 0 1834 2176 1731 1984 899 2429 1678 3069 2027 2504 2403 
1040 1872 0 1228 825 1070 1095 1434 707 2153 1103 1563 1370 
323 2341 1360 0 471 972 1600 282 1119 885 976 1317 877 
268 1877 920 441 0 704 1100 705 675 1328 774 1098 758 
600 2050 1080 907 692 0 1247 808 683 1414 138 698 680 
1290 900 1166 1479 1069 1278 0 1702 997 2333 1311 1751 1638 
590 2567 1596 285 738 893 1866 0 1177 724 968 1317 854 
783 1748 690 1075 676 664 993 987 0 1634 713 1118 927 
1284 3227 2135 957 1418 1475 2484 794 1682 0 1444 1836 1135 
658 2147 1145 969 750 146 1333 870 777 1496 0 614 610 
1202 2546 1545 1486 1275 745 1788 1396 1122 1849 658 0 897 
718 2477 1505 969 810 637 1748 861 1091 1109 590 812 0 
0 2076 1212 322 207 741 1479 548 948 1197 818 1250 786 
2389 0 2238 2571 2250 2559 1324 2814 2235 3387 2655 2977 2944 
1165 1824 0 1364 933 1136 1238 1582 776 2234 1245 1731 1577 
343 2404 1665 0 487 1046 1813 243 1239 874 1107 1567 771 
182 1876 999 477 0 716 1294 703 731 1328 793 1259 865 
552 2102 1123 874 611 0 1499 920 752 1448 135 603 571 
1525 832 1308 1704 1332 1652 0 1934 1247 2538 1761 2267 2006 
553 2609 1873 252 697 1032 1986 0 1421 759 1107 1572 793 
1028 1775 702 1263 836 819 1195 1319 0 2009 922 1209 1186 
1173 3100 2439 879 1335 1424 2488 761 1815 0 1528 1825 1042 
549 2259 1212 871 608 155 1676 1009 850 1419 0 582 532 
1083 2609 1747 1353 1116 714 1986 1438 1103 1734 630 0 838 
654 2609 1713 803 713 634 1986 826 1115 1006 591 797 0 
0 1824 970 270 173 467 1228 497 707 1109 519 820 598 
1948 0 1820 2179 1795 1964 962 2281 1580 2957 2060 2330 2222 
899 1611 0 1138 747 896 1021 1340 606 1906 999 1349 1294 
288 2062 1245 0 442 689 1459 243 921 786 773 1086 631 
179 1678 823 418 0 541 1088 645 562 1215 593 894 672 
474 1811 956 713 527 0 1215 674 575 1225 116 510 475 
1249 798 1126 1472 1097 1255 0 1530 888 2115 1347 1646 1503 
497 2161 1332 232 651 661 1568 0 893 665 745 1052 644 
712 1449 599 970 571 571 847 979 0 1544 667 931 933 
1058 2586 1755 785 1195 1126 1994 684 1334 0 1201 1472 856 
501 1876 1045 769 554 116 1283 765 667 1190 0 481 436 
862 2244 1385 1133 915 523 1645 1106 1010 1498 497 0 687 
584 2088 1273 667 637 493 1497 661 809 876 455 613 0 
0 1867 1000 270 173 453 1146 484 711 1017 502 754 523 
1678 0 1566 1905 1508 1634 766 1954 1323 2476 1730 1996 1922 
869 1658 0 1108 717 829 983 1158 540 1668 963 1225 1122 
288 2110 1199 0 439 695 1374 243 921 775 760 1017 631 
179 1768 838 418 0 525 1050 632 567 1201 574 826 595 
442 1811 934 671 495 0 1087 599 528 1120 116 510 466 
1147 754 1066 1370 980 1105 0 1431 836 1964 1201 1472 1397 
497 2189 1305 226 648 631 1453 0 848 640 696 948 602 
607 1483 576 815 537 477 766 743 0 1256 573 860 729 
1013 2647 1784 742 1164 1112 1950 621 1325 0 1194 1450 865 
487 1897 1041 755 540 116 1177 690 620 1201 0 481 429 
732 2189 1269 1005 785 515 1453 939 895 1457 489 0 586 
583 2135 1269 644 636 475 1408 629 822 900 435 585 0 
