53
5
10800
0
545
410
592
493
453
520
473
393
474
569
471
503
497
481
547
398
564
375
459
408
418
411
566
367
451
595
366
447
510
569
505
398
423
400
453
479
437
519
563
434
575
391
546
473
567
551
397
545
524
559
379
412
0 838 889 967 1706 1218 867 670 538 711 334 295 1872 680 638 1292 1858 1657 1645 1239 380 971 829 861 818 1038 1901 847 710 407 709 795 749 527 719 1306 922 1960 877 1242 1558 486 1900 251 1197 360 1172 819 1172 155 1320 408 976 
750 0 482 495 1598 622 190 359 887 402 700 573 1830 355 1019 1184 1758 1570 1558 1190 512 323 623 727 404 952 1813 123 604 760 690 689 631 364 613 1257 249 1741 220 1130 890 480 1814 644 1066 728 1060 457 504 717 1212 775 247 
813 589 0 945 1302 365 555 802 954 845 908 770 1530 520 1075 913 1412 1224 1212 905 859 766 335 488 847 654 1466 371 428 823 1143 487 1084 530 387 1004 595 1461 566 852 1246 873 1467 755 823 791 782 109 850 783 942 838 450 
965 509 938 0 2065 1069 521 458 1339 248 779 749 2316 805 1458 1639 2233 2043 2034 1623 591 191 1088 1181 226 1422 2276 573 1062 1212 790 1142 731 767 1067 1690 587 2241 623 1626 736 559 2286 915 1518 1180 1556 911 595 910 1667 1227 697 
1576 1524 1246 1908 0 1402 1499 1769 1713 1825 1787 1649 1684 1305 1860 447 402 196 418 1059 1791 1733 988 1043 1826 723 506 1467 1030 1586 2115 1228 2059 1476 967 1127 1537 1612 1509 949 2181 1824 318 1508 1473 1554 879 1181 1787 1546 450 1601 1569 
1170 698 360 1047 1454 0 641 912 1307 950 1251 1113 1663 846 1426 1105 1590 1402 1390 1038 1086 865 545 757 948 783 1644 562 752 1180 1232 813 1173 856 674 1116 640 1612 684 991 1246 1054 1645 1098 1152 1148 928 435 839 1140 1133 1195 549 
760 217 541 519 1616 652 0 427 897 470 752 614 1830 365 1019 1202 1758 1570 1558 1190 580 331 633 737 443 952 1813 182 614 770 758 699 699 374 623 1257 155 1776 126 1165 796 548 1814 654 1077 738 1095 516 410 727 1230 785 202 
657 654 1081 458 2154 1218 690 0 1049 210 477 447 2371 879 1157 1740 2323 2133 2124 1724 289 467 1159 1267 317 1523 2366 718 1173 922 456 1268 397 666 1168 1791 814 2344 792 1727 1117 257 2376 606 1604 915 1657 1053 975 608 1768 929 842 
529 987 967 1358 1777 1295 939 1041 0 1110 705 666 2125 754 239 1365 1991 1725 1713 1307 751 1189 899 951 1217 1106 1970 919 780 290 781 834 821 821 789 1374 978 1960 950 1310 1614 857 1974 618 1274 363 1240 889 1228 526 1393 234 1043 
711 444 867 248 2008 1039 480 210 1105 0 531 501 2190 740 1215 1576 2170 1980 1997 1560 343 257 1019 1122 107 1359 2213 508 1005 971 542 1088 483 718 1004 1627 604 2200 582 1563 917 311 2223 660 1459 975 1493 842 764 662 1604 986 632 
334 706 967 779 1960 1272 790 490 714 531 0 138 2157 598 834 1524 2140 1931 1917 1508 200 788 942 1045 638 1307 2183 770 931 587 402 1002 442 421 952 1575 829 2143 800 1511 1436 306 2174 290 1395 590 1441 895 1105 288 1552 602 894 
295 568 827 749 1779 1134 652 460 675 501 138 0 2125 460 777 1365 2009 1742 1730 1324 170 721 798 951 608 1123 2007 632 783 546 526 862 566 283 792 1391 691 1960 662 1327 1313 266 1995 195 1239 499 1257 757 958 197 1393 547 756 
1959 1911 1614 2289 1740 1763 1891 2153 2121 2196 2177 2070 0 1680 2213 1424 1876 1688 1676 648 2185 2117 1359 1408 2198 1083 1930 1871 1405 1982 2484 1593 2425 1856 1342 1090 1934 1300 1905 1004 2576 2199 1939 1890 1849 1935 965 1556 2190 1926 1452 1983 1950 
688 312 493 693 1411 754 275 557 827 600 606 468 1646 0 960 1016 1547 1359 1347 1021 610 521 464 568 602 755 1601 255 433 700 888 500 829 285 442 1090 314 1612 285 958 958 628 1602 487 908 668 883 423 569 533 1044 715 379 
639 1053 1047 1439 1865 1375 1033 1171 239 1202 825 778 2125 833 0 1446 2071 1845 1847 1418 871 1267 984 1009 1309 1217 2078 1001 859 369 1033 854 1073 900 868 1485 1071 2143 1043 1421 1707 980 2084 673 1152 418 1351 977 1321 581 1474 313 1125 
1264 1205 906 1586 432 1113 1180 1450 1401 1493 1475 1337 1416 986 1520 0 754 545 656 757 1479 1414 643 718 1495 353 855 1148 713 1274 1781 906 1722 1174 650 734 1218 1300 1190 655 1858 1517 697 1196 1146 1242 585 864 1468 1234 30 1289 1267 
1651 1599 1314 1986 404 1461 1574 1871 1788 1912 1865 1724 1756 1380 1919 759 0 312 409 1131 1866 1814 1059 1108 1891 792 234 1542 1105 1661 2181 1293 2122 1551 1042 1173 1612 1665 1584 1019 2257 1898 208 1583 1547 1629 949 1256 1871 1621 762 1676 1644 
1458 1406 1141 1787 211 1323 1381 1651 1595 1694 1669 1531 1585 1187 1714 573 291 0 274 960 1673 1615 865 932 1696 606 392 1349 931 1468 1983 1117 1924 1380 846 1004 1419 1444 1391 832 2056 1719 295 1390 1359 1436 762 1102 1669 1428 576 1483 1473 
1576 1524 1246 1908 418 1402 1499 1769 1713 1825 1787 1649 1667 1305 1860 681 409 299 0 1042 1791 1733 974 1025 1826 714 510 1467 1030 1586 2115 1210 2059 1476 967 1116 1537 1612 1509 940 2181 1824 542 1508 1473 1554 870 1181 1787 1546 684 1601 1569 
1264 1205 918 1586 1077 1113 1180 1450 1401 1493 1475 1337 625 986 1520 764 1200 1015 998 0 1479 1414 656 706 1495 418 1254 1148 700 1274 1781 891 1722 1151 637 439 1218 1102 1190 670 1858 1494 1258 1196 1146 1242 600 851 1468 1234 794 1289 1244 
380 568 918 591 1924 1134 702 302 760 343 200 170 2125 602 880 1500 2108 1906 1898 1484 0 600 889 1009 450 1283 2151 632 931 633 423 996 463 393 928 1551 758 2143 729 1487 1255 135 2149 329 1329 633 1417 848 1028 331 1528 648 756 
900 351 774 190 1924 967 332 379 1221 255 720 690 2125 647 1302 1500 2108 1906 1898 1484 532 0 920 1045 219 1283 2151 415 896 1071 710 989 651 585 928 1551 446 2143 434 1487 678 500 2149 818 1361 1024 1417 749 537 851 1528 1072 530 
744 649 345 1031 1024 565 612 894 881 942 965 826 1282 483 1019 651 1160 962 947 648 916 858 0 291 944 398 1185 592 213 754 1232 462 1173 586 131 715 651 1243 622 596 1296 930 1205 686 715 722 526 337 924 714 681 769 716 
707 666 462 1056 1152 790 629 912 801 960 937 790 1416 446 856 784 1292 1104 1097 784 966 875 385 0 958 534 1346 609 283 717 1246 185 1198 639 327 851 668 1341 639 732 1316 980 1347 649 571 685 662 392 924 677 814 732 733 
818 398 821 226 1960 967 444 317 1212 107 638 608 2157 694 1332 1524 2140 1931 1917 1508 450 221 968 1074 0 1307 2183 462 964 1085 649 1029 590 678 952 1575 568 2143 546 1511 878 418 2174 767 1425 1071 1441 796 737 769 1552 1100 586 
1064 1023 719 1401 711 887 987 1265 1221 1308 1292 1178 1225 799 1319 378 794 648 639 442 1310 1229 459 534 1310 0 881 977 529 1088 1596 719 1537 981 466 397 1025 1123 997 514 1661 1324 891 1005 949 1041 444 680 1275 1035 408 1089 1075 
1743 1691 1406 2080 506 1555 1666 1975 1889 2018 1956 1818 1872 1472 2001 843 234 413 510 1221 1966 1908 1151 1200 1989 876 0 1634 1197 1753 2301 1385 2247 1643 1134 1274 1704 1719 1676 1108 2340 1992 405 1675 1639 1721 1038 1348 1954 1713 846 1768 1736 
925 328 375 667 1622 515 267 531 1062 574 872 778 1830 529 1182 1239 1758 1570 1558 1190 684 495 632 729 576 952 1813 0 646 942 862 728 803 538 638 1257 343 1776 314 1165 1001 652 1814 818 1066 909 1095 350 598 891 1267 950 179 
765 724 438 1105 1220 766 687 971 954 1012 1003 848 1471 504 975 842 1340 1152 1140 842 1000 942 418 250 1014 592 1394 667 0 775 1302 249 1243 663 308 935 726 1399 697 790 1370 1008 1395 707 585 743 720 368 984 735 872 790 756 
417 820 805 1202 1622 1139 783 934 290 1012 593 554 1830 600 369 1239 1758 1570 1558 1190 639 1030 745 777 1111 952 1813 763 626 0 797 711 837 667 635 1257 822 1776 793 1165 1466 745 1814 456 1117 164 1095 735 1080 364 1267 68 887 
699 930 1278 801 2167 1492 1034 413 771 553 392 516 2371 961 1019 1744 2325 2135 2126 1728 413 810 1249 1322 660 1527 2368 993 1167 772 0 1254 83 739 1172 1795 1118 2344 1090 1731 1465 486 2378 668 1659 837 1661 1208 1318 666 1772 787 1117 
751 710 520 1094 1259 848 673 971 837 1012 972 834 1525 490 855 888 1388 1200 1188 888 989 927 489 250 1014 638 1442 653 341 761 1286 0 1227 683 390 968 712 1444 683 836 1357 1022 1443 693 498 729 766 450 971 721 918 776 777 
731 943 1318 742 2189 1512 976 354 803 494 424 548 2425 992 1047 1774 2391 2201 2192 1758 445 751 1289 1352 601 1557 2434 1013 1197 804 83 1284 0 771 1202 1835 1101 2388 1078 1761 1411 518 2444 700 1689 869 1691 1248 1264 698 1804 819 1137 
526 389 587 761 1560 891 412 634 792 677 419 281 1756 297 916 1159 1696 1508 1496 1131 394 579 558 662 678 884 1750 392 572 665 750 661 790 0 571 1198 451 1704 422 1095 1092 413 1751 306 999 633 1025 517 706 371 1187 680 516 
755 714 444 1100 934 652 677 971 892 1012 977 838 1225 494 1019 577 1065 867 858 563 989 927 143 217 1014 313 1107 657 224 765 1302 402 1243 670 0 630 716 1123 687 511 1357 1014 1116 697 665 733 441 375 971 725 607 780 763 
1264 1205 918 1586 1077 1113 1180 1450 1401 1493 1475 1337 1225 986 1520 737 1200 1015 998 417 1479 1414 656 706 1495 375 1254 1148 700 1274 1781 891 1722 1151 637 0 1218 1300 1190 670 1858 1494 1258 1196 1146 1242 600 851 1468 1234 767 1289 1244 
898 362 679 507 1748 649 211 565 1049 608 890 752 2125 503 1157 1334 1979 1712 1700 1294 718 448 771 875 610 1093 1955 320 752 922 896 837 837 512 761 1361 0 1960 301 1297 641 686 1957 792 1215 876 1227 654 255 865 1362 929 401 
1800 1748 1463 2160 1622 1612 1723 1997 1949 2040 2021 1888 1225 1529 2057 1285 1758 1570 1558 1100 2030 1988 1208 1257 2069 952 1813 1691 1254 1822 2328 1442 2269 1700 1191 1224 1761 0 1733 851 2402 2045 1814 1732 1696 1778 812 1405 2016 1770 1313 1829 1793 
929 391 708 536 1777 678 240 594 1068 637 925 781 2125 532 1184 1365 1991 1725 1713 1307 747 477 800 951 639 1106 1970 349 781 942 930 866 866 541 790 1374 29 1960 0 1310 670 715 1974 821 1239 909 1240 683 284 894 1393 957 430 
900 859 585 1260 1060 734 822 1124 1049 1167 1126 988 1313 639 1157 677 1160 992 970 675 1130 1088 325 375 1169 425 1214 802 369 922 1455 560 1396 815 306 742 861 1243 832 0 1513 1161 1235 842 815 878 553 520 1127 870 707 929 914 
1464 912 1234 736 2286 1239 760 1075 1601 907 1416 1293 2546 1057 1720 1911 2413 2223 2214 1921 1228 678 1322 1430 876 1660 2456 869 1300 1474 1406 1387 1347 1066 1305 1946 827 2502 850 1872 0 1196 2466 1324 1767 1442 1794 1209 446 1370 1939 1489 954 
501 522 947 559 1960 1092 656 306 881 311 321 265 2157 647 1019 1524 2140 1931 1917 1508 133 568 914 1045 418 1307 2183 586 931 754 494 1025 534 423 952 1575 712 2143 683 1511 1222 0 2174 388 1353 739 1441 873 971 437 1552 769 710 
1768 1716 1431 2102 318 1580 1691 1975 1905 2018 1983 1845 1872 1497 2025 696 211 289 558 1221 1987 1930 1176 1225 2011 890 406 1659 1222 1778 2306 1410 2247 1668 1159 1274 1729 1733 1701 1122 2368 2012 0 1700 1664 1746 1052 1373 1982 1738 699 1793 1761 
251 665 821 909 1645 1150 691 619 607 660 290 195 1830 479 672 1239 1781 1593 1581 1190 329 818 761 793 767 974 1839 671 642 441 678 727 718 308 651 1257 730 1779 701 1168 1379 391 1836 0 1131 394 1098 751 993 96 1267 442 795 
1132 1061 772 1462 1551 1114 1056 1326 1269 1369 1350 1212 1782 863 1248 1137 1703 1515 1503 1157 1336 1290 724 502 1371 896 1757 1019 593 1142 1657 502 1598 1007 634 1224 1094 1718 1066 1107 1730 1350 1758 1071 0 1110 1037 702 1344 1102 1165 1157 1098 
360 758 743 1142 1560 1090 721 934 363 1012 590 499 1757 538 418 1159 1696 1508 1496 1132 633 971 683 715 1051 886 1750 701 564 149 847 649 887 605 573 1199 760 1704 731 1095 1414 739 1751 394 1054 0 1025 673 1028 302 1187 150 825 
1040 987 713 1385 810 862 958 1249 1169 1292 1259 1121 972 767 1285 552 893 747 738 436 1263 1213 453 503 1294 207 1001 940 497 1042 1560 688 1521 956 434 503 988 938 960 128 1624 1296 994 990 949 1006 0 648 1238 999 580 1054 1050 
739 519 111 900 1259 439 482 764 876 807 834 696 1525 471 1019 900 1388 1200 1188 886 785 728 364 414 809 636 1442 350 390 749 1098 413 1039 456 323 954 521 1444 492 834 1167 799 1443 681 749 717 764 0 776 709 930 764 429 
1047 501 818 595 1924 842 350 704 1221 747 1033 891 2125 642 1302 1472 2094 1892 1870 1456 857 537 914 1045 735 1255 2137 459 891 1071 1042 989 983 651 900 1523 417 2143 440 1459 446 825 2135 933 1353 1024 1389 793 0 1007 1500 1072 540 
155 740 831 912 1645 1170 769 621 515 662 288 197 1830 525 580 1239 1781 1593 1581 1190 331 893 771 803 769 974 1839 749 652 349 676 737 716 372 661 1257 808 1795 779 1184 1459 437 1836 96 1152 302 1114 761 1073 0 1267 350 873 
1283 1244 936 1625 435 1113 1219 1489 1420 1532 1494 1356 1416 1025 1539 30 757 548 659 785 1498 1453 671 746 1534 381 858 1187 741 1293 1824 943 1761 1207 678 762 1257 1300 1229 683 1901 1544 700 1215 1159 1261 613 892 1507 1253 0 1308 1285 
408 806 791 1202 1616 1132 769 934 234 1012 593 547 1830 586 313 1202 1758 1570 1558 1190 639 1030 731 763 1111 952 1813 749 612 68 797 697 837 653 621 1257 808 1776 779 1165 1459 745 1814 442 1107 150 1095 721 1073 350 1230 0 873 
867 149 599 488 1716 739 203 352 1005 395 693 601 1872 472 1123 1309 1858 1664 1652 1246 505 316 740 844 397 1045 1930 240 721 877 683 806 624 443 730 1313 334 1960 305 1249 950 473 1910 699 1197 845 1179 574 589 773 1337 892 0 
0 1134 1171 1501 2061 1551 1097 1019 719 1164 560 484 2125 873 866 1603 2174 1972 1955 1494 607 1440 1040 1130 1300 1315 2202 1064 931 536 910 1142 961 763 935 1601 1152 2231 1123 1511 2055 741 2266 360 1570 466 1458 1076 1560 236 1633 548 1210 
864 0 640 616 1763 787 234 464 1048 464 955 794 1872 406 1200 1316 1843 1674 1658 1221 694 425 711 792 540 1033 1889 140 669 927 810 830 751 452 666 1328 292 1960 259 1238 1082 551 1987 788 1274 856 1185 566 702 827 1346 943 270 
1008 701 0 1211 1636 383 675 989 1216 1032 1185 1006 1653 677 1361 1170 1738 1547 1531 1022 1084 983 455 585 1041 848 1735 461 551 1068 1383 623 1307 690 475 1153 733 1720 700 1035 1530 1108 1884 981 1002 1027 982 187 1165 975 1200 1074 545 
1335 608 1166 0 2404 1335 646 614 1588 302 1073 1037 2524 963 1743 1928 2521 2301 2294 1860 824 239 1284 1416 319 1630 2549 693 1248 1449 1020 1400 944 1061 1250 1929 795 2516 812 1827 1001 681 2595 1229 1841 1410 1773 1121 824 1254 1958 1457 823 
1766 1701 1458 2208 0 1520 1664 2018 1988 2052 2151 1916 1872 1466 2130 497 565 273 620 1201 2101 1999 1135 1179 2095 916 649 1631 1163 1822 2388 1405 2329 1755 1099 1308 1719 1731 1690 1092 2628 2134 453 1724 1732 1781 1039 1363 2121 1760 500 1839 1777 
1316 891 407 1396 1651 0 810 1151 1509 1196 1580 1396 1739 1040 1664 1272 1753 1562 1546 1108 1395 1168 733 901 1236 916 1750 672 931 1370 1587 997 1511 1095 822 1215 800 1759 890 1112 1472 1309 1896 1274 1403 1331 1059 534 1181 1310 1302 1378 735 
972 272 762 723 1890 871 0 588 1179 588 1016 881 2125 493 1322 1403 1972 1770 1754 1308 818 463 798 879 663 1129 1971 262 756 1028 946 919 875 539 753 1415 214 1974 181 1325 1034 675 2077 875 1353 959 1272 688 624 934 1433 1032 314 
1010 381 965 602 2131 1093 560 0 1364 285 695 672 2238 732 1519 1688 2282 2062 2084 1579 429 511 1061 1198 468 1400 2310 466 1014 1225 557 1182 498 778 1020 1686 618 2301 585 1596 1372 320 2356 867 1603 1186 1543 892 1010 900 1718 1233 596 
745 1216 1259 1740 2131 1639 1179 1304 0 1540 992 938 2238 988 388 1688 2282 2062 2084 1579 1038 1522 1138 1204 1580 1400 2310 1146 1014 394 968 1172 1022 1234 1020 1686 1234 2301 1205 1596 2125 1205 2356 807 1654 468 1543 1164 1642 691 1718 338 1292 
1081 533 1076 330 2303 1255 702 312 1509 0 781 758 2410 884 1664 1831 2406 2186 2179 1722 522 381 1215 1347 183 1543 2434 618 1151 1370 700 1331 641 936 1163 1835 770 2448 737 1739 1201 379 2480 949 1752 1331 1686 1031 1061 993 1861 1378 748 
571 930 1223 1113 2294 1603 1011 690 1017 779 0 225 2410 775 1147 1813 2379 2159 2152 1700 257 1085 1174 1307 950 1521 2407 980 1139 884 469 1291 511 583 1141 1835 1066 2404 1037 1717 1983 391 2453 411 1712 814 1664 1115 1474 423 1843 896 1126 
432 789 1061 1113 2111 1441 873 683 965 772 244 0 2182 594 1079 1657 2247 2011 2011 1548 250 1037 1035 1165 929 1369 2275 836 973 737 666 1149 708 402 989 1655 928 2231 898 1565 1763 384 2305 243 1570 667 1512 953 1336 276 1687 749 982 
2002 1911 1666 2419 1955 1728 1889 2210 2209 2244 2401 2191 0 1674 2314 1501 2101 1819 1796 669 2361 2210 1343 1387 2306 1116 2048 1846 1371 2019 2580 1613 2521 1978 1307 1141 1922 1331 1893 1177 2894 2379 2115 1969 2008 1956 1102 1571 2319 1959 1531 2033 1996 
826 394 629 875 1647 992 366 723 1017 723 806 655 1692 0 1166 1199 1749 1558 1542 1061 782 684 547 628 799 892 1746 329 532 888 1052 666 976 381 518 1180 424 1730 391 1092 1219 810 1896 642 1065 818 1039 491 834 727 1229 900 459 
829 1275 1311 1799 2204 1691 1238 1554 338 1599 1147 1044 2355 1040 0 1746 2321 2101 2094 1637 1197 1581 1196 1148 1639 1458 2349 1205 1066 429 1285 947 1339 1281 1078 1744 1293 2331 1264 1654 2203 1364 2395 848 1353 531 1601 1216 1701 732 1776 373 1351 
1433 1368 1123 1885 532 1224 1331 1647 1626 1692 1793 1612 1531 1133 1781 0 1027 703 883 819 1750 1674 778 803 1732 539 1114 1298 814 1487 2074 1078 2015 1416 736 954 1386 1399 1357 735 2296 1807 946 1391 1319 1448 667 1028 1794 1427 30 1495 1444 
1904 1853 1585 2349 596 1647 1791 2140 2124 2174 2286 2051 1897 1593 2260 917 0 437 614 1264 2236 2140 1262 1306 2236 981 266 1758 1290 1934 2510 1532 2451 1892 1226 1371 1853 1838 1824 1184 2824 2272 256 1855 1883 1919 1131 1490 2250 1913 925 1963 1918 
1644 1579 1336 2085 343 1414 1542 1909 1858 1932 2029 1834 1692 1344 2006 708 396 0 433 1061 1984 1878 1018 1081 1976 786 480 1509 1041 1698 2254 1307 2195 1633 977 1165 1597 1665 1568 963 2513 2028 383 1602 1596 1659 893 1241 2006 1638 711 1706 1655 
1797 1732 1489 2241 684 1551 1695 2033 2000 2067 2168 1933 1872 1497 2143 853 647 486 0 1201 2118 2032 1166 1210 2128 916 729 1662 1194 1861 2403 1436 2344 1786 1130 1308 1750 1759 1721 1112 2656 2177 804 1755 1763 1815 1059 1394 2149 1791 856 1871 1818 
1316 1275 988 1799 1234 1113 1238 1554 1509 1599 1676 1495 692 1040 1664 871 1426 1235 1219 0 1633 1581 658 683 1639 456 1423 1205 694 1370 1997 919 1938 1308 616 476 1293 1331 1264 680 2203 1699 1549 1274 1181 1331 612 882 1701 1310 907 1378 1351 
638 671 1170 841 2246 1411 850 435 1054 524 278 255 2355 791 1206 1786 2359 2139 2132 1677 0 801 1139 1284 707 1498 2387 756 1099 946 539 1268 581 550 1118 1784 923 2366 875 1694 1662 152 2433 450 1689 874 1641 1062 1331 483 1818 964 886 
1226 442 988 260 2204 1184 407 547 1419 344 1033 968 2355 793 1574 1729 2306 2086 2084 1620 777 0 1118 1245 305 1441 2334 527 1049 1280 893 1237 834 831 1061 1727 568 2301 588 1637 923 634 2380 1101 1658 1241 1584 943 715 1212 1759 1288 657 
870 778 477 1326 1267 696 750 1100 1048 1145 1246 1062 1314 549 1200 849 1426 1235 1219 641 1161 1105 0 331 1166 474 1423 713 226 933 1492 531 1460 748 134 769 808 1331 775 655 1644 1199 1549 864 868 862 587 414 1217 833 879 949 828 
972 852 578 1396 1369 936 824 1151 1053 1196 1339 1131 1472 637 1111 968 1503 1312 1296 766 1252 1178 465 0 1236 599 1500 782 314 1028 1573 246 1511 822 346 894 882 1447 849 780 1735 1260 1626 952 683 985 712 452 1308 940 998 1032 866 
1200 469 1012 324 2223 1205 621 469 1453 157 955 913 2355 820 1608 1767 2352 2132 2125 1658 679 306 1139 1283 0 1479 2380 554 1087 1314 857 1268 798 866 1099 1765 706 2356 673 1675 1156 536 2426 1087 1689 1275 1622 967 1003 1148 1797 1322 684 
1226 1151 894 1675 878 965 1114 1430 1419 1475 1592 1400 1257 906 1574 502 1187 919 852 545 1538 1457 544 569 1515 0 1087 1081 580 1280 1853 803 1790 1198 502 516 1169 1244 1140 518 2066 1588 1235 1190 1091 1241 450 768 1577 1220 532 1288 1227 
1904 1853 1585 2349 706 1647 1791 2140 2124 2174 2286 2051 2125 1593 2260 956 280 536 690 1293 2236 2140 1262 1306 2236 1024 0 1758 1290 1934 2510 1532 2451 1892 1226 1400 1853 1960 1824 1209 2824 2272 490 1855 1883 1919 1156 1490 2250 1913 959 1963 1918 
1085 368 551 808 1891 661 342 656 1269 656 1130 989 2125 628 1430 1424 1977 1783 1767 1321 886 617 879 875 732 1142 1989 0 848 1130 1020 913 944 674 765 1428 400 1996 367 1338 1186 743 2084 1014 1353 1113 1285 477 810 1063 1454 1160 212 
882 812 594 1347 1494 965 784 1100 1074 1145 1259 1062 1531 561 1226 1026 1596 1405 1389 829 1191 1129 467 267 1187 662 1593 747 0 946 1492 305 1460 825 347 971 842 1505 809 843 1684 1258 1719 876 701 874 775 468 1257 845 1056 964 877 
527 987 988 1513 1891 1368 964 1268 456 1313 877 743 2125 733 532 1424 1977 1783 1767 1321 932 1295 885 951 1353 1142 1989 919 768 0 1086 977 1140 976 765 1428 1021 1996 992 1338 1876 1099 2084 546 1403 169 1285 911 1429 430 1454 94 1065 
971 780 1336 1025 2544 1540 964 491 983 673 492 717 2639 1120 1368 2132 2661 2441 2434 1975 536 918 1450 1582 856 1796 2689 865 1413 1068 0 1566 83 1070 1416 2155 1021 2690 992 1986 1782 608 2759 907 2006 1082 1971 1291 1429 917 2162 1106 1015 
1085 983 692 1500 1516 1064 937 1255 1053 1300 1393 1185 1536 751 878 1135 1618 1427 1411 905 1323 1282 580 318 1340 735 1615 896 428 1108 1642 0 1615 936 460 1076 988 1594 959 927 1827 1374 1741 1014 640 991 848 566 1396 1063 1165 1103 997 
993 721 1282 948 2544 1479 900 432 988 614 514 739 2602 1070 1368 2048 2661 2441 2434 1938 558 851 1400 1532 797 1745 2689 806 1353 1068 83 1516 0 1071 1365 2091 954 2647 925 1943 1724 630 2759 925 1965 1141 1928 1237 1362 938 2078 1106 945 
769 563 785 1101 1776 1149 568 944 1054 927 612 461 1872 385 1206 1322 1855 1687 1671 1221 576 839 703 784 972 1046 1889 531 688 933 997 822 1051 0 674 1328 626 1960 593 1238 1441 621 2004 448 1274 866 1185 647 1025 565 1352 956 661 
916 842 579 1396 1132 693 814 1122 1108 1167 1287 1079 1257 591 1260 739 1318 1144 1107 541 1217 1178 178 224 1236 374 1315 777 268 992 1492 458 1482 826 0 669 872 1244 839 555 1711 1280 1458 907 767 909 487 456 1284 875 769 996 870 
1344 1283 1014 1812 1291 1113 1246 1562 1537 1607 1704 1523 1225 1048 1692 918 1436 1245 1229 473 1661 1589 697 722 1647 495 1433 1213 733 1398 1997 960 1938 1336 655 0 1301 1390 1272 719 2203 1720 1559 1302 1217 1359 651 911 1709 1338 948 1406 1359 
1149 512 891 731 2111 789 296 800 1355 800 1261 1077 2182 705 1497 1657 2247 2011 2011 1548 1024 596 1035 1165 876 1369 2275 474 973 1207 1156 1149 1080 751 989 1655 0 2231 432 1565 848 887 2305 1061 1570 1164 1512 839 410 1124 1687 1211 553 
1893 1819 1576 2349 1709 1638 1782 2140 2124 2174 2286 2051 1314 1584 2242 1357 1819 1620 1604 1201 2236 2140 1253 1297 2236 994 1813 1749 1281 1934 2510 1523 2451 1892 1217 1308 1853 0 1824 878 2824 2272 1961 1855 1860 1904 836 1481 2250 1913 1387 1963 1898 
1176 545 928 764 2131 822 329 833 1369 833 1289 1105 2238 738 1524 1688 2282 2062 2084 1579 1058 629 1062 1198 926 1400 2310 507 1014 1230 1214 1182 1138 784 1020 1686 33 2301 0 1596 881 929 2356 1095 1603 1191 1543 872 443 1158 1718 1238 586 
1019 983 697 1500 1234 752 937 1255 1226 1300 1411 1219 1291 706 1378 829 1426 1235 1219 631 1357 1282 347 372 1340 464 1423 892 383 1078 1642 606 1615 936 305 759 976 1322 947 0 1817 1374 1549 1014 873 1053 577 571 1384 1025 859 1100 1015 
1795 1155 1547 1128 2805 1492 934 1374 2000 1275 1913 1763 3025 1355 2143 2368 3005 2692 2685 2221 1618 967 1685 1835 1221 2038 2943 1112 1648 1861 1830 1802 1734 1462 1651 2370 1024 3008 1032 2233 0 1532 3045 1739 2221 1815 2218 1502 588 1789 2398 1871 1145 
783 560 1115 730 2223 1285 739 442 1216 413 423 394 2355 822 1368 1769 2352 2132 2125 1660 175 690 1137 1267 596 1481 2380 645 1097 1068 579 1251 621 577 1101 1767 797 2356 764 1677 1566 0 2426 567 1672 1053 1624 1062 1217 628 1799 1100 775 
2002 1923 1671 2434 420 1733 1889 2225 2228 2259 2401 2191 2125 1679 2314 825 275 337 770 1379 2361 2225 1348 1392 2321 1097 498 1883 1376 2023 2595 1618 2536 1978 1312 1486 1922 1960 1893 1299 2894 2379 0 1969 2008 1956 1246 1576 2319 1959 828 2033 2033 
383 912 1078 1284 1955 1458 918 868 832 947 423 253 2125 611 983 1473 2101 1851 1825 1379 435 1161 938 1026 1083 1200 2093 878 818 586 851 1032 893 419 815 1486 976 2190 947 1396 1817 559 2145 0 1456 516 1343 981 1384 134 1503 598 1029 
1330 1248 965 1772 1797 1345 1211 1527 1523 1572 1690 1509 1897 1040 1406 1345 1883 1708 1692 1246 1647 1554 869 607 1612 1067 1913 1178 717 1384 1948 599 1889 1280 749 1353 1266 1960 1237 1263 2152 1671 2033 1288 0 1345 1210 855 1674 1324 1375 1392 1324 
475 953 965 1466 1817 1345 918 1221 497 1266 833 691 1897 684 531 1368 1911 1724 1708 1262 873 1248 836 878 1306 1083 1942 870 719 210 1236 919 1290 897 716 1369 960 1960 931 1279 1795 1044 2033 494 1353 0 1226 857 1368 378 1398 222 1015 
1260 1180 934 1704 1107 992 1143 1459 1453 1504 1609 1429 1225 953 1608 766 1286 1104 1069 539 1567 1486 580 605 1544 351 1283 1110 616 1314 1878 839 1819 1239 538 667 1198 1060 1169 233 2082 1617 1418 1207 1096 1275 0 804 1606 1254 796 1322 1256 
861 583 187 1101 1494 552 555 912 1042 914 1027 895 1531 540 1194 1064 1596 1405 1389 879 977 873 458 448 958 712 1593 391 421 927 1327 486 1251 553 338 1007 613 1555 580 893 1425 1013 1719 855 882 853 825 0 1010 824 1094 943 475 
1316 691 1123 927 2303 1073 475 989 1509 980 1426 1242 2410 884 1664 1831 2406 2186 2179 1722 1194 792 1215 1347 1032 1543 2434 653 1151 1370 1371 1331 1295 936 1163 1835 580 2448 611 1739 620 1108 2480 1274 1752 1331 1686 1078 0 1310 1861 1378 732 
249 1036 1078 1369 1955 1458 1037 938 707 1032 463 321 2125 719 798 1487 2101 1851 1825 1379 503 1274 959 1026 1168 1200 2093 980 833 461 875 1049 918 527 830 1486 1092 2190 1063 1396 2017 637 2145 124 1463 391 1343 983 1500 0 1517 473 1126 
1454 1389 1140 1904 529 1224 1352 1668 1647 1713 1827 1633 1531 1154 1816 30 1027 700 885 847 1771 1695 806 831 1753 567 1114 1319 842 1508 2095 1078 2036 1438 764 1007 1407 1439 1378 763 2329 1828 946 1412 1331 1469 695 1045 1837 1448 0 1516 1465 
527 987 988 1513 1891 1368 964 1268 389 1313 885 743 2125 733 450 1424 1977 1783 1767 1321 932 1295 885 951 1353 1142 1989 919 768 68 1093 977 1147 976 765 1428 1021 1996 992 1338 1876 1099 2084 546 1403 169 1285 911 1429 430 1454 0 1065 
986 156 764 596 1955 936 247 444 1216 444 955 852 2125 530 1361 1441 2101 1819 1797 1351 674 405 835 951 520 1172 2048 264 793 1068 790 960 731 576 790 1458 416 2023 383 1368 1217 531 2115 914 1389 1027 1315 690 826 975 1471 1074 0 
0 1052 1057 1336 1924 1396 994 915 724 1059 507 430 2125 781 782 1469 2047 1897 1882 1367 534 1292 938 1012 1190 1165 2106 981 821 560 866 974 935 648 819 1449 1034 2143 1005 1374 1863 682 2188 329 1424 454 1332 951 1399 226 1499 570 1122 
786 0 627 583 1729 669 231 385 1033 449 908 695 1872 449 1195 1305 1871 1678 1643 1191 673 397 698 781 490 974 1931 137 645 883 762 785 703 504 643 1273 282 1960 253 1189 1137 554 1981 757 1214 777 1147 586 591 750 1335 893 282 
958 777 0 1197 1598 369 725 1058 1199 1105 1238 1088 1717 686 1345 1228 1727 1547 1512 1059 1249 1010 465 621 1092 853 1780 536 602 1008 1391 625 1332 793 521 1135 769 1760 740 1078 1554 1172 1836 1026 1037 960 1036 222 1152 921 1258 1054 624 
1365 627 1245 0 2370 1237 652 619 1600 337 1110 1099 2480 977 1744 1929 2467 2291 2274 1783 843 272 1280 1378 334 1581 2490 710 1225 1409 984 1313 925 1049 1238 1885 825 2504 796 1790 1017 724 2582 1261 1822 1365 1748 1193 725 1326 1950 1455 855 
1652 1680 1367 2074 0 1483 1588 1930 1905 1999 2001 1836 1790 1382 1995 503 532 242 605 1132 2016 1872 1073 1109 1992 843 650 1563 1107 1696 2273 1322 2210 1642 1057 1214 1628 1760 1599 1047 2446 2022 391 1670 1728 1652 1005 1269 1985 1642 498 1742 1704 
1285 832 381 1256 1500 0 758 1125 1520 1172 1549 1403 1679 1019 1664 1176 1629 1449 1414 1021 1372 1069 669 824 1151 805 1682 723 813 1329 1458 958 1399 1110 745 1093 800 1704 820 1026 1482 1261 1744 1303 1410 1285 984 551 1080 1275 1204 1375 679 
832 248 722 677 1779 728 0 479 1065 543 970 767 1897 495 1203 1340 1932 1728 1693 1226 767 428 744 827 584 1024 1972 232 691 933 856 831 797 550 689 1308 173 1960 144 1233 1021 648 2030 803 1262 823 1191 681 482 796 1370 949 237 
815 369 963 583 2061 997 553 0 1331 249 652 567 2237 764 1482 1642 2204 2039 2009 1524 348 514 1015 1128 389 1322 2227 452 968 1151 523 1080 464 779 979 1606 597 2244 568 1531 1458 337 2330 738 1568 1103 1489 918 906 768 1672 1197 597 
682 1178 1136 1578 2024 1475 1086 1286 0 1475 942 864 2204 871 254 1596 2162 1987 1972 1478 993 1391 1034 1039 1473 1276 2185 1061 931 327 879 896 971 1071 933 1560 1126 2200 1097 1485 1966 1094 2278 732 1496 418 1443 1030 1491 629 1626 271 1202 
978 492 1112 334 2226 1108 608 282 1467 0 808 723 2371 887 1611 1756 2317 2141 2124 1638 506 334 1136 1235 140 1436 2340 575 1080 1276 647 1171 588 902 1093 1720 720 2349 691 1645 1171 387 2432 880 1675 1232 1603 1062 906 916 1786 1322 720 
402 885 1166 1076 2252 1465 962 634 954 772 0 190 2371 779 1067 1775 2344 2168 2151 1657 266 1046 1104 1212 926 1455 2367 944 1099 787 451 1183 512 493 1112 1739 1005 2385 976 1664 1863 414 2459 341 1652 748 1622 1060 1370 371 1807 814 1085 
309 744 963 1070 2024 1279 772 613 824 751 249 0 2204 589 960 1596 2162 1987 1972 1478 245 1006 938 1054 891 1276 2185 749 931 696 632 1044 693 303 933 1560 816 2200 787 1485 1680 393 2278 201 1474 627 1443 873 1191 231 1626 723 894 
1918 1932 1613 2345 1847 1711 1844 2167 2140 2216 2227 2094 0 1628 2194 1492 2034 1789 1754 648 2254 2162 1319 1355 2263 1085 2000 1819 1353 1966 2503 1568 2447 1894 1303 1092 1902 1331 1872 1178 2717 2277 2069 1918 1987 1891 1112 1515 2252 1914 1522 2008 1978 
698 371 529 791 1482 806 297 593 954 657 720 487 1679 0 1067 1158 1611 1431 1396 1021 685 605 496 588 698 802 1664 274 463 795 971 588 912 305 461 1092 341 1704 312 1026 1171 762 1726 523 1015 689 984 443 650 610 1186 805 419 
824 1290 1245 1690 2181 1584 1198 1541 314 1588 1096 989 2284 992 0 1699 2262 2086 2069 1581 1154 1503 1153 1026 1585 1379 2285 1173 1023 533 1236 854 1294 1196 1036 1663 1238 2294 1209 1588 2082 1255 2377 853 1257 541 1546 1139 1603 750 1729 477 1314 
1357 1382 1075 1782 568 1166 1290 1633 1592 1680 1676 1526 1504 1084 1736 0 1003 723 834 799 1727 1595 775 809 1677 520 1018 1265 798 1401 1999 1005 1899 1328 730 1004 1330 1374 1301 731 2158 1673 835 1375 1427 1357 657 969 1695 1347 30 1447 1406 
1821 1849 1535 2267 501 1633 1756 2089 2065 2138 2163 1987 2125 1550 2119 927 0 388 544 1289 2172 2084 1241 1277 2185 954 263 1731 1275 1858 2440 1490 2369 1849 1225 1371 1796 1960 1767 1194 2611 2195 264 1858 1914 1832 1152 1437 2150 1825 933 1900 1882 
1576 1604 1299 2013 238 1402 1512 1874 1858 1944 1927 1745 1696 1306 1919 672 387 0 422 1038 1944 1814 1000 1044 1921 763 505 1487 1031 1620 2206 1257 2123 1566 981 1123 1552 1704 1523 974 2355 1912 358 1594 1659 1576 895 1193 1906 1566 667 1666 1628 
1731 1759 1446 2193 602 1544 1667 2014 1989 2063 2070 1894 1872 1461 2066 857 525 416 0 1197 2079 2007 1152 1188 2111 922 597 1642 1186 1775 2355 1401 2294 1721 1136 1279 1707 1838 1678 1111 2529 2098 722 1749 1809 1731 1069 1348 2068 1721 852 1834 1783 
1237 1283 924 1683 1200 1113 1191 1534 1472 1581 1585 1435 635 985 1616 825 1263 1099 1085 0 1636 1496 672 706 1578 422 1316 1166 695 1281 1867 897 1812 1236 627 537 1231 1322 1202 691 2066 1581 1394 1284 1275 1237 617 842 1596 1227 853 1327 1307 
467 628 1133 843 2195 1241 812 368 989 509 304 219 2371 766 1157 1728 2292 2116 2099 1610 0 773 1048 1178 649 1408 2315 711 1066 852 506 1183 567 472 1065 1692 856 2321 827 1617 1703 151 2407 390 1618 813 1575 1027 1226 420 1758 879 856 
1182 419 1039 253 2139 1039 380 437 1417 322 991 943 2280 814 1561 1678 2247 2071 2059 1560 725 0 1048 1178 279 1358 2270 502 1009 1226 814 1122 755 788 1015 1642 553 2265 524 1567 865 606 2362 1086 1618 1182 1525 989 646 1172 1708 1272 617 
774 752 458 1176 1198 672 678 1023 1005 1054 1080 973 1282 504 1174 816 1263 1083 1065 642 1138 977 0 334 1071 448 1316 655 229 871 1356 485 1297 746 136 832 722 1314 693 672 1592 1110 1378 821 843 765 598 376 1080 738 844 881 800 
798 804 492 1233 1282 839 730 1125 856 1172 1103 996 1449 528 916 936 1394 1214 1179 759 1161 1046 434 0 1128 565 1447 707 308 895 1458 191 1399 795 341 952 774 1435 745 789 1652 1184 1509 845 660 789 715 410 1163 762 966 887 852 
1170 486 1108 282 2220 1101 556 413 1450 131 942 854 2371 881 1594 1750 2311 2135 2118 1632 637 282 1136 1230 0 1430 2334 569 1074 1259 778 1171 719 896 1087 1714 714 2346 685 1639 1137 518 2426 1035 1670 1215 1597 1058 852 1104 1780 1305 714 
1125 1148 802 1548 898 936 1056 1399 1352 1446 1458 1308 1225 848 1504 477 943 744 772 491 1509 1361 550 584 1443 0 964 1031 573 1161 1732 775 1673 1121 505 562 1096 1243 1067 522 1944 1453 1051 1170 1090 1125 448 720 1461 1115 505 1207 1172 
1896 1917 1598 2345 653 1696 1844 2167 2124 2216 2227 2054 2125 1613 2178 998 268 508 636 1352 2239 2162 1304 1340 2263 1024 0 1794 1338 1958 2503 1553 2447 1864 1288 1434 1901 1974 1871 1255 2717 2264 491 1918 1974 1875 1213 1500 2251 1914 1012 1997 1960 
986 354 507 772 1865 549 327 574 1223 638 1065 915 2125 643 1364 1424 2034 1819 1777 1310 862 586 812 865 679 1108 2040 0 824 1032 953 869 892 698 767 1392 371 2024 342 1317 1203 743 2113 970 1309 981 1275 466 680 949 1454 1078 201 
792 798 506 1233 1321 853 724 1125 1015 1172 1096 989 1504 522 1067 985 1445 1265 1230 817 1154 1046 463 252 1128 623 1498 701 0 889 1458 256 1399 802 344 1004 768 1551 739 847 1652 1203 1560 839 676 783 773 424 1163 756 1013 899 846 
483 912 850 1328 1760 1203 828 1179 327 1226 793 644 1872 626 402 1320 1902 1709 1674 1197 818 1141 783 802 1223 1005 1960 805 666 0 973 806 1031 831 664 1279 872 1960 843 1224 1730 970 2014 512 1262 165 1182 768 1241 409 1350 68 968 
744 760 1372 999 2512 1366 950 487 872 690 463 604 2540 1118 1250 2046 2609 2433 2416 1860 509 918 1402 1450 830 1650 2632 843 1294 980 0 1382 83 886 1307 2005 991 2574 962 1860 1849 574 2736 770 1900 1006 1828 1322 1356 792 2076 1026 1011 
880 886 568 1328 1426 936 812 1179 886 1226 1202 1088 1563 610 855 1066 1555 1375 1340 905 1260 1141 536 270 1223 710 1608 789 384 979 1512 0 1453 877 417 1012 856 1626 827 935 1715 1222 1670 921 580 826 860 486 1226 844 1094 928 944 
781 701 1319 972 2512 1316 885 428 949 631 500 641 2601 1047 1299 2046 2609 2433 2416 1921 546 846 1357 1455 771 1678 2632 784 1322 1005 83 1410 0 926 1335 2055 929 2574 900 1893 1773 611 2736 807 1900 1029 1833 1269 1294 829 2076 1051 944 
604 638 751 1078 1806 1075 564 860 1033 939 565 332 2125 372 1195 1368 1932 1752 1717 1250 501 872 718 810 956 1048 1985 541 727 885 910 814 996 0 712 1332 608 1974 579 1257 1464 634 2063 368 1262 779 1215 665 927 455 1398 895 686 
805 811 489 1233 1093 657 737 1125 1033 1172 1115 1008 1225 535 1195 709 1136 983 961 535 1173 1046 211 245 1128 341 1208 714 260 922 1458 436 1399 814 0 725 781 1243 752 565 1652 1184 1278 852 771 796 491 407 1163 769 737 926 859 
1266 1290 963 1690 1212 1113 1198 1541 1501 1588 1585 1435 1225 992 1645 849 1296 1140 1092 461 1636 1503 696 730 1585 439 1349 1173 719 1310 1919 925 1819 1243 651 0 1238 1374 1209 715 2082 1588 1435 1284 1309 1266 641 866 1603 1256 877 1356 1314 
1042 461 862 639 1984 677 273 681 1273 745 1138 988 2125 697 1423 1553 2124 1938 1953 1435 993 557 956 1054 786 1233 2147 434 893 1082 1076 1043 1017 752 891 1517 0 2200 377 1442 786 850 2229 1027 1480 1044 1400 821 309 999 1583 1128 485 
1845 1888 1560 2310 1748 1658 1781 2132 2097 2181 2191 2020 1326 1575 2151 1400 1902 1697 1662 1232 2205 2127 1266 1302 2228 993 1960 1756 1300 1929 2503 1515 2412 1849 1250 1314 1824 0 1792 927 2635 2219 1998 1882 1931 1843 870 1462 2174 1864 1430 1959 1923 
1066 490 891 668 2024 706 302 710 1325 774 1186 1036 2204 726 1440 1596 2162 1987 1972 1478 1012 586 978 1083 815 1276 2185 463 931 1134 1110 1055 1051 781 933 1560 29 2200 0 1485 815 879 2278 1065 1509 1061 1443 850 338 1037 1626 1180 514 
941 946 618 1360 1212 752 866 1211 1199 1258 1268 1161 1313 664 1337 833 1296 1099 1085 659 1326 1173 366 400 1255 465 1349 843 389 1001 1544 591 1485 945 321 849 923 1322 881 0 1777 1263 1394 984 900 932 615 536 1288 898 861 1020 1011 
1765 1186 1588 926 2734 1428 958 1358 2015 1169 1832 1732 3025 1373 2111 2298 2889 2653 2636 2200 1605 860 1657 1755 1118 2034 2845 1132 1625 1822 1691 1713 1632 1439 1638 2338 1064 2880 1051 2220 0 1494 2980 1764 2185 1765 2143 1538 554 1755 2328 1875 1185 
624 491 1108 706 2195 1108 675 347 1164 372 461 358 2371 840 1354 1728 2292 2116 2099 1610 172 636 1048 1178 512 1408 2315 574 1066 1008 583 1171 644 529 1065 1692 719 2321 690 1617 1578 0 2407 493 1618 975 1575 1027 1080 565 1758 1054 719 
1952 1932 1638 2380 336 1736 1869 2202 2166 2251 2253 2120 2125 1653 2220 799 279 353 744 1392 2280 2197 1344 1380 2298 1064 517 1842 1378 2008 2545 1593 2482 1923 1328 1474 1934 2023 1904 1304 2756 2291 0 1944 2005 1917 1262 1540 2284 1942 794 2036 2001 
251 824 966 1170 1880 1289 786 739 762 877 375 197 2125 584 820 1424 2034 1836 1792 1325 371 1085 893 954 1021 1123 2040 763 776 598 758 919 819 327 774 1407 830 2143 801 1332 1707 519 2132 0 1364 492 1290 878 1218 96 1454 608 917 
1295 1290 924 1690 1748 1262 1198 1541 1504 1588 1614 1464 1872 1019 1459 1298 1902 1697 1662 1194 1646 1503 896 632 1585 993 1960 1173 746 1339 1919 618 1819 1236 779 1276 1238 1960 1209 1224 2082 1581 1998 1313 0 1295 1182 848 1603 1285 1328 1385 1314 
440 868 816 1291 1729 1176 794 1141 427 1188 779 601 1872 592 485 1298 1871 1678 1643 1191 775 1104 749 768 1186 974 1931 771 632 227 1224 772 1282 788 630 1273 838 1960 809 1170 1707 924 1981 469 1214 0 1128 734 1218 366 1328 237 944 
1066 1084 748 1498 959 882 1003 1349 1325 1396 1415 1266 1225 794 1440 576 1035 819 847 437 1467 1311 496 530 1393 222 1047 981 519 1134 1682 721 1623 1079 451 627 1043 1060 1014 130 1863 1409 1123 1114 1090 1061 0 666 1408 1056 604 1180 1122 
769 612 123 1036 1364 470 538 834 1005 898 1032 869 1558 499 1174 1046 1487 1307 1272 871 1081 846 440 434 944 677 1540 439 415 866 1232 438 1173 606 336 1012 582 1583 553 905 1454 1004 1602 816 858 760 827 0 891 733 1074 876 527 
1182 590 1101 703 2181 967 402 810 1417 874 1279 1129 2284 826 1561 1699 2262 2086 2069 1581 1101 645 1053 1178 899 1379 2285 563 1023 1226 1215 1122 1156 881 1036 1663 531 2294 506 1588 522 991 2377 1144 1618 1182 1546 1049 0 1172 1729 1272 614 
155 899 963 1216 1865 1302 825 781 670 939 417 239 2125 623 728 1415 2034 1819 1777 1310 413 1141 884 954 1070 1108 2040 802 767 506 800 913 861 426 765 1392 869 2024 840 1317 1730 561 2113 107 1353 400 1275 869 1241 0 1445 516 968 
1364 1392 1094 1792 556 1224 1300 1643 1599 1690 1683 1533 1504 1094 1743 30 989 711 836 820 1734 1605 796 830 1687 541 1018 1275 819 1408 2032 1032 1932 1356 751 1004 1340 1396 1311 752 2171 1701 823 1382 1446 1364 678 988 1705 1354 0 1454 1416 
469 888 836 1328 1738 1191 814 1179 271 1226 796 630 1872 612 346 1311 1871 1687 1652 1191 804 1141 769 788 1223 983 1935 791 652 68 973 792 1031 817 650 1273 858 1960 829 1224 1715 955 1998 498 1257 151 1182 754 1226 395 1341 0 944 
910 153 744 571 1865 786 245 373 1164 437 942 774 2125 566 1312 1414 2034 1819 1777 1310 661 385 815 898 478 1108 2040 254 762 1001 750 902 691 621 760 1392 399 2024 370 1317 1238 542 2113 874 1353 894 1275 703 708 867 1444 1020 0 
0 1145 1121 1342 2042 1473 1109 915 725 1034 493 416 2157 806 806 1594 2130 1952 1970 1479 551 1271 1007 1049 1163 1299 2128 1049 886 524 851 1075 912 769 873 1557 1172 2231 1143 1510 1994 675 2254 355 1422 471 1432 1021 1521 230 1622 518 1197 
853 0 627 583 1887 705 241 395 1121 431 908 749 2125 465 1282 1479 2058 1760 1775 1310 685 385 742 835 453 1130 1965 138 755 922 759 876 699 499 746 1388 316 2181 287 1341 1073 581 2030 854 1251 865 1263 592 653 842 1507 926 280 
921 795 0 1160 1638 468 712 1024 1182 1061 1209 1054 1715 657 1375 1253 1746 1522 1537 1022 1235 981 485 561 1070 831 1752 605 566 1004 1396 602 1311 744 472 1129 806 1777 777 1045 1462 1188 1791 986 1002 949 967 146 1095 931 1281 992 607 
1310 627 1249 0 2509 1307 714 518 1695 286 1040 999 2582 1056 1864 2033 2598 2435 2424 1943 781 237 1371 1430 288 1761 2596 727 1367 1512 930 1481 859 1082 1337 2016 856 2658 864 1967 958 677 2721 1212 1853 1448 1965 1212 769 1264 2061 1500 869 
1781 1911 1472 2376 0 1559 1871 2247 2032 2212 2146 2048 1872 1552 2135 523 459 242 633 1199 2219 2184 1173 1187 2253 923 576 1786 1213 1883 2490 1427 2458 1765 1134 1277 1999 1838 1970 1125 2750 2159 381 1821 1756 1809 1047 1372 2359 1791 523 1878 1905 
1350 802 489 1150 1638 0 722 1011 1625 1061 1552 1420 1753 1056 1816 1277 1746 1522 1537 1060 1300 974 758 853 1059 863 1752 725 868 1442 1383 1075 1298 1109 824 1140 710 1777 785 1075 1360 1219 1791 1388 1422 1378 997 596 969 1360 1305 1430 599 
884 308 714 656 1920 767 0 498 1158 534 992 839 2125 496 1297 1521 2058 1773 1788 1323 788 425 773 866 556 1143 1969 225 786 955 862 916 802 549 777 1401 179 2181 150 1354 958 684 2054 890 1283 896 1276 679 516 873 1549 950 254 
895 874 1534 580 2659 1558 1015 0 1391 266 665 633 2772 1211 1675 2229 2733 2562 2551 2105 401 636 1531 1590 429 1934 2749 998 1559 1315 511 1641 451 954 1497 2171 1171 2860 1142 2141 1400 347 2855 841 2013 1251 2139 1440 1260 890 2257 1303 1146 
678 1256 1202 1660 2167 1554 1227 1264 0 1534 962 881 2318 899 275 1706 2230 2067 2083 1591 1026 1483 1112 1128 1572 1411 2228 1167 988 360 888 1154 949 1192 987 1669 1290 2319 1261 1622 2110 1201 2369 821 1523 461 1544 1102 1639 696 1734 304 1315 
1034 608 1242 314 2509 1279 746 232 1561 0 759 727 2578 1056 1754 2033 2598 2435 2424 1939 495 370 1368 1427 163 1758 2596 708 1346 1411 633 1478 573 1002 1334 2016 886 2658 857 1967 1111 391 2721 951 1849 1384 1965 1205 964 985 2061 1418 850 
448 1042 1224 1044 2384 1576 1189 734 1053 737 0 219 2439 790 1231 1900 2457 2294 2283 1788 276 1105 1218 1277 900 1608 2455 1129 1246 878 464 1328 524 615 1184 1868 1252 2535 1223 1827 1823 400 2595 427 1683 830 1741 1112 1601 443 1930 877 1277 
378 876 1063 974 2167 1415 933 679 984 678 180 0 2318 580 1074 1718 2252 2089 2083 1603 217 1045 997 1092 841 1423 2250 875 1005 748 615 1143 675 408 999 1681 1012 2346 983 1634 1755 341 2391 246 1498 695 1556 963 1361 308 1746 742 1023 
1992 2081 1659 2584 1931 1746 2065 2455 2211 2420 2397 2260 0 1739 2278 1530 2058 1777 1792 652 2427 2392 1360 1374 2461 1125 1980 1953 1400 2097 2650 1614 2666 1966 1321 1111 2194 1331 2165 1137 2913 2343 2054 2059 1990 2021 1062 1559 2554 1974 1558 2104 2073 
774 437 548 870 1657 967 382 682 1018 718 782 612 1753 0 1176 1277 1765 1541 1556 1060 778 672 512 605 740 875 1771 345 525 839 1063 646 978 374 516 1150 457 1787 428 1102 1232 844 1814 641 1035 786 1024 466 794 756 1305 833 487 
826 1451 1335 1898 2294 1687 1440 1594 305 1725 1101 1039 2376 1048 0 1831 2358 2195 2184 1715 1185 1696 1236 1098 1785 1535 2356 1380 1122 453 1288 895 1286 1306 1111 1793 1503 2469 1474 1746 2327 1360 2497 899 1251 560 1668 1235 1886 774 1859 397 1528 
1402 1515 1121 1958 496 1228 1486 1792 1677 1842 1760 1648 1534 1173 1864 0 896 679 780 827 1830 1742 795 817 1832 492 1031 1426 832 1494 2129 1059 2093 1379 788 952 1549 1399 1520 745 2362 1788 839 1440 1420 1430 705 1021 1936 1412 30 1482 1526 
1907 1960 1572 2512 524 1659 1993 2383 2122 2348 2307 2164 2125 1652 2205 933 0 417 542 1291 2348 2320 1273 1287 2389 1064 256 1884 1313 1980 2560 1527 2582 1897 1234 1369 2122 1960 2093 1222 2801 2264 237 1943 1855 1916 1144 1472 2482 1916 952 1987 1995 
1656 1776 1347 2264 287 1472 1747 2135 1921 2100 2067 1924 1753 1427 2037 715 328 0 444 1060 2114 2046 1048 1059 2141 791 429 1661 1088 1748 2319 1299 2341 1640 1009 1150 1823 1716 1781 992 2610 2045 326 1694 1628 1684 928 1247 2183 1666 719 1736 1752 
1758 1911 1449 2371 630 1536 1845 2242 2001 2207 2118 2015 1872 1529 2135 818 598 435 0 1191 2191 2179 1150 1164 2248 894 699 1763 1190 1856 2427 1404 2449 1742 1111 1269 1943 1838 1914 1102 2698 2159 703 1796 1733 1786 1024 1349 2303 1768 829 1860 1886 
1278 1402 998 1809 1344 1113 1373 1679 1553 1720 1636 1524 644 1048 1736 888 1448 1224 1239 0 1693 1629 679 701 1718 445 1454 1312 716 1370 1986 940 1975 1266 672 466 1436 1331 1407 687 2250 1675 1493 1316 1296 1306 647 880 1785 1288 918 1358 1403 
494 819 1191 787 2328 1480 985 464 1092 473 264 232 2376 775 1282 1851 2361 2198 2187 1725 0 843 1147 1214 636 1545 2359 920 1169 927 533 1265 593 554 1121 1835 1050 2469 1021 1756 1569 149 2500 440 1620 876 1678 1079 1399 489 1881 929 1068 
1225 426 1064 231 2328 1079 477 467 1500 310 1015 976 2439 853 1683 1873 2388 2225 2214 1748 757 0 1177 1237 247 1568 2386 526 1161 1317 831 1288 771 878 1144 1835 650 2496 627 1779 864 653 2527 1140 1643 1253 1701 1026 676 1235 1903 1305 668 
852 804 504 1212 1310 725 749 1113 1108 1154 1221 1066 1376 589 1282 866 1405 1181 1196 681 1235 1035 0 343 1124 495 1411 712 269 922 1485 572 1400 753 182 794 824 1381 795 695 1638 1188 1450 907 878 864 655 422 1201 841 894 926 854 
910 912 532 1324 1492 969 853 1197 954 1238 1290 1157 1593 642 1024 1055 1600 1376 1391 832 1336 1147 499 0 1236 646 1606 816 335 991 1569 232 1484 857 375 952 928 1550 899 846 1714 1275 1645 986 718 926 806 450 1277 894 1061 956 970 
1146 503 1137 287 2391 1158 641 372 1614 140 899 867 2500 917 1797 1922 2457 2294 2283 1861 635 315 1240 1299 0 1630 2455 603 1255 1431 773 1350 713 954 1206 1904 781 2535 752 1841 1087 531 2596 1080 1705 1367 1763 1100 933 1128 1952 1419 745 
1175 1285 850 1712 1037 979 1279 1585 1450 1626 1532 1420 1266 928 1633 520 1163 919 866 511 1589 1535 567 589 1624 0 1153 1186 604 1267 1863 821 1875 1149 560 486 1342 1258 1313 531 2181 1558 1190 1212 1214 1203 491 768 1691 1185 548 1255 1277 
1907 1960 1572 2512 664 1659 1993 2383 2122 2348 2307 2164 2125 1652 2205 957 261 485 599 1291 2348 2320 1273 1287 2389 1064 0 1884 1313 1980 2560 1527 2582 1897 1234 1369 2122 1960 2093 1246 2801 2264 464 1943 1855 1916 1168 1472 2482 1916 963 1987 1995 
1047 431 511 809 1931 580 333 621 1362 657 1184 1040 2125 675 1510 1535 2058 1819 1830 1355 932 611 862 891 679 1175 2017 0 875 1144 1010 941 925 728 802 1433 427 2181 398 1386 1209 807 2123 1060 1289 1080 1308 476 764 1085 1563 1132 228 
832 879 536 1296 1497 979 824 1169 1038 1210 1202 1090 1593 569 1164 1094 1605 1381 1396 882 1259 1119 468 262 1208 696 1611 787 0 897 1541 303 1456 861 344 1004 899 1602 870 896 1686 1281 1650 881 723 844 856 454 1249 821 1122 891 950 
496 1003 973 1376 1842 1325 938 1243 433 1290 776 699 2125 661 488 1472 1966 1725 1740 1275 834 1199 852 868 1288 1095 1940 879 741 0 927 911 974 916 728 1353 1012 2003 983 1306 1798 1001 1991 565 1283 184 1228 856 1361 440 1500 77 1023 
810 1130 1577 974 2569 1797 1340 493 1000 662 484 617 2672 1211 1348 2106 2635 2472 2461 2033 520 1027 1540 1565 825 1843 2633 1237 1426 993 0 1595 83 954 1415 2099 1440 2738 1411 2043 1748 609 2772 825 1989 1012 2041 1465 1608 863 2134 1000 1385 
963 1003 596 1376 1638 1033 938 1249 992 1290 1333 1238 1653 703 927 1171 1746 1522 1537 960 1407 1199 563 276 1288 772 1752 880 399 1063 1621 0 1536 939 439 1060 1012 1716 983 974 1798 1323 1791 1030 618 981 928 514 1361 966 1199 986 1023 
850 1130 1614 918 2605 1797 1340 434 1051 603 524 657 2772 1247 1399 2133 2671 2508 2497 2093 560 966 1577 1602 766 1881 2669 1237 1463 1070 84 1632 0 990 1452 2159 1440 2860 1411 2087 1676 649 2821 865 2035 1069 2085 1502 1536 918 2161 1077 1385 
655 552 701 1053 1778 1101 588 888 1092 939 566 396 1872 383 1264 1405 1919 1662 1677 1220 547 878 665 758 958 1032 1878 551 678 922 982 799 980 0 669 1298 663 1960 634 1251 1446 564 1931 425 1172 855 1173 619 1009 562 1433 917 693 
847 886 510 1296 1156 679 831 1169 1100 1210 1222 1110 1266 584 1264 737 1254 1061 1080 545 1279 1119 196 233 1208 359 1260 794 264 922 1541 465 1456 835 0 658 923 1258 877 559 1709 1275 1330 896 809 859 519 428 1272 836 765 917 950 
1328 1468 1063 1898 1344 1166 1439 1745 1603 1786 1686 1574 1266 1118 1786 981 1448 1224 1239 490 1743 1695 731 753 1784 478 1454 1377 768 1420 1986 991 2008 1332 724 0 1502 1399 1473 739 2320 1741 1493 1366 1384 1356 699 963 1886 1338 991 1408 1468 
1064 504 821 743 2167 734 264 694 1362 730 1209 1054 2318 692 1533 1706 2230 2067 2083 1591 1000 611 979 1078 752 1411 2228 421 988 1167 1074 1113 989 745 987 1669 0 2319 377 1622 773 880 2369 1073 1468 1103 1544 786 337 1085 1734 1155 506 
1886 1957 1549 2471 1724 1636 1952 2342 2107 2307 2291 2164 1349 1629 2187 1382 1846 1608 1623 1199 2333 2279 1250 1264 2348 979 1840 1884 1290 1980 2560 1504 2553 1845 1211 1277 2081 0 2052 868 2801 2251 1874 1943 1835 1916 862 1449 2441 1916 1410 1987 1974 
1092 533 850 772 2185 763 293 723 1362 759 1232 1077 2318 721 1545 1731 2252 2089 2083 1616 1031 640 1005 1092 781 1436 2250 450 1034 1179 1121 1143 1036 774 1012 1694 29 2346 0 1647 802 922 2391 1113 1498 1115 1569 815 366 1097 1759 1167 535 
974 1040 646 1438 1293 774 987 1311 1238 1352 1344 1238 1364 720 1431 799 1390 1166 1186 667 1407 1261 363 385 1350 481 1396 942 400 1076 1683 617 1598 984 356 780 1050 1331 1021 0 1850 1363 1435 1030 997 1012 641 564 1399 1016 827 1064 1036 
1771 1179 1605 951 2869 1468 997 1368 2021 1159 1925 1757 3025 1393 2135 2398 3010 2830 2773 2357 1648 891 1726 1785 1130 2176 3043 1129 1718 1883 1740 1843 1655 1444 1692 2423 1048 3100 1139 2374 0 1567 3085 1779 2215 1799 2372 1590 581 1781 2426 1872 1254 
677 783 1224 668 2328 1461 938 376 1287 354 447 398 2439 880 1480 1873 2388 2225 2214 1748 183 724 1177 1237 517 1568 2386 883 1205 1131 594 1288 654 625 1144 1835 1026 2496 997 1779 1489 0 2527 576 1643 1067 1701 1112 1349 672 1903 1119 1023 
2049 2081 1679 2584 345 1766 2065 2455 2236 2420 2451 2298 2125 1759 2303 847 211 330 686 1398 2453 2392 1380 1394 2461 1153 439 1973 1420 2122 2677 1634 2666 1992 1341 1476 2194 2181 2165 1332 2935 2369 0 2092 1990 2046 1254 1579 2554 2001 847 2129 2093 
284 953 1102 1161 2049 1454 957 851 808 850 343 223 2157 619 856 1609 2153 1962 1970 1494 389 1209 1012 1049 985 1314 2151 890 899 574 787 1010 847 447 886 1572 1026 2231 997 1525 1817 513 2264 0 1430 521 1447 1002 1375 144 1637 568 1038 
1259 1323 893 1727 1823 1252 1294 1600 1534 1641 1617 1505 2125 1037 1301 1361 1966 1705 1720 1255 1674 1550 860 573 1639 1075 1940 1227 696 1351 1923 615 1888 1187 736 1333 1357 1996 1328 1286 2181 1596 1979 1297 0 1287 1208 811 1706 1269 1389 1339 1318 
429 946 893 1324 1791 1252 871 1197 424 1238 785 665 1897 616 472 1416 1921 1675 1690 1231 831 1147 807 823 1236 1045 1878 834 696 192 1058 864 1056 873 683 1309 960 1960 931 1262 1746 1001 1947 493 1251 0 1184 811 1309 368 1444 186 977 
1127 1226 812 1630 1055 965 1197 1503 1402 1544 1497 1410 1266 886 1585 715 1163 962 920 478 1579 1453 529 551 1542 272 1179 1121 566 1219 1824 783 1790 1146 522 591 1260 1060 1231 166 2086 1555 1231 1212 1171 1155 0 730 1609 1137 743 1207 1215 
808 680 123 1078 1520 558 625 958 1060 1034 1074 919 1598 545 1222 1171 1628 1404 1419 905 1095 918 446 449 994 719 1634 555 467 873 1321 490 1236 629 360 1012 700 1643 671 927 1427 1065 1673 857 908 820 879 0 1032 797 1186 867 557 
1288 730 1184 766 2391 1043 490 958 1563 942 1475 1320 2445 917 1746 1915 2457 2294 2283 1806 1228 703 1233 1292 926 1623 2455 647 1235 1380 1303 1343 1218 984 1199 1904 606 2535 603 1835 570 1147 2596 1296 1698 1316 1756 1141 0 1298 1945 1368 732 
171 1042 1022 1247 1931 1374 1000 915 674 939 417 297 2125 721 722 1521 2058 1783 1798 1333 463 1234 914 951 1068 1153 1980 944 802 440 850 968 912 561 789 1411 1063 2181 1034 1364 1850 587 2054 127 1328 387 1286 917 1412 0 1549 434 1092 
1427 1570 1121 2011 498 1289 1541 1863 1702 1938 1785 1673 1593 1198 1864 30 898 681 808 855 1893 1797 823 845 1889 520 1060 1435 860 1519 2129 1091 2135 1434 816 968 1604 1419 1575 773 2398 1836 841 1465 1424 1455 733 1021 2019 1437 0 1507 1526 
480 983 918 1366 1817 1270 895 1239 368 1280 769 692 2125 640 423 1451 1966 1699 1714 1249 827 1189 831 847 1278 1069 1902 858 720 68 913 888 974 897 707 1327 997 1996 968 1280 1783 1001 1967 544 1251 163 1202 835 1346 419 1479 0 1009 
1040 203 803 581 2049 881 276 393 1287 429 942 830 2157 627 1480 1609 2153 1962 1970 1494 683 383 884 1009 451 1314 2151 314 897 1105 757 1029 697 582 888 1572 441 2231 412 1525 1172 579 2264 934 1384 1041 1447 768 778 1022 1637 1093 0 
0 858 997 986 1746 1328 989 687 538 728 360 302 2125 744 658 1436 1833 1676 1664 1334 397 985 891 960 835 1137 1930 940 797 416 733 877 777 573 777 1407 1076 1960 1048 1418 1577 503 1923 251 1326 386 1344 911 1340 155 1464 431 1067 
775 0 492 534 1610 632 193 436 954 461 756 607 1872 365 1029 1324 1686 1540 1528 1202 566 378 643 779 460 1001 1773 139 647 783 750 727 691 470 627 1275 281 1838 246 1277 950 520 1783 681 1117 773 1203 477 598 761 1352 798 286 
910 629 0 1005 1374 365 604 912 1066 942 1087 949 1608 571 1157 1043 1450 1304 1292 972 1031 844 344 575 926 753 1537 383 521 922 1258 581 1198 694 435 1004 658 1561 623 927 1312 967 1547 895 922 909 847 165 930 936 1071 929 477 
1019 510 956 0 2109 1078 533 490 1411 255 843 805 2316 817 1475 1736 2147 2001 1997 1640 598 191 1101 1244 227 1443 2234 591 1094 1242 796 1183 737 867 1086 1713 637 2279 647 1724 736 566 2244 969 1560 1198 1650 947 595 973 1764 1245 738 
1628 1630 1299 2021 0 1461 1610 1953 1854 1954 1911 1816 1779 1376 1885 444 402 196 418 1143 1947 1850 1045 1098 1929 843 506 1576 1092 1651 2228 1289 2186 1615 1027 1216 1651 1643 1623 1104 2291 1968 331 1639 1547 1607 1030 1272 1905 1625 447 1654 1669 
1219 717 360 1098 1438 0 644 1010 1411 1015 1337 1199 1669 885 1475 1171 1514 1368 1356 1033 1145 927 554 785 1014 846 1601 562 781 1242 1356 895 1296 981 689 1096 656 1643 705 1019 1260 1095 1611 1223 1230 1198 945 479 873 1216 1199 1245 565 
820 217 577 519 1651 654 0 523 954 522 889 737 1897 410 1084 1364 1727 1581 1569 1239 658 331 688 824 460 1042 1817 224 692 828 837 772 778 515 672 1312 172 1960 137 1323 875 626 1836 762 1197 818 1249 562 489 806 1392 843 236 
714 680 1123 483 2290 1256 720 0 1125 235 542 504 2430 951 1223 1911 2279 2133 2124 1784 297 515 1230 1355 342 1587 2366 761 1256 971 456 1333 397 677 1230 1868 855 2417 833 1874 1144 265 2376 663 1671 1025 1794 1116 1000 683 1939 990 914 
529 1137 1042 1362 1791 1373 1117 1058 0 1110 731 673 2125 793 239 1481 1876 1721 1709 1379 768 1355 943 996 1236 1182 1955 1083 846 290 809 906 853 946 826 1452 1158 2023 1130 1463 1817 874 1969 625 1355 363 1389 964 1422 529 1509 234 1210 
760 445 879 248 1996 1039 485 236 1184 0 588 550 2213 752 1267 1669 2064 1915 1917 1573 343 280 1035 1169 107 1376 2151 526 1027 1015 542 1118 483 723 1019 1646 620 2200 598 1657 917 311 2158 709 1485 1056 1583 864 764 729 1697 1034 673 
334 719 1060 788 1990 1296 845 499 714 540 0 138 2213 643 834 1659 2064 1906 1898 1563 209 820 1004 1140 647 1366 2151 800 1027 592 446 1118 490 447 1009 1636 951 2200 923 1647 1430 315 2149 290 1456 639 1573 981 1215 310 1687 607 958 
314 581 924 758 1847 1157 707 469 695 510 156 0 2125 505 815 1526 1965 1772 1760 1430 179 721 857 1020 617 1233 2007 662 897 573 570 990 614 309 871 1503 804 2143 769 1514 1307 266 2016 195 1332 544 1440 831 1117 215 1554 588 809 
1905 1911 1563 2295 1721 1716 1872 2211 2096 2212 2175 2070 0 1640 2151 1439 1797 1651 1639 654 2212 2134 1309 1360 2204 1105 1901 1840 1356 1919 2450 1551 2444 1893 1291 1096 1933 1300 1904 1029 2578 2239 1894 1892 1797 1887 985 1536 2192 1899 1467 1939 1933 
715 410 538 871 1505 835 433 773 845 798 645 489 1707 0 975 1175 1581 1435 1423 1071 640 715 476 612 797 886 1668 418 516 723 1017 602 1057 305 490 1138 484 1684 449 1135 1195 677 1678 514 945 713 1061 450 801 610 1203 738 565 
649 1167 1153 1476 1932 1484 1147 1183 239 1224 851 793 2125 887 0 1575 1977 1821 1816 1479 888 1385 1044 1059 1350 1282 2073 1113 931 382 1033 854 1073 1040 925 1552 1188 2143 1160 1563 1850 1003 2068 728 1152 418 1489 1075 1452 636 1603 326 1240 
1345 1344 981 1738 488 1166 1324 1649 1537 1659 1625 1530 1471 1090 1601 0 817 608 680 810 1660 1562 725 800 1643 454 926 1290 808 1368 1933 996 1914 1329 728 881 1365 1314 1337 717 2017 1681 753 1356 1216 1324 641 982 1629 1342 30 1371 1379 
1838 1853 1505 2234 404 1658 1818 2150 2032 2151 2113 2019 2125 1582 2091 766 0 312 409 1320 2157 2073 1251 1302 2143 1006 234 1782 1298 1866 2405 1493 2383 1821 1233 1393 1889 1960 1860 1305 2534 2193 208 1842 1739 1819 1231 1478 2148 1821 769 1867 1876 
1642 1644 1313 2037 211 1461 1624 1953 1854 1954 1922 1827 1779 1390 1919 572 291 0 289 1143 1961 1864 1059 1110 1946 846 392 1590 1106 1665 2228 1301 2186 1629 1041 1216 1665 1643 1637 1104 2314 1983 295 1653 1547 1621 1030 1286 1928 1639 575 1668 1683 
1738 1740 1409 2160 418 1562 1720 2076 1931 2077 2015 1911 1872 1486 2002 779 409 317 0 1233 2053 1999 1155 1206 2069 934 510 1686 1202 1761 2307 1397 2309 1725 1137 1306 1761 1754 1733 1214 2406 2089 560 1749 1643 1717 1140 1382 2020 1735 782 1764 1779 
1253 1241 893 1635 1148 1113 1221 1546 1445 1556 1533 1438 633 987 1509 817 1196 1031 1032 0 1568 1459 638 697 1540 466 1283 1174 705 1276 1824 891 1825 1226 625 442 1262 1102 1234 679 1913 1578 1274 1264 1146 1232 603 857 1526 1250 845 1279 1256 
417 593 1047 610 1990 1171 719 321 797 362 245 207 2213 666 960 1659 2064 1906 1898 1563 0 642 1004 1140 469 1366 2151 674 1033 675 457 1118 501 447 1009 1636 816 2200 781 1647 1275 147 2149 366 1456 715 1573 981 1117 386 1687 690 821 
978 354 788 196 1932 967 342 425 1276 270 805 767 2125 661 1343 1575 1977 1821 1816 1479 560 0 942 1092 229 1282 2073 435 931 1107 739 1029 680 690 925 1552 472 2143 456 1563 700 528 2068 855 1425 1066 1489 773 559 951 1603 1113 568 
780 764 353 1213 1148 561 787 1135 954 1145 1039 944 1282 510 1047 780 1164 1022 1017 646 1031 1021 0 306 1123 484 1251 663 242 788 1351 500 1391 692 138 730 838 1243 803 654 1511 967 1265 770 722 778 578 353 1125 810 808 803 757 
800 843 525 1293 1269 853 866 1204 889 1214 1062 967 1471 530 960 931 1341 1195 1183 805 1099 1117 404 0 1198 643 1428 747 332 808 1351 208 1391 831 348 889 922 1423 882 813 1572 1106 1438 790 590 798 737 437 1186 830 959 823 841 
880 399 833 226 1968 997 449 356 1302 120 708 670 2167 706 1374 1620 2027 1892 1870 1524 463 244 984 1136 0 1327 2114 480 975 1133 662 1074 603 756 970 1597 584 2200 562 1608 878 431 2135 829 1456 1097 1534 818 737 849 1648 1144 627 
1118 1153 752 1547 802 936 1133 1458 1302 1468 1373 1278 1225 832 1374 432 827 701 671 529 1397 1371 497 556 1452 0 917 1026 564 1133 1678 750 1718 1036 484 466 1174 1080 1146 491 1829 1388 944 1104 1020 1097 415 716 1438 1115 460 1144 1108 
1940 1923 1590 2325 506 1743 1930 2241 2128 2242 2196 2085 2125 1667 2183 867 234 413 510 1405 2227 2164 1336 1387 2234 1086 0 1877 1383 1975 2475 1578 2474 1919 1318 1478 1991 1960 1962 1388 2636 2265 405 1907 1835 1919 1314 1563 2250 1899 870 1983 1960 
974 338 375 709 1645 515 304 611 1131 636 977 831 1872 555 1223 1347 1721 1575 1563 1228 746 553 672 779 635 1036 1813 0 712 971 930 776 866 660 657 1301 367 1960 332 1312 1074 714 1818 907 1117 975 1238 360 684 951 1375 990 186 
795 838 497 1293 1312 825 861 1204 954 1214 1055 960 1536 525 1047 970 1382 1236 1224 865 1093 1117 434 271 1198 703 1469 719 0 803 1351 268 1391 805 320 952 922 1478 877 873 1572 1074 1479 785 604 793 797 409 1186 825 998 818 813 
417 1011 924 1264 1691 1255 1035 996 290 1012 619 561 2125 677 369 1389 1767 1621 1609 1279 656 1273 824 878 1138 1082 1857 1001 730 0 846 810 890 834 710 1352 1076 1960 1048 1363 1726 762 1865 513 1240 164 1289 835 1340 417 1417 68 1128 
699 936 1351 805 2358 1514 1042 417 788 557 392 516 2493 992 1029 1934 2347 2201 2192 1863 413 837 1298 1423 664 1645 2434 1015 1296 802 0 1396 83 756 1288 1946 1148 2526 1120 1926 1464 486 2444 668 1739 867 1851 1266 1323 688 1962 817 1142 
835 878 623 1329 1374 965 906 1240 890 1250 1096 1001 1608 565 867 1043 1450 1304 1292 972 1130 1153 518 309 1234 757 1537 845 430 843 1401 0 1441 866 446 1004 951 1561 923 927 1601 1175 1547 825 505 833 851 535 1215 865 1071 858 938 
731 947 1388 746 2385 1514 980 358 820 498 424 548 2554 1031 1084 2005 2374 2228 2219 1924 445 778 1335 1460 605 1692 2461 1015 1347 834 83 1438 0 788 1335 1990 1111 2526 1083 1926 1405 518 2471 700 1776 899 1851 1303 1264 720 2033 849 1142 
566 448 674 774 1610 979 574 698 887 710 461 305 1872 330 1019 1324 1686 1540 1528 1202 408 588 612 748 704 1001 1773 529 652 765 799 745 843 0 626 1275 634 1838 599 1277 1167 413 1783 330 1086 751 1203 586 958 426 1352 780 676 
779 822 439 1264 1060 647 845 1175 954 1185 1039 944 1225 509 1029 710 1077 960 916 558 1075 1088 143 229 1169 396 1173 703 241 787 1351 423 1391 789 0 642 896 1243 861 566 1550 1074 1203 769 665 777 490 393 1164 809 738 802 797 
1319 1297 969 1691 1204 1113 1277 1602 1511 1612 1599 1504 1225 1043 1575 839 1250 1104 1097 462 1634 1515 697 756 1596 464 1337 1234 764 1342 1909 952 1850 1282 684 0 1318 1341 1290 738 1968 1634 1347 1330 1198 1298 662 917 1582 1316 867 1345 1316 
950 379 690 507 1765 649 219 652 1106 677 1004 866 2125 539 1207 1454 1858 1695 1683 1353 787 448 817 960 647 1156 1930 353 821 971 966 902 912 644 801 1426 0 1980 316 1437 703 755 1939 891 1326 952 1363 688 317 936 1482 990 433 
1769 1771 1440 2184 1578 1593 1751 2100 1963 2101 2056 1946 1257 1517 2031 1304 1654 1508 1496 1152 2088 2023 1186 1237 2093 970 1741 1717 1233 1792 2339 1428 2333 1756 1168 1270 1792 0 1764 857 2445 2120 1751 1780 1674 1748 816 1413 2059 1766 1332 1795 1814 
984 414 725 542 1791 684 254 687 1168 712 1040 902 2125 574 1251 1483 1876 1721 1709 1379 822 483 852 1008 682 1182 1955 388 856 999 1041 943 981 679 836 1452 35 2023 0 1463 738 790 1969 926 1326 991 1389 723 352 979 1511 1018 468 
929 983 576 1406 1148 730 993 1317 1085 1327 1190 1095 1282 656 1184 764 1164 1022 1017 646 1220 1230 321 380 1311 484 1251 850 388 942 1474 574 1514 956 308 730 1034 1243 1006 0 1684 1209 1265 916 811 937 578 540 1298 956 792 950 958 
1496 951 1312 736 2403 1277 776 1120 1688 913 1457 1393 2554 1101 1752 2005 2392 2246 2237 1924 1262 678 1370 1495 877 1709 2479 919 1360 1519 1466 1460 1406 1114 1352 1990 900 2526 873 1926 0 1212 2489 1420 1822 1475 1851 1305 446 1493 2033 1522 969 
538 535 975 559 1968 1109 661 306 954 311 366 295 2182 681 1047 1639 2050 1892 1898 1543 133 591 976 1140 418 1346 2137 616 1017 796 509 1118 553 426 989 1616 758 2200 723 1627 1216 0 2135 427 1456 814 1553 953 1066 485 1667 811 763 
1975 2000 1644 2377 318 1797 1990 2293 2188 2294 2244 2140 2125 1721 2243 711 211 289 562 1459 2282 2216 1390 1441 2286 1140 406 1929 1437 2031 2531 1632 2526 2014 1372 1532 2051 1996 2022 1442 2696 2328 0 1962 1885 1979 1368 1617 2310 1947 714 2042 2013 
253 702 969 918 1724 1276 828 628 642 669 308 195 2125 541 697 1420 1800 1654 1642 1312 338 842 860 934 776 1115 1901 783 766 484 729 846 773 359 746 1385 922 1960 890 1396 1414 415 1898 0 1266 421 1322 871 1186 96 1448 482 938 
1170 1180 819 1574 1578 1148 1160 1485 1362 1495 1444 1319 1872 894 1248 1211 1654 1508 1496 1202 1401 1398 732 505 1479 970 1741 1043 626 1193 1738 530 1771 1040 638 1275 1201 1797 1173 1257 1858 1392 1751 1175 0 1149 1183 731 1465 1167 1239 1196 1125 
405 953 857 1362 1632 1191 946 1040 363 1110 701 599 1872 611 418 1347 1708 1562 1550 1213 738 1188 758 812 1236 1023 1795 940 664 192 940 744 980 794 644 1286 989 1960 961 1312 1639 840 1814 460 1197 0 1238 769 1253 368 1375 190 1067 
1088 1141 741 1535 926 895 1121 1446 1276 1456 1373 1278 997 821 1349 625 958 825 795 473 1374 1359 486 545 1440 289 1042 1019 553 1107 1652 739 1692 1013 473 557 1162 1060 1134 165 1817 1365 1074 1104 985 1072 0 705 1426 1085 653 1119 1101 
775 597 129 978 1374 457 572 870 954 895 965 820 1536 503 1029 1043 1450 1304 1292 890 881 812 364 454 894 728 1537 351 428 783 1226 451 1166 575 332 1004 626 1522 591 898 1296 835 1547 765 787 773 822 0 924 805 1071 798 445 
1089 523 850 595 1932 852 363 796 1294 769 1144 1006 2157 683 1349 1598 1991 1845 1847 1502 949 537 968 1117 736 1305 2078 497 973 1118 1158 1049 1098 788 948 1575 487 2143 460 1586 446 899 2088 1041 1456 1072 1512 835 0 1081 1626 1119 577 
161 775 947 967 1700 1278 909 668 550 709 348 235 2125 614 605 1389 1776 1630 1618 1288 378 915 834 888 816 1091 1877 856 740 392 767 820 811 432 720 1361 989 1960 961 1372 1498 476 1878 96 1240 329 1298 845 1253 0 1417 390 997 
1370 1372 1008 1766 486 1222 1352 1677 1562 1687 1650 1555 1471 1118 1626 30 815 606 678 838 1685 1590 753 828 1671 482 926 1316 836 1393 1984 1025 1925 1357 756 935 1393 1341 1365 745 2044 1709 751 1381 1260 1349 669 1001 1657 1367 0 1396 1398 
420 987 918 1264 1680 1238 1004 996 234 1012 622 564 2125 663 313 1382 1756 1610 1598 1268 659 1249 810 864 1138 1071 1857 977 716 68 849 796 893 837 696 1341 1045 1960 1017 1352 1695 765 1856 516 1215 150 1278 821 1309 420 1410 0 1104 
895 152 612 523 1724 752 214 425 1046 450 794 645 2125 485 1147 1420 1800 1654 1642 1312 560 367 763 899 449 1115 1901 259 767 922 739 847 680 554 747 1385 362 1960 327 1396 950 528 1898 719 1240 893 1322 597 679 815 1448 929 0 
