15
10
5400
0
2234
2224
2425
2560
1991
2333
1951
2310
1829
2005
2090
2463
2174
2690
0 830 973 441 1031 373 791 955 958 838 427 814 1763 940 572 
684 0 661 653 1159 589 77 218 187 65 728 513 1413 609 397 
949 615 0 960 1096 889 576 570 685 623 1047 164 947 149 697 
423 1037 1299 0 1151 293 998 1161 1065 1015 95 1140 2106 1266 573 
1007 1158 1109 1165 0 1323 1119 1282 1226 1166 1151 944 1639 1076 1226 
373 831 1174 282 1325 0 792 957 872 823 357 1015 1959 1141 384 
607 159 656 576 1087 512 0 375 301 163 651 497 1388 623 320 
850 225 588 819 1325 755 243 0 260 251 894 556 1346 496 563 
849 184 736 818 1263 754 257 231 0 149 893 656 1488 648 494 
715 63 677 684 1172 620 108 244 149 0 759 518 1433 635 428 
409 1127 1322 95 1151 377 1088 1251 1168 1096 0 1163 2051 1289 657 
855 524 165 876 1031 812 485 478 608 532 953 0 941 132 620 
1787 1478 997 1808 1726 1743 1439 1400 1551 1486 1889 1042 0 900 1551 
983 607 106 1011 1135 945 590 500 685 633 1086 211 837 0 744 
516 486 835 485 1263 398 460 623 498 449 560 676 1597 802 0 
0 742 1166 441 1150 484 705 909 847 779 427 989 2157 1230 531 
703 0 684 682 1518 692 77 252 216 65 757 642 1552 611 439 
1147 657 0 1111 1358 1101 620 632 780 694 1218 164 1196 149 848 
428 723 1210 0 1241 310 686 890 828 760 95 1033 2157 1226 512 
1276 1896 1551 1408 0 1703 1859 1975 1901 1889 1352 1469 2100 1451 1656 
428 726 1210 283 1613 0 689 893 831 763 358 1033 2157 1229 384 
626 160 720 605 1436 615 0 412 318 180 680 634 1597 674 362 
884 225 569 863 1631 873 258 0 260 251 946 610 1483 496 620 
883 212 742 862 1665 872 257 246 0 149 946 725 1610 669 555 
734 63 710 713 1546 723 108 278 151 0 788 668 1597 637 470 
414 818 1305 95 1205 405 781 996 926 855 0 1128 2259 1327 607 
1089 586 170 1074 1283 1064 549 561 709 623 1181 0 1196 138 802 
2250 1783 1111 2248 2138 2207 1755 1638 1825 1812 2361 1236 0 1009 1984 
1177 649 87 1149 1358 1139 605 503 685 675 1256 192 1000 0 876 
593 520 1031 572 1647 517 531 699 503 489 647 859 1913 1052 0 
0 916 1244 522 1394 505 858 1114 1064 952 476 1079 2085 1247 697 
898 0 893 802 1446 725 150 283 245 84 906 720 1649 871 547 
1164 717 0 1121 1338 1005 669 698 811 757 1255 174 1129 165 818 
519 821 1170 0 1501 348 773 1002 1000 861 103 1005 2009 1173 612 
1407 1377 1342 1485 0 1660 1327 1576 1468 1403 1454 1158 1903 1345 1503 
557 877 1244 375 1778 0 829 1082 1031 937 478 1079 2085 1247 657 
748 188 743 652 1338 575 0 470 433 221 755 570 1538 794 397 
1079 267 821 1046 1643 923 348 0 279 293 1180 716 1609 757 745 
1048 281 946 992 1540 885 388 264 0 216 1133 784 1689 905 657 
891 73 886 795 1446 718 174 336 242 0 898 713 1664 933 540 
474 944 1285 118 1501 399 888 1138 1091 976 0 1120 2149 1288 727 
1079 635 184 1046 1210 915 587 596 709 675 1180 0 1078 235 736 
2020 1584 1111 1988 1906 1873 1534 1629 1675 1610 2099 1072 0 1021 1710 
1191 777 124 1178 1384 1062 729 758 871 817 1312 234 1017 0 878 
714 636 993 618 1535 541 588 809 741 676 721 810 1805 992 0 
0 833 1194 523 1359 480 794 1017 985 876 484 1015 2043 1181 620 
911 0 853 801 1393 722 161 368 310 89 881 708 1691 847 517 
1122 715 0 1065 1267 1006 676 768 793 758 1189 188 1113 162 792 
564 778 1143 0 1427 356 739 954 917 821 143 964 2003 1130 565 
1438 1388 1393 1450 0 1663 1337 1552 1450 1403 1416 1214 2003 1380 1453 
526 805 1158 357 1667 0 766 982 944 848 437 979 2030 1145 553 
769 171 723 654 1267 575 0 507 420 214 734 561 1603 700 370 
1083 311 779 968 1586 927 347 0 293 365 1092 678 1626 814 717 
1083 325 881 968 1554 917 393 308 0 265 1092 780 1718 939 663 
911 81 868 799 1393 720 174 384 272 0 879 706 1715 845 515 
542 990 1328 183 1395 539 938 1140 1090 1004 0 1149 2153 1315 748 
1021 622 180 968 1172 917 583 655 700 665 1092 0 1027 157 699 
2112 1709 1196 2045 1946 2052 1654 1680 1771 1724 2200 1178 0 1085 1774 
1222 783 126 1124 1359 1067 744 767 861 826 1248 256 997 0 860 
708 610 968 593 1471 514 571 810 663 653 673 791 1831 952 0 
0 791 1192 542 1366 438 760 949 954 830 495 1015 2064 1178 623 
768 0 759 756 1370 666 120 228 265 65 875 669 1638 807 490 
1063 663 0 1023 1255 945 632 608 737 702 1112 171 1170 160 764 
451 747 1141 0 1412 337 716 896 899 786 119 964 2060 1127 579 
1327 1343 1294 1437 0 1624 1317 1479 1430 1354 1401 1107 1904 1280 1466 
495 810 1192 341 1737 0 779 961 968 849 460 1015 2091 1178 537 
648 163 727 636 1255 546 0 391 366 199 755 549 1549 698 370 
999 297 778 986 1606 915 355 0 273 290 1065 690 1547 764 725 
977 274 878 952 1516 863 357 234 0 253 1055 790 1783 897 640 
803 70 819 791 1407 701 155 288 222 0 919 700 1696 849 525 
477 896 1288 149 1363 412 865 1043 1057 945 0 1111 2134 1274 728 
977 594 184 968 1192 871 563 524 668 633 1055 0 1108 155 695 
2021 1582 1075 1964 1931 1890 1552 1525 1669 1593 2050 1096 0 980 1705 
1115 714 108 1069 1349 1002 683 659 788 753 1158 222 1008 0 815 
577 582 993 565 1485 475 551 731 619 613 684 786 1808 974 0 
0 893 1219 556 1275 514 843 1019 1026 922 485 1041 2037 1202 687 
850 0 873 771 1386 715 155 292 297 97 894 729 1660 804 542 
1129 734 0 1047 1237 1027 684 651 791 743 1161 165 1075 156 814 
494 833 1193 0 1429 357 783 958 952 842 123 1015 2004 1176 627 
1350 1438 1371 1421 0 1748 1406 1581 1577 1492 1378 1172 1865 1334 1531 
492 898 1245 332 1722 0 848 1026 1031 929 455 1067 2037 1228 564 
695 184 752 616 1237 560 0 418 393 193 739 574 1559 771 387 
1040 309 721 929 1545 873 313 0 274 304 1043 648 1559 627 700 
1102 300 875 968 1545 917 372 248 0 218 1082 760 1686 781 592 
858 82 917 779 1388 723 176 343 214 0 906 737 1714 855 550 
462 936 1294 117 1372 455 900 1061 1087 989 0 1116 2101 1277 744 
1085 679 190 997 1166 975 627 577 740 689 1111 0 1018 209 763 
2097 1639 1097 2043 1956 1986 1607 1596 1759 1693 2174 1138 0 1003 1790 
1184 790 114 1099 1304 1087 740 706 847 799 1213 221 983 0 870 
617 634 993 538 1466 482 584 755 737 643 661 805 1777 974 0 
0 1197 1265 581 1480 570 1195 1369 1335 1222 519 1097 2203 1319 795 
895 0 831 776 1532 741 140 270 277 83 867 727 1715 869 516 
1147 734 0 1071 1397 992 696 628 816 768 1149 170 1237 187 801 
513 1283 1632 0 1480 351 1281 1455 1467 1308 108 1464 2444 1686 796 
1363 1533 1416 1401 0 1757 1531 1633 1649 1558 1368 1233 1984 1425 1626 
477 1098 1551 314 1770 0 1096 1270 1242 1123 405 1383 2444 1605 608 
755 187 768 636 1397 601 0 455 336 193 727 590 1621 762 376 
998 288 716 918 1652 877 276 0 285 306 989 612 1536 754 652 
1079 304 827 968 1655 923 355 250 0 241 1047 723 1686 865 617 
925 109 881 797 1555 762 199 320 215 0 888 751 1784 945 537 
469 1379 1601 146 1458 497 1377 1551 1575 1404 0 1433 2374 1655 939 
1079 642 184 1000 1253 945 604 525 713 676 1078 0 1143 178 728 
2147 1626 1147 2154 1999 2089 1577 1524 1692 1651 2267 1124 0 1031 1887 
1233 815 141 1162 1477 1085 777 709 897 849 1240 251 1127 0 882 
681 631 1031 562 1655 527 593 773 687 665 653 848 1977 1085 0 
0 1088 1256 516 1326 402 1098 1207 1273 1114 498 1075 2373 1248 756 
1067 0 778 968 1770 898 123 246 214 68 1047 739 1834 770 613 
1277 789 0 1458 1424 1394 782 717 895 806 1533 346 1212 177 1159 
489 1204 1598 0 1329 319 1214 1323 1313 1230 104 1417 2621 1590 763 
1301 1551 1440 1308 0 1602 1561 1670 1678 1559 1294 1259 2197 1432 1655 
563 976 1442 298 1714 0 986 1095 1129 1002 376 1261 2534 1434 558 
980 196 807 873 1667 806 0 441 375 212 953 674 1933 818 521 
1232 269 711 1147 1762 1083 296 0 265 277 1222 711 1535 661 817 
1156 275 853 1092 1812 1028 356 235 0 248 1167 816 1834 815 632 
1051 63 804 952 1770 881 144 267 179 0 1047 748 1834 796 596 
464 1281 1598 103 1283 393 1291 1400 1381 1307 0 1417 2604 1590 833 
1171 679 197 1390 1326 1326 672 638 785 696 1465 0 1131 239 1091 
2506 1854 1182 2692 2179 2565 1857 1643 1868 1874 2699 1277 0 1040 2230 
1370 759 149 1510 1478 1446 752 628 817 776 1585 441 1118 0 1211 
717 579 1048 623 1686 526 559 697 639 603 701 855 2127 1040 0 
0 854 1064 464 1059 396 815 982 996 862 450 895 1853 1032 572 
746 0 673 716 1196 652 77 218 187 65 791 553 1473 609 439 
968 632 0 1180 1119 1136 593 586 737 640 1255 164 1017 149 871 
423 1037 1336 0 1184 293 998 1161 1065 1045 95 1175 2132 1304 573 
1016 1260 1188 1304 0 1333 1221 1384 1339 1268 1290 1021 1694 1156 1334 
399 843 1192 282 1443 0 804 972 872 839 357 1031 1968 1160 384 
669 159 674 639 1119 575 0 375 301 163 714 533 1471 630 362 
922 225 573 891 1386 827 252 0 260 251 989 567 1390 496 614 
911 184 725 876 1319 812 257 231 0 149 953 679 1530 648 497 
777 63 690 747 1235 683 108 244 149 0 822 558 1504 635 464 
409 1127 1383 95 1151 377 1088 1251 1187 1127 0 1222 2199 1351 657 
891 540 164 1097 1041 1052 501 494 645 548 1172 0 1002 132 798 
1907 1513 996 1911 1735 1873 1474 1435 1618 1521 1986 1060 0 924 1623 
1007 607 91 1251 1151 1207 592 500 685 633 1326 196 934 0 907 
544 511 858 514 1294 441 474 637 498 465 589 700 1622 826 0 
0 702 988 441 1041 373 663 826 833 710 427 821 1724 956 502 
684 0 661 653 1163 589 77 218 187 65 728 513 1404 609 397 
949 615 0 960 1096 889 576 570 693 623 1047 164 1001 149 697 
426 690 1040 0 1187 293 651 814 821 698 95 878 1748 1008 490 
1007 1204 1176 1165 0 1323 1165 1328 1274 1212 1151 1012 1645 1144 1272 
373 682 1040 282 1353 0 643 806 813 690 357 870 1738 1008 403 
607 159 660 576 1087 512 0 375 301 163 651 502 1391 628 320 
850 225 569 819 1331 755 243 0 260 251 894 556 1337 496 563 
861 184 721 830 1286 766 257 231 0 149 906 656 1479 648 496 
715 63 676 684 1181 620 108 244 149 0 759 518 1424 635 428 
414 785 1137 95 1186 377 746 909 917 793 0 979 1851 1105 585 
855 524 164 876 1031 812 485 478 616 532 953 0 1001 132 620 
1757 1395 947 1788 1676 1724 1356 1362 1525 1403 1889 984 0 857 1532 
968 607 87 983 1128 923 590 500 685 633 1058 192 897 0 725 
516 486 858 485 1282 411 473 636 498 449 560 700 1567 826 0 
