25
5
10800
0
997
902
1080
1317
1270
1097
1397
1179
1442
1284
1303
1174
1324
1183
936
1172
1339
919
1268
1052
921
1496
912
1194
0 945 533 497 327 1756 893 866 633 753 374 1097 222 339 1172 651 1372 648 1163 1865 329 916 1034 749 574 
898 0 1234 1198 1055 1565 403 913 661 1454 1061 917 766 672 986 772 1220 1353 987 1669 936 1050 847 1166 1275 
560 1292 0 255 528 2114 1213 1011 979 512 803 1459 663 787 1527 881 1712 740 1525 2220 770 1050 1389 487 219 
815 1480 255 0 783 2358 1416 969 1155 411 1066 1662 924 1055 1730 914 1956 998 1728 2423 1026 837 1592 401 200 
217 945 474 445 0 1733 867 754 623 701 398 1091 370 494 1149 539 1372 563 1157 1837 429 800 1012 689 522 
1658 1582 1977 1990 1802 0 1276 1720 1160 2246 1837 1021 1526 1432 656 1494 1378 2081 1087 578 1652 1766 922 1880 2067 
866 437 1198 1162 999 1255 0 851 387 1418 1040 639 734 640 702 698 946 1302 699 1347 884 987 569 1083 1239 
830 893 1042 981 919 1733 826 0 827 1036 1091 1091 913 818 1149 356 1372 1225 1157 1837 1043 436 1012 543 1088 
634 717 953 915 766 1163 411 838 0 1172 731 558 501 340 621 623 858 1074 618 1259 535 884 488 910 993 
1095 1637 532 388 1062 2368 1522 990 1316 0 1337 1768 1198 1322 1837 1025 2039 1277 1837 2478 1305 611 1698 566 417 
325 1106 770 748 325 1922 1053 1068 731 1029 0 1253 326 481 1321 842 1506 486 1319 2019 285 1121 1183 994 825 
1115 1064 1431 1395 1259 1072 735 1161 618 1651 1278 0 983 888 528 956 758 1550 262 1161 1117 1207 409 1355 1472 
225 811 656 620 506 1660 759 969 496 876 336 971 0 200 1076 710 1263 791 1024 1764 208 987 891 872 697 
336 718 803 767 663 1509 666 832 338 1029 485 849 203 0 916 617 1203 972 910 1613 324 878 779 870 844 
1041 975 1354 1318 1182 669 662 1109 545 1574 1207 421 913 815 0 873 771 1473 481 779 1042 1147 323 1268 1395 
614 748 885 849 701 1509 645 362 611 1076 871 847 696 602 916 0 1203 1012 910 1613 824 475 777 573 945 
998 916 1300 1264 1112 1022 606 1037 489 1520 1149 412 853 759 456 817 0 1403 472 1085 995 1121 207 1217 1341 
688 1402 738 894 471 2200 1310 1210 1079 1158 505 1556 819 943 1624 990 1825 0 1622 2310 790 1256 1486 1147 958 
1041 975 1354 1318 1182 1022 657 1087 540 1574 1199 267 905 810 450 868 680 1473 0 1081 1038 1147 331 1256 1395 
1787 1711 2107 2071 1936 581 1396 1869 1267 2327 1953 1091 1655 1561 717 1623 1441 2206 1157 0 1759 1950 976 2018 2148 
315 989 746 710 492 1733 920 1084 545 969 283 1056 216 335 1149 864 1372 738 1122 1837 0 1147 1012 995 787 
899 1044 1042 837 986 1787 938 404 896 629 1158 1145 981 887 1203 425 1398 1281 1211 1897 1113 0 1065 545 952 
998 925 1311 1275 1136 865 618 1048 501 1531 1168 424 865 771 347 829 600 1427 484 978 1002 1121 0 1232 1352 
788 1190 487 401 875 2018 1121 543 859 584 1045 1347 891 933 1415 571 1600 1169 1413 2108 1000 554 1277 0 556 
779 1516 219 200 747 2358 1433 1080 1191 397 1028 1679 882 1008 1747 1115 1956 961 1745 2438 991 999 1609 553 0 
0 1206 660 635 450 1922 1130 1074 911 888 467 1309 306 509 1340 758 1514 846 1337 2107 443 1077 1241 1027 668 
1094 0 1493 1428 1293 1696 539 1086 849 1809 1283 1096 913 975 1141 937 1301 1686 1124 1913 1223 1268 1015 1489 1511 
690 1580 0 375 800 2254 1437 1329 1198 670 1028 1683 856 1123 1714 1029 1903 1048 1711 2476 1004 1358 1615 716 298 
572 1471 345 0 797 2157 1321 1199 1063 499 899 1567 738 1009 1598 923 1772 1140 1595 2379 875 1109 1499 567 248 
331 1170 611 586 0 1850 1071 1001 808 839 552 1263 497 717 1294 642 1468 713 1291 2061 612 950 1195 891 619 
2059 1998 2382 2323 2157 0 1622 2060 1457 2636 2301 1346 1885 1820 879 1768 1648 2553 1374 925 2214 2134 1272 2360 2370 
1018 546 1387 1322 1192 1426 0 1052 522 1695 1160 785 815 829 854 845 1005 1585 779 1652 1100 1176 669 1399 1405 
1072 1170 1393 1309 1203 1972 1093 0 1060 1354 1417 1350 1175 1215 1381 479 1555 1596 1378 2157 1405 574 1282 778 1411 
761 859 1114 1049 919 1400 576 1074 0 1422 976 727 597 470 796 759 903 1280 721 1626 876 1077 611 1097 1132 
899 1790 625 454 1093 2536 1641 1273 1383 0 1256 1935 1015 1307 1979 1216 2122 1488 1938 2765 1245 761 1843 686 439 
433 1391 1009 1004 428 2088 1271 1343 1010 1323 0 1510 405 645 1541 1043 1715 697 1538 2322 345 1372 1442 1339 1033 
1305 1237 1642 1577 1442 1316 844 1357 775 1955 1519 0 1134 1151 693 1057 833 1852 332 1531 1378 1386 521 1601 1660 
275 910 801 776 664 1674 894 1096 676 1071 432 1083 0 279 1119 782 1301 983 1111 1896 348 1077 1015 1141 809 
468 859 982 959 856 1659 844 1061 437 1295 588 1035 254 0 1104 732 1233 1138 1071 1879 504 1077 922 1158 1005 
1198 1097 1539 1474 1339 887 729 1273 660 1858 1371 527 989 1051 0 957 800 1732 521 1120 1257 1302 417 1506 1557 
726 896 1067 1004 894 1659 829 460 743 1354 1050 1026 811 825 1104 0 1233 1247 1047 1879 1042 585 914 776 1087 
1066 984 1462 1397 1262 1170 617 1150 548 1770 1249 480 878 892 516 858 0 1655 474 1385 1165 1176 260 1411 1480 
871 1724 1102 1115 545 2417 1575 1445 1317 1488 578 1832 952 1215 1891 1145 2044 0 1875 2639 953 1474 1776 1477 1198 
1186 1079 1526 1461 1326 1193 714 1239 645 1844 1361 398 974 1051 563 956 703 1719 0 1405 1230 1268 391 1506 1544 
2059 1998 2382 2323 2157 783 1622 2060 1457 2636 2301 1346 1885 1820 872 1768 1648 2553 1374 0 2214 2134 1272 2360 2370 
421 1309 949 927 603 2011 1212 1329 829 1279 369 1422 347 468 1453 1029 1627 911 1450 2255 0 1358 1354 1277 985 
1072 1316 1278 982 1233 1972 1172 507 1086 716 1417 1367 1175 1215 1398 644 1572 1626 1395 2168 1405 0 1299 722 1142 
1186 1079 1526 1461 1326 1170 713 1239 644 1844 1352 576 974 1051 510 956 706 1719 570 1370 1230 1268 0 1506 1544 
993 1471 734 585 1117 2181 1351 760 1063 681 1338 1597 1096 1245 1628 725 1803 1510 1625 2403 1326 733 1529 0 797 
740 1627 290 244 958 2322 1478 1357 1220 486 1065 1746 908 1170 1777 1057 1956 1292 1774 2544 1061 1191 1678 782 0 
0 1195 629 538 449 1972 1104 969 815 871 390 1302 264 528 1396 717 1513 806 1347 2150 341 1008 1214 967 622 
1146 0 1517 1452 1269 1750 516 1063 816 1694 1304 1132 925 868 1200 959 1371 1621 1177 1946 1145 1255 1035 1440 1522 
664 1513 0 341 736 2273 1407 1230 1149 662 1023 1626 798 1093 1720 1000 1848 988 1671 2491 904 1305 1538 735 285 
552 1405 306 0 775 2153 1278 1123 1028 509 914 1497 686 973 1591 914 1708 1123 1542 2343 791 1013 1409 520 246 
318 1142 588 497 0 1850 1011 856 738 830 477 1195 454 718 1289 623 1406 675 1240 2051 519 918 1107 886 581 
1828 1757 2173 2105 1948 0 1416 1869 1249 2363 2020 1156 1618 1588 756 1591 1469 2299 1201 742 1852 1912 1041 2071 2183 
1066 563 1418 1353 1177 1325 0 1016 464 1595 1216 729 843 790 746 847 946 1529 777 1508 1056 1163 649 1332 1423 
911 992 1294 1192 1058 1850 963 0 930 1350 1241 1186 983 941 1283 374 1397 1395 1231 2051 1147 578 1101 686 1299 
737 869 1096 1039 919 1281 541 969 0 1281 895 692 581 467 709 691 900 1233 740 1481 772 1008 612 1121 1109 
880 1732 627 454 1074 2538 1630 1154 1361 0 1202 1860 1006 1281 2007 1167 2106 1448 1892 2764 1108 706 1761 650 452 
424 1346 981 859 436 2123 1253 1264 1001 1164 0 1472 421 633 1566 1037 1683 624 1517 2309 307 1339 1384 1269 982 
1314 1275 1685 1620 1437 1197 922 1329 755 1854 1497 0 1111 1109 642 1102 868 1789 371 1410 1339 1404 543 1585 1690 
271 893 785 694 661 1658 847 990 612 1041 391 1035 0 264 1108 752 1246 985 1085 1842 268 1071 953 1135 778 
493 928 1076 990 919 1704 869 996 458 1260 569 1060 262 0 1154 774 1285 1168 1105 1903 420 1071 991 1214 1088 
1146 1113 1517 1452 1269 741 757 1180 593 1694 1324 483 957 903 0 937 789 1621 531 942 1165 1255 421 1437 1522 
649 825 1014 898 816 1496 739 416 666 1210 992 932 727 674 959 0 1140 1136 992 1674 888 561 850 747 1027 
1066 1028 1418 1353 1177 1022 654 1053 490 1595 1223 443 852 799 450 838 0 1529 491 1195 1064 1163 209 1322 1423 
844 1655 890 1081 542 2396 1533 1363 1284 1323 575 1752 979 1212 1884 1136 1976 0 1797 2614 882 1438 1664 1435 1151 
1146 1088 1517 1452 1269 1022 732 1123 568 1694 1304 332 933 877 455 923 681 1621 0 1200 1145 1198 356 1410 1522 
1933 1853 2286 2218 2080 727 1519 1930 1352 2476 2088 1266 1721 1691 867 1694 1572 2433 1311 0 1948 2017 1147 2163 2296 
400 1235 933 838 621 1850 1135 1230 737 1147 287 1186 315 478 1270 1000 1397 857 1231 2024 0 1305 1088 1269 982 
1029 1219 1359 1054 1148 1972 1119 541 1033 779 1351 1302 1089 1087 1396 551 1513 1500 1347 2150 1257 0 1214 693 1242 
1090 1059 1461 1396 1213 950 680 1079 516 1638 1245 469 878 825 384 864 608 1565 517 1139 1091 1163 0 1351 1466 
911 1405 708 513 1058 2176 1284 676 1028 661 1241 1517 1034 1148 1611 698 1728 1395 1562 2385 1147 656 1429 0 758 
755 1603 289 300 967 2386 1486 1344 1232 491 1106 1705 889 1166 1799 1117 1962 1294 1750 2604 995 1078 1617 820 0 
0 1214 610 552 394 1972 1171 1025 885 824 426 1382 320 542 1424 766 1598 777 1433 2200 392 1091 1321 1019 635 
1058 0 1490 1433 1360 1719 485 1070 849 1684 1180 1096 874 801 1173 929 1323 1697 1147 1889 1060 1218 1035 1415 1489 
776 1676 0 281 819 2509 1614 1416 1381 590 1095 1887 926 1146 1981 1155 2105 992 1943 2713 1024 1356 1814 703 264 
1184 1861 423 0 1267 2636 1820 1275 1587 554 1512 2104 1345 1571 2108 1278 2288 1383 2160 2880 1448 1051 2028 560 365 
319 1169 579 521 0 1922 1122 986 798 793 532 1306 486 708 1348 679 1522 678 1357 2069 552 968 1245 913 604 
2066 1936 2599 2606 2432 0 1615 2138 1471 2793 2231 1338 1843 1826 909 1880 1651 2802 1389 900 2071 2218 1309 2428 2593 
1069 565 1497 1440 1367 1420 0 1033 533 1691 1185 775 881 808 896 914 1009 1704 817 1597 1065 1210 723 1398 1496 
985 1137 1349 1266 1216 1922 1094 0 1020 1354 1313 1283 1071 1059 1325 461 1499 1551 1334 2045 1249 537 1222 736 1348 
822 880 1162 1131 1035 1335 569 1033 0 1382 937 692 625 474 813 795 926 1377 734 1512 771 1091 640 1152 1187 
1321 1936 662 471 1527 2636 1838 1207 1734 0 1649 2104 1482 1708 2108 1184 2307 1608 2160 2880 1585 727 2028 654 553 
451 1270 973 891 400 2064 1235 1316 993 1170 0 1477 356 578 1519 1055 1693 634 1528 2279 312 1360 1416 1347 978 
1366 1270 1816 1763 1690 1279 943 1402 798 2051 1476 0 1154 1149 735 1141 864 2014 362 1454 1356 1446 554 1631 1845 
315 978 829 771 680 1719 921 1091 660 1029 383 1096 0 268 1173 817 1323 936 1147 1889 258 1110 1035 1234 854 
542 944 1095 1042 880 1680 900 1062 493 1293 583 1080 310 0 1134 798 1296 1170 1131 1860 428 1091 1035 1234 1098 
1195 1124 1675 1618 1545 709 785 1260 654 1869 1305 489 983 940 0 981 803 1875 531 908 1185 1304 444 1470 1674 
761 937 1095 1029 997 1652 842 445 800 1280 1065 1022 831 758 1106 0 1249 1303 1068 1832 1000 552 978 779 1085 
1069 1003 1497 1440 1367 1143 680 1139 549 1691 1189 442 883 810 618 891 0 1704 484 1332 1069 1183 233 1381 1496 
847 1693 931 1063 528 2509 1631 1451 1398 1314 585 1893 938 1164 1981 1190 2105 0 1959 2713 897 1495 1832 1477 1119 
1195 1124 1675 1618 1545 1118 786 1260 655 1869 1305 365 983 940 592 981 721 1875 0 1294 1185 1304 411 1470 1674 
2066 1936 2599 2606 2432 666 1615 2138 1471 2793 2231 1338 1843 1826 873 1880 1651 2802 1389 0 2071 2218 1309 2428 2593 
382 1145 862 804 581 1850 1122 1260 814 1087 288 1248 237 424 1290 990 1464 838 1299 2006 0 1304 1187 1264 887 
1091 1270 1303 1002 1318 1972 1189 564 1098 774 1419 1382 1173 1168 1424 556 1598 1655 1433 2200 1355 0 1321 747 1226 
1143 1077 1608 1551 1478 1102 739 1227 608 1809 1254 501 943 869 583 947 649 1818 543 1294 1134 1271 0 1455 1607 
1028 1447 661 505 1251 2226 1396 757 1147 689 1356 1650 1189 1224 1692 775 1906 1588 1701 2469 1292 730 1589 0 744 
1040 1986 277 209 1124 2750 1935 1508 1684 445 1368 2199 1201 1427 2212 1453 2402 1275 2255 2957 1304 1127 2132 769 0 
0 998 618 578 327 1738 920 969 641 817 374 1161 222 339 1213 683 1413 743 1304 1853 329 1059 1156 850 638 
935 0 1406 1421 1240 1592 403 1048 662 1652 1100 981 796 719 1067 802 1224 1558 1116 1702 964 1109 956 1250 1493 
572 1323 0 281 528 2061 1242 1080 993 512 803 1476 675 799 1528 898 1728 740 1619 2166 782 1109 1457 536 219 
852 1563 280 0 808 2358 1497 1020 1239 411 1097 1731 966 1087 1783 1063 2019 1020 1887 2468 1065 854 1712 450 223 
218 1019 517 520 0 1732 895 811 663 759 398 1150 385 509 1207 568 1402 648 1293 1848 429 990 1156 792 580 
1877 1765 2221 2237 2079 0 1457 1909 1340 2454 2038 1200 1743 1640 831 1685 1561 2397 1343 578 1850 1959 1191 2117 2275 
890 437 1360 1375 1191 1303 0 969 387 1606 1053 694 758 681 769 717 946 1509 753 1413 879 1059 673 1152 1447 
1022 945 1140 1025 1119 1732 895 0 861 1141 1269 1150 974 895 1207 394 1402 1437 1293 1848 1141 534 1156 625 1210 
633 737 1114 1150 951 1207 432 887 0 1381 730 613 500 339 688 644 859 1233 672 1320 534 1059 592 994 1222 
1097 1725 532 388 1073 2489 1652 1037 1401 0 1365 1890 1200 1352 2015 1143 2174 1277 1965 2599 1307 628 1872 566 417 
325 1156 777 835 333 1864 1073 1109 737 1087 0 1285 329 481 1337 883 1537 536 1428 1973 285 1187 1266 1097 895 
1167 1082 1522 1537 1353 1102 770 1210 642 1768 1332 0 1035 940 578 998 785 1671 282 1229 1136 1296 459 1432 1609 
231 859 746 706 512 1607 778 990 502 946 336 1022 0 200 1082 746 1291 823 1165 1717 208 1059 1013 983 766 
336 800 895 855 663 1506 719 969 344 1094 485 917 203 0 986 687 1207 982 973 1616 324 1059 892 1025 945 
1092 1019 1472 1487 1303 675 696 1161 568 1718 1258 446 958 865 0 923 793 1621 505 805 1065 1247 463 1373 1559 
772 786 1064 1025 862 1506 649 372 615 1141 1026 899 726 649 986 0 1207 1235 965 1616 893 594 878 631 1207 
998 910 1419 1434 1250 1022 596 1068 468 1665 1156 411 857 765 476 816 0 1568 470 1128 961 1161 213 1250 1506 
673 1427 745 951 455 2158 1328 1244 1102 1197 533 1562 822 951 1614 1037 1825 0 1705 2268 793 1330 1543 1219 970 
1088 998 1472 1487 1303 1022 690 1161 562 1718 1247 353 953 859 498 914 705 1621 0 1148 1065 1247 379 1373 1559 
1898 1783 2240 2256 2090 581 1475 1928 1358 2473 2059 1226 1761 1658 855 1703 1579 2408 1369 0 1875 1984 1209 2137 2294 
324 1064 839 799 498 1697 941 1123 551 1060 283 1150 216 335 1172 914 1376 770 1293 1808 0 1209 1124 1048 859 
1142 1193 1134 850 1250 1864 1053 499 1012 665 1410 1285 1162 1086 1337 544 1537 1568 1428 1973 1329 0 1266 625 998 
1011 916 1442 1457 1273 898 606 1068 478 1688 1167 421 867 775 381 826 599 1591 480 1028 975 1161 0 1263 1529 
816 1292 496 410 919 2002 1190 590 931 636 1087 1424 924 1041 1476 645 1676 1249 1567 2112 1027 639 1405 0 565 
791 1534 219 226 747 2260 1451 1166 1210 397 1028 1685 894 1021 1737 1137 1991 961 1832 2370 1006 1044 1666 602 0 
