23
5
10800
0
997
902
1080
1317
1270
1097
1397
1179
1442
1284
1303
1174
1324
1183
936
1172
1339
919
1268
1052
921
1496
0 1162 311 547 803 655 696 1404 412 1032 1411 1472 437 531 253 971 1307 764 774 1443 706 1538 577 
1069 0 806 945 1361 1382 832 588 715 957 414 515 1084 1147 864 650 512 535 1332 773 765 801 941 
307 840 0 535 826 743 516 1200 202 809 1134 1195 557 619 85 723 1030 553 797 1142 526 1241 582 
521 1020 524 0 467 635 329 1336 412 890 1283 1344 341 416 487 814 1179 631 493 1334 531 1417 133 
940 1454 926 472 0 1124 758 1709 884 1278 1716 1777 768 843 889 1204 1612 1021 341 1719 889 1899 537 
641 1484 730 588 899 0 794 1739 836 1342 1746 1818 387 363 672 1262 1642 1060 869 1749 986 1899 613 
591 900 581 271 690 692 0 1217 406 771 1189 1250 409 473 557 695 1085 512 661 1205 359 1311 277 
1323 446 1056 1202 1604 1650 1094 0 975 1206 653 754 1352 1415 1114 896 808 781 1592 1019 1013 1040 1178 
412 794 202 412 816 850 314 1098 0 665 1067 1128 567 631 267 611 963 409 787 1104 324 1200 399 
1055 1008 843 923 1345 1358 813 1310 705 0 1276 1337 1060 1123 914 624 1172 602 1316 1314 731 1403 924 
1402 414 1152 1278 1694 1726 1170 683 1054 1279 0 169 1428 1491 1210 984 251 867 1668 1091 1103 1122 1268 
1517 528 1256 1399 1817 1870 1291 767 1169 1390 182 0 1549 1612 1314 1098 330 985 1789 1180 1218 1208 1384 
446 1121 523 251 562 484 457 1369 502 1010 1370 1431 0 239 478 918 1266 715 483 1406 608 1494 276 
498 1231 587 373 684 433 579 1486 624 1117 1493 1554 172 0 529 1042 1389 837 510 1528 730 1620 398 
249 900 83 513 769 685 560 1217 266 874 1189 1250 499 561 0 783 1085 618 740 1198 570 1311 543 
910 669 697 804 1206 1257 718 988 559 615 932 994 943 1022 762 0 824 249 1214 972 651 1061 774 
1303 555 1047 1202 1604 1650 1094 896 955 1206 230 291 1352 1415 1105 890 0 775 1592 979 1013 999 1178 
781 596 571 651 1052 1103 550 900 433 563 855 918 789 853 636 249 751 0 1043 887 483 999 621 
793 1460 796 504 341 934 779 1715 775 1342 1722 1783 486 512 759 1238 1618 1036 0 1725 930 1899 598 
1385 706 1124 1278 1678 1726 1170 1058 1037 1278 991 1052 1428 1491 1182 963 883 856 1668 0 1095 429 1252 
705 819 524 444 840 865 305 1139 322 728 1080 1141 582 646 570 636 976 434 834 1128 0 1208 414 
1485 734 1214 1368 1778 1820 1260 1058 1137 1383 1047 1108 1518 1581 1272 1056 963 948 1758 429 1187 0 1352 
574 978 570 130 528 675 331 1284 452 847 1265 1326 392 456 540 771 1161 588 615 1283 509 1364 0 
0 1468 474 712 1072 799 963 1700 551 1289 1727 1786 557 606 384 1217 1647 991 1004 1871 1002 1921 780 
1367 0 1054 1118 1593 1626 980 681 833 1062 508 618 1291 1347 1120 750 659 615 1581 931 995 1015 1112 
399 1117 0 689 1010 934 699 1342 265 918 1355 1414 754 744 128 889 1275 666 991 1479 741 1504 693 
629 1220 694 0 660 793 404 1401 596 1026 1433 1492 461 516 631 940 1353 727 665 1576 697 1601 196 
1050 1696 1045 633 0 1178 963 1924 978 1552 2012 2082 862 926 1004 1420 1863 1209 462 2115 1181 2135 675 
668 1783 884 754 1144 0 1091 2007 948 1621 2077 2147 484 415 807 1489 1896 1296 1100 2201 1266 2221 822 
736 1057 752 380 861 900 0 1267 447 848 1318 1377 568 623 738 781 1238 578 851 1409 493 1434 351 
1579 479 1238 1278 1753 1786 1133 0 1049 1256 754 864 1451 1507 1301 916 830 779 1741 1138 1162 1153 1257 
485 954 306 526 953 1002 453 1166 0 741 1245 1304 702 757 341 712 1165 489 949 1320 476 1379 491 
1357 1153 1044 1145 1620 1653 1016 1401 827 0 1414 1473 1318 1374 1112 751 1334 713 1608 1541 1036 1566 1112 
1747 487 1383 1407 1886 1939 1262 807 1217 1382 0 228 1580 1636 1458 1089 289 911 1875 1244 1287 1269 1410 
1853 610 1496 1517 2020 2060 1372 980 1307 1529 228 0 1690 1746 1549 1241 373 1105 2007 1354 1397 1379 1506 
540 1325 727 336 719 617 589 1557 652 1189 1584 1643 0 280 664 1094 1504 883 690 1706 840 1731 404 
536 1496 752 491 874 556 744 1728 801 1370 1755 1846 221 0 675 1235 1675 1016 666 1896 1001 1921 559 
285 1220 92 637 953 834 756 1407 320 1026 1433 1492 650 641 0 1035 1353 758 953 1576 779 1601 705 
1227 841 941 991 1463 1520 867 1037 702 699 1116 1175 1185 1241 995 0 1036 301 1451 1194 899 1219 924 
1853 888 1462 1492 1985 2030 1347 1228 1282 1508 532 604 1665 1721 1549 1219 0 1073 1955 1283 1372 1308 1481 
910 748 729 753 1234 1277 636 980 501 601 1020 1079 942 1023 764 286 853 0 1222 1095 668 1147 688 
1042 1693 1036 635 449 1166 963 1924 968 1531 2012 2082 732 787 995 1420 1863 1206 0 2115 1178 2135 741 
1853 887 1455 1492 1985 2030 1347 1166 1282 1508 1188 1247 1665 1721 1549 1184 1108 1073 1955 0 1372 502 1481 
1031 1057 762 603 1089 1112 456 1267 475 897 1318 1377 791 846 797 816 1238 593 1109 1409 0 1434 538 
1882 971 1537 1558 2070 2083 1413 1228 1348 1605 1245 1304 1731 1787 1596 1301 1165 1149 2031 531 1438 0 1547 
731 1117 796 191 739 895 419 1342 524 930 1391 1450 563 618 733 858 1311 655 836 1483 712 1508 0 
0 1236 455 682 976 719 886 1489 519 1226 1537 1741 550 577 335 1146 1495 918 960 1671 939 1723 680 
1121 0 932 1002 1472 1442 860 626 752 1013 473 600 1156 1278 1011 730 573 576 1478 845 821 873 965 
395 983 0 741 1049 865 671 1238 304 958 1290 1494 724 723 144 903 1230 668 1032 1412 717 1459 739 
613 1149 720 0 649 761 385 1370 543 1013 1418 1622 426 484 602 938 1361 691 634 1507 651 1595 193 
900 1541 999 588 0 1084 917 1794 949 1446 1860 1988 769 849 889 1343 1800 1124 438 1947 1078 2029 662 
687 1690 891 805 1111 0 1047 1960 979 1578 2064 2184 509 511 771 1474 1949 1273 1129 2075 1207 2164 786 
663 952 682 323 798 811 0 1217 426 825 1268 1472 476 534 652 753 1230 539 783 1373 419 1459 304 
1372 454 1220 1242 1684 1673 1092 0 975 1226 717 838 1387 1509 1267 967 825 804 1709 1129 1044 1113 1174 
458 850 269 532 991 934 384 1094 0 709 1157 1305 685 743 319 658 1012 423 1005 1207 430 1325 476 
1129 1065 947 1038 1480 1468 924 1311 764 0 1359 1563 1182 1304 1029 730 1322 651 1504 1445 878 1537 970 
1534 466 1323 1387 1839 1809 1222 768 1137 1368 0 185 1517 1639 1429 1087 294 948 1835 1258 1191 1282 1341 
1636 603 1430 1530 1953 2001 1365 833 1239 1480 202 0 1660 1782 1531 1210 368 1056 1974 1378 1334 1403 1463 
516 1236 721 388 719 613 622 1489 707 1156 1537 1741 0 281 601 1090 1495 818 646 1647 778 1723 369 
556 1450 760 575 919 543 809 1703 837 1361 1751 1896 279 0 640 1231 1709 1006 645 1844 986 1943 556 
342 1065 120 688 986 812 696 1311 329 1013 1359 1563 671 670 0 973 1322 705 961 1480 742 1533 686 
1053 742 852 945 1391 1363 783 995 675 786 1105 1209 1077 1199 909 0 895 264 1397 1064 744 1168 881 
1640 836 1446 1534 1961 2001 1369 1242 1243 1488 519 572 1664 1786 1535 1218 0 1064 1974 1379 1338 1403 1467 
860 647 668 744 1224 1190 599 895 491 609 948 1067 897 1001 721 278 800 0 1212 1006 560 1080 697 
940 1583 1051 624 468 1136 951 1866 997 1483 1910 2038 654 681 977 1388 1863 1166 0 1994 1130 2084 698 
1566 860 1348 1460 1905 1910 1295 1200 1169 1436 1237 1360 1590 1712 1461 1144 1067 997 1899 0 1264 465 1393 
869 930 682 560 1049 1028 384 1200 423 829 1237 1425 713 771 730 738 1132 503 1029 1322 0 1403 504 
1648 874 1454 1542 1973 2001 1377 1200 1251 1533 1237 1380 1672 1794 1543 1263 1087 1109 1982 472 1346 0 1475 
651 1065 758 185 736 799 398 1311 526 930 1359 1563 464 522 640 853 1322 639 771 1456 605 1537 0 
0 1287 402 645 989 703 841 1543 431 1155 1578 1645 511 641 290 1102 1438 864 917 1695 888 1808 697 
1182 0 969 1121 1634 1661 970 638 823 1061 476 633 1420 1518 1033 790 689 621 1667 870 968 985 1042 
350 1066 0 700 1093 816 723 1344 312 957 1364 1431 687 754 126 973 1224 703 966 1485 770 1605 752 
630 1201 725 0 617 835 434 1441 577 1034 1470 1537 483 588 641 1033 1330 756 659 1593 699 1713 177 
1311 1759 1371 669 0 1518 1003 2003 1132 1587 2058 2138 1085 1064 1288 1510 1928 1287 380 2106 1259 2278 818 
691 1810 886 802 1183 0 1067 2047 891 1635 2092 2193 506 459 784 1558 1983 1335 1105 2151 1302 2348 828 
726 990 696 398 873 926 0 1270 520 832 1333 1403 579 684 735 828 1196 580 821 1411 460 1531 337 
1471 561 1290 1409 1881 1933 1240 0 1112 1355 806 928 1682 1780 1327 1055 1033 905 1925 1178 1260 1298 1330 
435 930 296 603 1111 917 434 1232 0 755 1283 1376 721 852 315 751 1177 503 1022 1340 481 1470 537 
1388 1379 1207 1285 1798 1850 1177 1635 1029 0 1670 1737 1558 1656 1244 924 1530 876 1817 1715 1195 1986 1206 
1590 626 1409 1533 1983 2087 1374 783 1231 1468 0 260 1809 1954 1446 1167 283 1000 2085 1244 1394 1364 1454 
1672 768 1491 1615 2072 2145 1456 832 1313 1543 217 0 1868 2038 1528 1233 355 1059 2175 1350 1476 1470 1536 
543 1387 738 383 730 638 640 1643 692 1218 1678 1745 0 333 636 1157 1538 928 657 1750 855 1986 409 
664 1608 859 578 931 603 835 1866 864 1434 1910 1982 282 0 757 1359 1759 1136 628 1951 1085 2141 604 
265 1134 118 647 989 747 734 1404 324 1034 1426 1493 597 685 0 1033 1286 751 927 1547 781 1667 699 
1097 813 923 1014 1531 1566 873 1067 747 772 1137 1204 1208 1306 961 0 997 301 1455 1167 867 1319 942 
1446 599 1265 1354 1829 1933 1202 1032 1087 1309 281 402 1627 1725 1302 1026 0 859 1868 1119 1222 1174 1275 
882 720 707 808 1332 1336 659 966 531 616 1094 1161 1004 1076 746 302 963 0 1251 1087 653 1192 725 
1022 1852 1063 668 426 1288 1067 2108 1059 1677 2136 2257 733 721 980 1600 2057 1377 0 2193 1312 2360 817 
1614 845 1433 1557 2002 2087 1398 1170 1255 1504 1193 1260 1831 1990 1470 1167 1053 1020 2115 0 1418 492 1478 
882 1007 748 637 1155 1157 401 1270 467 894 1336 1403 819 927 762 843 1196 595 1064 1422 0 1542 554 
1672 894 1491 1615 2072 2145 1456 1232 1313 1551 1283 1376 1868 2038 1528 1241 1177 1067 2175 480 1476 0 1536 
711 1098 783 189 729 917 382 1344 607 922 1403 1470 564 669 722 918 1263 667 806 1513 640 1648 0 
0 1222 311 566 874 655 750 1495 421 1083 1493 1557 443 531 253 1012 1371 802 855 1507 729 1635 637 
1069 0 778 1011 1371 1515 830 605 717 957 421 522 1221 1280 836 627 531 512 1458 759 795 787 965 
307 895 0 586 894 743 581 1216 236 892 1207 1271 563 619 85 742 1085 616 875 1225 560 1330 657 
548 1096 548 0 468 757 370 1385 446 1010 1370 1434 368 447 514 868 1248 674 580 1423 622 1500 160 
960 1491 966 472 0 1216 824 1764 934 1351 1762 1828 772 843 914 1278 1640 1087 341 1795 1013 1913 544 
644 1527 733 629 1029 0 876 1800 842 1416 1798 1869 430 375 675 1321 1676 1123 881 1831 1079 1940 689 
740 945 598 370 770 970 0 1216 406 802 1274 1338 578 646 605 695 1152 512 872 1275 430 1383 363 
1343 448 1041 1255 1687 1702 1094 0 1016 1205 662 763 1399 1458 1099 877 815 762 1636 1019 1048 1040 1245 
412 846 219 443 848 859 345 1119 0 708 1149 1213 573 686 267 635 1027 432 867 1198 324 1260 441 
1103 1085 908 1029 1426 1540 887 1385 753 0 1347 1411 1237 1296 972 642 1225 621 1474 1382 831 1496 983 
1445 424 1166 1354 1786 1805 1193 697 1108 1299 0 169 1498 1557 1224 986 279 870 1735 1133 1130 1161 1344 
1572 539 1270 1484 1920 1905 1323 798 1238 1410 183 0 1628 1687 1328 1100 357 985 1869 1198 1260 1229 1474 
447 1171 537 269 623 555 516 1444 531 1066 1442 1506 0 239 479 963 1320 757 510 1500 717 1584 329 
506 1289 595 398 752 493 645 1562 660 1205 1560 1624 199 0 537 1088 1438 886 510 1599 846 1702 458 
249 955 83 529 837 685 600 1233 266 930 1274 1338 505 561 0 802 1152 647 818 1275 579 1383 600 
960 715 711 924 1282 1404 745 988 608 629 1006 1070 1163 1222 769 0 876 264 1390 1020 710 1091 860 
1371 586 1083 1284 1716 1731 1123 966 1034 1234 250 322 1428 1487 1141 916 0 800 1665 1019 1079 1013 1274 
807 642 614 727 1112 1280 588 966 459 565 932 1006 985 1050 662 249 803 0 1240 955 553 1021 681 
805 1464 808 505 341 1023 822 1737 797 1363 1735 1799 486 512 771 1262 1613 1060 0 1768 1026 1899 635 
1468 712 1166 1388 1823 1835 1227 1058 1183 1342 1056 1120 1532 1591 1224 995 896 911 1769 0 1164 429 1378 
773 930 614 536 897 1168 370 1216 395 830 1207 1271 798 866 638 719 1085 516 1051 1275 0 1342 490 
1520 740 1228 1430 1869 1877 1269 1061 1183 1381 1056 1120 1574 1633 1286 1060 963 949 1817 429 1206 0 1420 
618 1085 614 130 548 823 406 1385 512 930 1347 1411 445 513 584 818 1225 635 700 1406 634 1496 0 
