21
15
3600
0
1163
1029
1260
1105
1222
1146
1414
1304
1182
988
971
1016
1269
1491
1195
1279
1215
1151
1139
1015
0 1285 1085 940 972 582 718 1432 738 1285 1137 764 1105 601 435 1465 953 1013 808 1112 1472 
1259 0 1082 766 547 827 723 1146 677 1038 1173 1701 1065 757 1608 743 1954 908 1931 1114 1218 
1119 1080 0 518 785 690 594 623 614 440 106 1564 37 620 1468 738 1800 337 1788 36 473 
927 773 564 0 420 487 394 703 371 544 655 1376 560 424 1283 734 1612 243 1600 591 716 
1055 597 799 481 0 555 383 927 360 766 890 1437 782 502 1344 759 1673 643 1661 831 948 
616 848 620 487 517 0 151 977 171 817 711 1012 640 115 945 1030 1238 546 1246 647 994 
703 723 639 395 374 181 0 893 46 734 730 1139 659 266 1023 939 1346 532 1334 666 906 
1474 1158 651 692 888 1039 934 0 922 499 742 1959 634 972 1845 439 2218 638 2185 683 827 
725 677 661 367 346 203 54 865 0 706 752 1139 681 288 1035 915 1370 504 1358 688 878 
1152 848 346 379 575 720 620 449 597 0 412 1600 309 650 1501 571 1848 369 1829 382 451 
1152 1193 113 615 882 753 691 720 711 470 0 1600 123 717 1501 835 1848 434 1829 90 543 
749 1692 1485 1338 1364 1010 1146 1827 1166 1679 1551 0 1505 1001 519 1877 529 1411 595 1512 1878 
1134 1072 37 529 782 705 609 603 629 403 123 1600 0 635 1483 718 1848 348 1829 73 477 
563 797 605 459 485 114 236 951 256 783 696 949 625 0 858 1012 1143 531 1179 632 978 
450 1541 1373 1187 1213 831 982 1675 1002 1528 1421 518 1393 849 0 1719 543 1299 435 1400 1715 
1474 752 828 676 757 1033 968 439 945 828 926 1959 811 972 1845 0 2218 751 2185 860 1063 
863 1823 1616 1469 1495 1111 1247 1968 1267 1817 1683 529 1636 1132 543 2012 0 1542 182 1643 1977 
1055 911 338 237 576 595 506 641 502 506 429 1527 335 532 1404 748 1763 0 1751 365 678 
807 1870 1653 1506 1532 1148 1284 2002 1304 1849 1720 611 1673 1169 432 2039 182 1579 0 1680 2031 
1189 1167 60 562 829 734 638 667 658 438 70 1623 73 664 1530 782 1860 381 1847 0 511 
1526 1215 466 741 939 1099 1004 818 981 384 544 2039 482 1024 1893 934 2248 731 2234 498 0 
0 1487 1112 967 1046 583 719 1666 739 1445 1129 794 1129 604 455 1566 960 1038 808 1134 1559 
1536 0 1278 982 568 990 789 1167 740 1375 1368 1995 1295 942 1907 743 2395 1141 2328 1300 1570 
1233 1261 0 518 821 721 620 651 640 440 106 1700 37 630 1593 754 1972 337 2020 36 473 
993 935 572 0 478 501 433 807 446 638 663 1384 576 443 1372 754 1628 251 1678 599 808 
1153 707 889 554 0 608 399 1159 377 949 985 1564 912 551 1513 855 1810 706 1859 929 1131 
652 874 635 502 517 0 151 1142 171 949 726 1094 655 115 999 1091 1327 561 1345 662 1123 
756 749 659 486 374 209 0 1159 46 949 750 1211 679 294 1147 1113 1455 585 1500 686 1129 
1657 1257 684 715 894 1114 1030 0 1085 499 771 2133 648 1044 2057 439 2517 643 2453 718 828 
790 703 693 458 346 243 60 1142 0 949 784 1250 713 328 1172 1090 1494 578 1540 720 1123 
1349 995 346 429 608 802 734 449 729 0 412 1788 309 744 1709 590 2195 383 2113 382 452 
1259 1357 113 615 931 754 717 748 737 470 0 1723 123 727 1619 851 2004 434 2045 90 543 
745 2000 1541 1457 1504 1011 1166 2082 1221 1920 1631 0 1558 1036 519 2099 529 1468 595 1563 2029 
1241 1233 37 529 801 736 635 631 655 403 123 1700 0 645 1601 734 1972 348 2024 73 477 
589 966 609 474 560 115 236 1116 256 890 700 1040 629 0 914 1053 1257 535 1226 636 1080 
435 1798 1390 1299 1354 859 1038 1925 1093 1760 1480 549 1407 881 0 1936 543 1317 435 1412 1863 
1616 764 744 681 801 1072 999 439 1054 734 831 2093 708 1002 2013 0 2477 703 2413 778 951 
859 2123 1655 1571 1618 1123 1278 2201 1333 2034 1745 529 1672 1150 543 2246 0 1582 182 1677 2133 
1153 1068 338 237 677 605 537 669 557 529 429 1564 339 547 1513 748 1810 0 1859 365 699 
807 2123 1673 1589 1636 1141 1296 2216 1351 2052 1763 619 1690 1168 432 2246 182 1600 0 1695 2168 
1296 1284 60 562 865 765 664 695 684 438 70 1723 73 674 1656 798 2004 381 2045 0 511 
1684 1430 466 843 1017 1180 1079 846 1134 434 544 2193 482 1103 2091 1019 2577 797 2513 498 0 
0 1698 1527 1243 1330 722 864 1846 884 1650 1593 967 1525 765 561 1948 1212 1339 1024 1600 1806 
1739 0 1529 1022 701 1210 991 1629 904 1430 1649 2233 1499 1111 2155 1089 2508 1316 2587 1605 1581 
1307 1333 0 752 1018 765 626 840 646 505 114 1859 37 694 1717 1019 2117 380 2196 36 489 
1203 1184 746 0 714 601 462 1055 482 858 856 1699 755 530 1557 1052 2050 341 2083 778 993 
1375 857 1258 588 0 781 525 1325 521 1127 1378 1910 1228 748 1761 1031 2150 925 2229 1334 1278 
799 1018 828 627 651 0 158 1323 178 1127 942 1375 837 153 1241 1345 1732 723 1662 860 1272 
896 860 876 675 503 256 0 1383 46 1178 1036 1507 885 371 1361 1400 1848 771 1778 972 1329 
2037 1600 918 1041 1113 1501 1378 0 1361 639 1011 2543 892 1399 2469 603 2893 854 2923 993 1004 
955 814 929 706 473 306 82 1421 0 1220 1071 1507 956 421 1365 1400 1848 821 1786 1002 1371 
1640 1184 437 628 715 1114 1004 578 976 0 540 2136 474 1012 2049 702 2411 508 2490 469 512 
1431 1432 115 857 1131 870 731 957 751 548 0 1917 142 799 1814 1091 2212 485 2291 98 571 
921 2074 1922 1629 1678 1107 1289 2223 1329 2034 1958 0 1932 1127 613 2295 810 1725 806 1971 2222 
1341 1342 53 756 1033 790 651 818 671 557 155 1878 0 719 1736 948 2130 384 2209 87 541 
750 1099 848 647 762 153 282 1347 302 1142 952 1302 857 0 1178 1366 1659 743 1599 880 1293 
582 1967 1802 1548 1597 1028 1210 2147 1250 1976 1868 646 1821 1046 0 2223 673 1644 506 1852 2146 
2075 1161 1312 1097 1067 1539 1398 609 1370 1212 1432 2565 1282 1437 2491 0 2909 1114 2934 1388 1421 
1042 2154 2029 1730 1779 1208 1390 2330 1430 2153 2075 664 2043 1228 696 2384 0 1823 268 2078 2329 
1307 1305 436 375 832 755 616 917 636 741 546 1834 445 684 1694 1054 2117 0 2196 468 877 
1024 2242 2090 1841 1857 1299 1481 2421 1521 2244 2132 766 2104 1319 479 2483 199 1911 0 2139 2420 
1375 1397 60 802 1069 815 676 890 696 523 78 1910 87 744 1761 1043 2150 430 2229 0 532 
1833 1634 497 1159 1227 1309 1183 1051 1223 489 600 2359 534 1207 2285 1196 2634 877 2713 529 0 
0 1545 1346 1156 1210 682 822 1736 914 1497 1443 945 1392 701 516 1835 1228 1258 1067 1394 1752 
1567 0 1335 1069 861 1081 1026 1547 951 1308 1462 2004 1347 990 1945 1113 2315 1228 2302 1392 1563 
1339 1363 0 767 967 885 759 870 845 542 176 1783 114 782 1731 1002 2074 527 2080 95 584 
1106 1043 726 0 554 589 463 967 549 731 848 1560 687 486 1508 1004 1833 350 1887 775 923 
1184 807 929 553 0 705 495 1129 468 917 1023 1597 872 602 1545 994 1878 777 1915 979 1132 
777 1014 696 614 674 0 158 1198 244 975 845 1255 749 134 1139 1267 1528 610 1567 764 1243 
860 895 732 650 521 239 0 1231 86 1025 881 1312 785 320 1211 1310 1585 646 1624 800 1269 
1709 1416 826 885 1012 1216 1135 0 1155 720 934 2153 787 1132 2073 610 2454 775 2429 875 1107 
913 820 779 671 463 286 77 1296 0 1049 926 1343 832 367 1297 1301 1616 693 1655 847 1317 
1321 1069 493 518 628 872 762 627 814 0 594 1758 455 769 1706 733 2062 443 2053 543 570 
1479 1458 160 897 1057 1025 889 998 930 585 0 1885 174 917 1848 1071 2203 641 2183 113 686 
896 1955 1766 1567 1608 1112 1269 2151 1289 1905 1827 0 1832 1134 651 2247 795 1678 839 1843 2102 
1293 1299 39 724 870 845 719 802 805 563 166 1730 0 742 1678 919 2013 467 2036 88 623 
725 989 721 639 649 129 273 1219 359 975 870 1217 774 0 1086 1288 1490 635 1529 789 1243 
527 1811 1627 1428 1469 974 1131 1969 1151 1759 1691 676 1673 995 0 2119 733 1539 568 1675 1987 
1800 1114 968 947 1000 1307 1190 638 1210 1008 1078 2248 950 1223 2187 0 2549 919 2524 1025 1251 
1044 2130 1922 1716 1757 1261 1418 2292 1438 2052 2033 733 1931 1283 698 2436 0 1831 243 1975 2239 
1245 1172 452 353 737 768 642 852 728 656 601 1656 466 665 1604 973 1921 0 1990 520 836 
958 2185 1975 1758 1799 1303 1460 2313 1480 2080 2156 803 1984 1325 501 2462 220 1891 0 2028 2267 
1393 1397 92 829 1009 958 821 950 914 534 97 1834 106 844 1785 1033 2203 573 2137 0 635 
1908 1551 578 1016 1161 1390 1277 1115 1297 518 679 2322 584 1306 2254 1295 2623 971 2598 646 0 
0 1573 1269 1137 1121 683 830 1691 850 1513 1382 852 1286 698 526 1823 1218 1153 1029 1290 1632 
1628 0 1296 986 694 1093 934 1503 873 1325 1398 1917 1300 974 1845 1136 2242 1183 2226 1325 1444 
1431 1378 0 722 893 866 723 804 743 595 174 1743 59 761 1673 970 2040 460 2108 52 551 
1091 1002 709 0 520 589 446 864 466 698 858 1525 725 484 1455 977 1823 328 1898 761 842 
1250 729 844 519 0 655 437 1033 414 833 984 1598 860 582 1528 941 1877 708 1978 896 982 
760 1024 731 545 541 0 159 1144 179 1001 899 1181 782 156 1128 1268 1472 636 1571 777 1081 
816 956 764 578 383 218 0 1180 46 1001 931 1228 815 313 1184 1229 1525 669 1624 810 1115 
1747 1457 792 797 984 1212 1080 0 1121 681 932 2087 808 1093 1942 559 2341 774 2333 844 1012 
883 858 831 568 362 285 67 1144 0 1001 975 1298 882 380 1253 1209 1595 736 1694 877 1081 
1413 1068 482 444 601 857 714 563 734 0 604 1743 492 752 1673 692 2040 442 2108 534 523 
1566 1588 242 1016 1116 1117 982 1045 1023 715 0 1849 288 998 1771 1168 2151 692 2184 214 706 
873 1994 1697 1558 1507 1096 1234 2060 1275 1902 1812 0 1714 1110 640 2212 823 1571 838 1718 2065 
1431 1340 53 684 841 865 722 752 742 613 201 1743 0 760 1673 881 2040 459 2108 105 588 
712 1029 760 574 644 134 268 1152 288 1001 928 1133 811 0 1083 1249 1427 665 1526 806 1089 
574 1843 1582 1443 1392 967 1105 1954 1146 1817 1695 610 1599 995 0 2118 720 1456 558 1603 1956 
1835 1148 1141 887 946 1308 1176 645 1217 1155 1243 2140 1145 1189 2065 0 2420 948 2412 1170 1277 
1046 2098 1854 1719 1668 1257 1395 2222 1436 2046 1981 682 1872 1271 739 2348 0 1732 288 1887 2207 
1343 1227 455 284 758 747 604 829 624 663 614 1640 481 642 1570 986 1934 0 2008 501 807 
1105 2169 1940 1824 1774 1363 1501 2348 1542 2164 2074 771 1965 1377 562 2455 270 1854 0 1970 2325 
1478 1457 68 780 984 943 781 862 801 611 122 1790 117 819 1720 1039 2151 518 2143 0 583 
1975 1649 589 1083 1174 1409 1277 1162 1318 567 687 2285 621 1290 2253 1365 2565 1001 2557 637 0 
0 1535 1282 1098 1098 689 822 1693 842 1509 1399 841 1286 709 532 1800 1113 1183 1028 1344 1646 
1555 0 1304 941 691 1073 984 1464 952 1280 1410 1970 1260 969 1919 1080 2278 1190 2209 1355 1417 
1292 1329 0 680 863 765 647 797 667 544 125 1638 37 694 1615 929 1948 435 1944 36 539 
1130 960 708 0 460 552 434 862 454 670 826 1428 699 481 1405 944 1724 342 1727 737 864 
1180 744 932 485 0 595 410 1078 387 890 1043 1540 914 549 1517 1012 1853 760 1865 988 1067 
804 1006 754 566 547 0 152 1159 172 953 872 1128 775 164 1076 1294 1422 650 1434 783 1121 
879 880 772 540 395 194 0 1159 46 986 890 1194 793 301 1173 1261 1490 668 1493 801 1151 
1748 1422 829 830 995 1235 1110 0 1144 669 942 2126 820 1162 2032 593 2446 779 2439 858 1044 
913 834 794 540 395 216 54 1186 0 1015 906 1223 815 323 1195 1261 1519 690 1522 823 1156 
1407 1078 501 484 629 863 745 601 765 0 622 1732 508 792 1709 728 2036 467 2028 533 570 
1405 1472 181 841 1054 946 808 954 828 621 0 1721 164 855 1698 1150 2027 596 2015 148 688 
829 1940 1672 1521 1497 1105 1244 2110 1278 1901 1789 0 1676 1125 629 2193 799 1573 730 1734 2051 
1292 1323 46 677 851 762 644 785 664 524 165 1638 0 691 1615 917 1948 432 1944 82 566 
724 960 739 519 573 125 257 1137 277 953 857 1011 760 0 967 1277 1308 635 1334 768 1121 
542 1815 1552 1401 1377 1024 1163 1947 1197 1763 1669 670 1556 1005 0 2082 730 1453 557 1614 1942 
1772 1045 959 862 882 1259 1134 608 1168 989 1076 2136 933 1186 2063 0 2456 908 2449 1021 1156 
975 2052 1805 1654 1630 1238 1377 2238 1411 2025 1911 691 1810 1258 712 2323 0 1706 231 1841 2200 
1206 1213 430 342 750 653 535 773 555 640 548 1540 437 582 1517 900 1853 0 1865 459 834 
958 2077 1829 1683 1659 1267 1406 2261 1440 2063 1925 788 1834 1287 562 2346 252 1735 0 1855 2236 
1368 1389 70 740 931 825 707 857 727 561 89 1688 75 754 1665 1017 2002 495 1988 0 604 
1813 1550 502 965 1107 1298 1173 1043 1207 441 623 2178 539 1225 2097 1205 2498 908 2491 534 0 
0 1538 1291 1140 1122 725 874 1702 900 1473 1381 864 1289 746 550 1777 1143 1167 975 1324 1636 
1422 0 1228 968 692 982 826 1440 748 1211 1317 1885 1211 882 1825 1033 2251 1102 2214 1262 1374 
1309 1312 0 734 931 845 733 817 759 554 106 1756 64 757 1697 951 2161 496 2074 36 511 
1123 935 664 0 510 585 473 845 499 685 758 1433 657 497 1374 919 1737 333 1748 700 828 
1123 741 806 544 0 561 466 1012 399 827 900 1410 799 473 1351 1088 1714 690 1725 842 967 
810 961 684 578 570 0 174 1151 200 955 776 1084 728 157 1069 1264 1371 641 1382 706 1102 
898 778 684 569 396 197 0 1094 52 917 776 1160 728 302 1130 1199 1458 641 1469 706 1046 
1654 1396 784 892 1005 1198 1097 0 1049 710 878 2107 777 1086 2065 646 2426 805 2425 820 1017 
946 726 746 561 388 259 94 1083 0 899 838 1218 790 364 1177 1191 1522 703 1533 768 1046 
1274 1011 426 525 626 809 737 575 739 0 504 1728 449 721 1669 749 2059 487 2063 458 517 
1291 1396 180 853 1008 958 852 894 878 620 0 1706 145 876 1647 1042 2029 614 2041 120 587 
898 1946 1691 1542 1513 1123 1291 2082 1323 1896 1781 0 1689 1148 617 2185 659 1567 755 1724 2053 
1291 1271 69 710 862 826 714 758 740 553 128 1736 0 738 1677 934 2059 469 2069 105 541 
767 935 650 544 522 131 269 1094 295 917 742 1050 694 0 1014 1199 1333 607 1355 672 1046 
489 1709 1467 1318 1289 898 1082 1849 1114 1645 1557 629 1465 922 0 1951 704 1343 525 1500 1815 
1731 1016 875 922 1002 1275 1163 577 1134 955 967 2193 868 1163 2165 0 2512 896 2511 915 1102 
1111 2108 1854 1713 1684 1294 1462 2269 1494 2078 1945 683 1865 1319 668 2364 0 1738 217 1877 2240 
1221 1181 445 365 753 696 584 810 610 684 539 1623 439 608 1564 951 1967 0 1948 478 827 
916 2108 1854 1713 1684 1294 1462 2269 1494 2078 1945 769 1865 1319 461 2364 235 1738 0 1877 2240 
1357 1363 106 809 991 922 813 857 839 592 70 1765 99 837 1706 1007 2161 568 2074 0 559 
1759 1527 494 968 1116 1303 1186 1075 1138 484 573 2265 537 1191 2228 1191 2584 983 2583 526 0 
0 1478 1269 1093 1068 618 771 1630 806 1445 1334 881 1263 649 543 1737 1176 1117 1062 1309 1598 
1592 0 1311 969 688 1060 968 1474 928 1289 1401 1915 1288 948 1918 1080 2274 1202 2244 1351 1442 
1363 1334 0 602 891 820 721 799 756 523 106 1675 67 728 1678 970 2074 422 2024 36 534 
1107 1080 703 0 570 585 486 880 521 722 794 1507 687 493 1510 996 1915 373 1866 737 858 
1204 744 873 508 0 664 436 1087 420 892 967 1522 857 572 1525 1080 1928 757 1880 915 1060 
691 1013 770 565 570 0 168 1177 203 983 862 1110 759 118 1166 1227 1516 663 1486 792 1115 
800 875 827 594 402 244 0 1151 74 962 926 1225 816 337 1256 1227 1631 720 1581 849 1089 
1862 1478 822 885 1054 1292 1157 0 1202 735 918 2212 806 1203 2145 599 2541 853 2520 856 1081 
831 812 858 567 375 275 61 1115 0 962 953 1251 847 368 1270 1205 1657 748 1607 880 1081 
1374 1064 442 470 605 828 729 546 764 0 533 1683 426 736 1686 711 2142 473 2024 476 501 
1479 1441 113 704 995 938 823 896 858 593 0 1795 164 830 1798 1081 2194 524 2140 90 604 
892 2006 1759 1599 1595 1126 1295 2166 1340 1966 1783 0 1753 1144 651 2256 683 1607 793 1799 2130 
1363 1303 41 598 861 816 717 769 752 527 123 1675 0 724 1678 934 2074 418 2024 75 538 
620 997 778 573 570 133 271 1177 306 972 870 1046 767 0 1078 1227 1456 671 1385 800 1115 
536 1838 1611 1451 1447 964 1133 2006 1178 1832 1670 664 1605 996 0 2117 741 1459 539 1651 1971 
1892 1096 893 894 984 1299 1164 594 1209 972 996 2276 877 1216 2209 0 2605 936 2584 945 1144 
1084 2173 1908 1770 1766 1297 1466 2333 1511 2163 1959 640 1935 1315 762 2425 0 1778 277 1937 2301 
1233 1217 440 358 771 694 595 861 630 703 531 1580 424 602 1583 1026 1989 0 1929 474 839 
984 2221 1988 1840 1850 1373 1542 2423 1587 2253 2082 712 2015 1391 518 2493 251 1853 0 2017 2391 
1416 1388 60 651 939 869 770 843 805 561 70 1755 111 777 1758 1021 2194 471 2060 0 572 
1898 1496 514 912 1054 1324 1189 1016 1234 453 589 2276 539 1235 2209 1162 2605 920 2584 546 0 
0 1576 1303 1176 1245 725 913 1699 939 1523 1395 850 1330 729 566 1883 1137 1269 1020 1325 1708 
1598 0 1323 1012 739 1042 861 1477 790 1301 1414 1997 1304 1014 1980 1131 2314 1188 2295 1357 1486 
1348 1344 0 686 931 866 787 818 780 572 106 1719 62 776 1742 952 1989 393 2008 36 522 
1115 1083 712 0 565 570 491 881 484 714 799 1417 675 480 1440 934 1706 302 1712 744 821 
1201 799 938 584 0 615 414 1097 391 917 1016 1594 893 621 1617 941 1870 761 1890 968 1077 
824 1074 729 604 619 0 220 1143 206 976 828 1164 772 156 1117 1279 1392 602 1432 758 1130 
889 970 752 627 435 210 0 1164 63 982 851 1203 795 289 1188 1297 1492 625 1498 781 1164 
1730 1433 824 851 986 1234 1112 0 1171 728 912 2112 787 1146 2142 597 2414 861 2416 856 1025 
921 938 774 649 413 232 71 1173 0 1001 873 1203 817 311 1195 1268 1492 647 1498 803 1164 
1373 1109 444 508 655 893 778 610 755 0 523 1744 460 803 1767 762 2031 535 2025 476 503 
1387 1433 113 789 972 967 890 885 883 621 0 1709 136 879 1732 1011 1989 496 1992 90 600 
921 1992 1707 1594 1667 1115 1257 2158 1316 1978 1768 0 1734 1150 656 2282 715 1673 735 1729 2145 
1348 1298 37 690 848 870 791 756 784 558 124 1719 0 780 1742 910 1989 397 2008 73 533 
778 1014 707 582 597 122 342 1121 328 952 806 1074 750 0 1058 1246 1350 580 1381 736 1110 
574 1825 1544 1431 1504 966 1108 1955 1167 1778 1623 660 1571 987 0 2109 687 1510 499 1566 1980 
1753 1157 1107 880 939 1257 1135 576 1194 1092 1198 2155 1088 1169 2153 0 2457 1016 2459 1141 1322 
1063 2165 1873 1750 1820 1271 1413 2301 1472 2139 1965 638 1883 1306 689 2425 0 1829 215 1895 2328 
1209 1182 433 301 742 724 645 843 638 676 532 1594 447 634 1617 934 1870 0 1890 462 783 
1049 2265 2004 1853 1924 1375 1517 2408 1576 2255 2094 717 2002 1410 526 2532 241 1908 0 2027 2444 
1394 1399 60 736 939 925 837 842 830 589 70 1758 86 826 1781 965 2037 443 2058 0 561 
1842 1584 560 1038 1149 1371 1249 1097 1308 512 639 2267 576 1279 2251 1239 2569 972 2571 592 0 
0 1571 1265 1146 1225 675 829 1793 871 1685 1355 847 1300 701 504 1853 1156 1234 972 1285 1767 
1576 0 1354 977 731 1071 1002 1543 977 1435 1444 1983 1366 961 1974 1103 2270 1216 2330 1374 1594 
1333 1335 0 674 886 809 670 732 712 519 106 1678 37 702 1637 972 1956 449 1946 36 526 
1181 1006 718 0 506 616 477 883 519 777 810 1538 732 509 1497 974 1830 382 1797 740 946 
1282 753 921 542 0 700 461 1075 471 992 1014 1624 890 617 1583 1033 1922 789 1889 948 1120 
787 1104 724 634 673 0 211 1217 253 1108 816 1226 747 184 1169 1350 1516 706 1485 746 1254 
890 827 703 613 462 239 0 1217 67 1089 795 1319 726 340 1284 1324 1609 685 1578 725 1228 
1837 1560 865 970 1118 1354 1239 0 1264 737 952 2258 837 1244 2265 619 2527 892 2605 894 1120 
976 760 758 645 445 294 71 1217 0 1089 850 1392 781 395 1351 1354 1682 740 1651 780 1242 
1449 1104 466 529 648 939 787 550 829 0 534 1799 463 819 1758 775 2128 518 2069 498 552 
1427 1429 113 777 1003 919 773 829 815 559 0 1753 134 805 1712 1066 2050 552 2028 90 604 
877 1997 1684 1589 1670 1104 1281 2282 1306 2103 1774 0 1719 1150 631 2294 711 1653 746 1704 2206 
1344 1308 58 681 856 816 677 702 719 553 123 1691 0 709 1650 936 1991 456 1962 75 578 
754 1006 679 589 649 141 294 1169 336 1089 771 1187 702 0 1130 1303 1420 661 1419 701 1193 
539 1867 1549 1454 1535 958 1135 2138 1160 1967 1639 598 1584 1015 0 2158 630 1518 510 1569 2074 
1835 1128 1213 945 990 1343 1228 589 1253 1258 1303 2258 1193 1233 2265 0 2527 1055 2603 1240 1424 
1038 2134 1838 1743 1844 1258 1435 2444 1460 2283 1927 649 1873 1304 695 2447 0 1808 250 1857 2383 
1282 1184 404 313 735 761 622 799 664 691 496 1647 414 654 1606 1032 1933 0 1915 426 872 
990 2264 1985 1862 1941 1365 1542 2591 1567 2430 2074 730 2016 1411 507 2545 202 1929 0 2004 2530 
1386 1396 60 724 931 859 720 776 762 557 70 1729 81 752 1688 997 2036 499 1999 0 565 
1862 1560 520 970 1118 1376 1261 1030 1286 449 588 2279 529 1266 2275 1244 2548 967 2605 552 0 
0 1823 1400 1336 1382 683 884 1996 935 1906 1351 818 1427 726 503 2053 1084 1348 927 1432 1878 
1730 0 1459 944 693 1071 1018 1693 994 1576 1561 2104 1486 1067 2174 1139 2302 1229 2374 1491 1762 
1422 1362 0 721 1084 919 815 952 866 571 106 1768 37 907 1774 1159 2071 422 2023 36 477 
1127 1033 692 0 548 605 523 933 574 865 783 1602 667 488 1608 1021 1886 293 1847 726 1015 
1327 716 1122 642 0 760 544 1356 461 1264 1224 1822 1149 711 1820 1139 2071 886 2059 1154 1450 
759 1112 811 744 678 0 213 1447 264 1326 903 1268 807 167 1188 1419 1552 811 1508 843 1309 
879 855 868 720 465 260 0 1447 82 1326 959 1379 864 390 1336 1381 1663 868 1619 900 1356 
1866 1395 785 888 1058 1332 1282 0 1295 707 876 2300 760 1227 2281 615 2498 777 2570 819 1132 
929 784 918 703 448 310 114 1447 0 1326 1010 1428 918 440 1434 1363 1712 918 1668 954 1406 
1586 1139 434 619 762 1022 1018 563 1020 0 509 2008 425 932 2078 821 2209 496 2292 466 593 
1307 1480 134 832 1196 964 930 1023 977 586 0 1691 161 990 1697 1226 1954 533 1944 90 547 
1047 2471 2002 1937 2018 1295 1517 2710 1564 2577 1954 0 2044 1322 625 2648 684 2002 718 2028 2479 
1448 1395 37 745 1118 930 839 925 890 552 125 1822 0 930 1820 1143 2071 446 2053 73 495 
709 1137 848 722 823 174 358 1447 409 1326 939 1175 844 0 1147 1381 1453 823 1409 880 1339 
486 2220 1796 1719 1784 1080 1302 2407 1349 2364 1721 599 1837 1107 0 2391 630 1764 484 1818 2276 
1990 1051 884 938 1013 1411 1337 539 1379 951 985 2419 859 1306 2414 0 2617 876 2689 929 1310 
1147 2649 2216 2139 2205 1507 1729 2915 1776 2835 2153 655 2258 1534 652 2822 0 2205 182 2227 2698 
1327 1161 400 317 784 806 724 818 775 702 491 1822 375 689 1820 1037 2071 0 2059 434 803 
924 2655 2224 2139 2221 1515 1737 2915 1784 2835 2153 726 2266 1542 487 2822 182 2238 0 2227 2698 
1397 1480 87 798 1168 999 892 1000 955 560 70 1754 114 988 1760 1206 2005 499 2017 0 516 
1972 1702 522 1143 1308 1469 1387 1067 1434 551 601 2274 539 1419 2331 1361 2472 961 2544 554 0 
0 1760 1235 1258 1364 700 913 1908 980 1723 1250 803 1271 705 490 1944 986 1256 808 1257 1680 
1813 0 1334 984 680 1093 969 1507 892 1502 1425 2164 1355 1123 2160 1012 2400 1177 2378 1361 1734 
1417 1429 0 665 1048 923 819 785 861 549 106 1704 37 861 1688 1094 1911 359 1960 36 484 
1181 1051 652 0 517 615 540 910 582 791 738 1472 639 494 1456 927 1663 325 1724 674 990 
1416 699 1053 613 0 694 454 1281 458 1117 1144 1720 1068 733 1704 1012 1911 813 1972 1080 1345 
825 1112 740 739 685 0 218 1357 260 1191 826 1139 757 115 1067 1406 1304 703 1365 762 1217 
1040 938 776 775 467 240 0 1407 105 1237 862 1266 793 355 1256 1291 1457 739 1518 798 1261 
1835 1555 707 820 1075 1212 1179 0 1154 617 797 2181 686 1168 2160 614 2417 702 2395 739 944 
1056 831 809 761 444 273 101 1431 0 1261 895 1336 826 388 1320 1239 1527 772 1588 831 1280 
1577 1137 359 527 762 976 960 481 946 0 437 1908 354 889 1874 911 2163 442 2150 391 503 
1346 1567 113 762 1125 986 913 866 967 556 0 1633 131 959 1617 1169 1830 456 1889 90 554 
1108 2490 2052 1982 2084 1472 1679 2600 1749 2462 2069 0 2088 1484 583 2626 543 2008 630 2074 2499 
1447 1466 37 676 1074 942 832 765 874 552 123 1734 0 874 1718 1085 1936 370 1993 73 521 
746 1137 769 751 806 121 339 1379 381 1204 828 1040 786 0 998 1418 1228 732 1292 791 1261 
511 2190 1737 1727 1831 1160 1367 2295 1437 2168 1752 526 1773 1172 0 2395 570 1725 443 1759 2194 
1914 1002 811 864 1002 1273 1221 523 1258 933 903 2252 790 1229 2225 0 2488 806 2466 843 1217 
992 2574 2135 2059 2161 1557 1764 2688 1822 2539 2150 561 2171 1569 605 2715 0 2143 182 2157 2580 
1377 1318 356 309 826 816 714 743 756 630 442 1664 346 697 1648 970 1857 0 1917 378 780 
812 2529 2089 2024 2109 1508 1715 2653 1785 2504 2104 637 2125 1520 453 2668 182 2085 0 2111 2534 
1417 1485 60 709 1098 954 863 829 937 524 70 1704 81 913 1688 1123 1911 403 1960 0 522 
1865 1708 499 1049 1285 1354 1281 925 1383 508 577 2252 515 1283 2225 1316 2488 858 2466 531 0 
0 1457 1202 1072 1079 670 821 1593 866 1449 1219 768 1238 693 468 1680 960 1180 859 1224 1613 
1370 0 1196 859 588 874 817 1182 749 1226 1287 1706 1216 794 1631 760 1911 1003 1934 1223 1390 
1257 1210 0 535 812 722 649 698 694 446 106 1561 37 642 1486 809 1755 366 1785 36 473 
1055 824 579 0 456 499 437 916 442 715 670 1379 582 430 1304 778 1573 258 1603 606 951 
1087 604 840 508 0 545 436 1090 384 917 935 1398 860 465 1323 857 1592 664 1622 867 1130 
730 886 649 524 564 0 161 1177 206 1023 740 1087 669 115 1045 1091 1274 575 1307 676 1129 
845 820 694 560 444 209 0 1177 86 1007 785 1194 714 296 1154 1127 1388 620 1418 721 1164 
1561 1248 663 711 875 1069 1005 0 967 499 754 1908 646 993 1845 468 2105 656 2146 695 865 
875 734 724 474 358 239 78 1090 0 917 815 1225 744 326 1163 1045 1419 617 1449 751 1130 
1288 880 346 410 574 758 701 473 649 0 412 1605 309 678 1530 628 1799 395 1829 382 516 
1265 1270 113 638 931 772 752 795 797 476 0 1592 123 745 1517 910 1786 469 1829 90 543 
939 1958 1735 1592 1585 1194 1335 2112 1360 1957 1779 0 1755 1214 520 2180 529 1674 613 1762 2146 
1266 1145 37 543 792 734 661 678 706 409 123 1580 0 654 1505 789 1774 374 1805 73 477 
685 815 625 492 506 114 242 1148 287 955 716 1008 645 0 984 1044 1205 551 1246 652 1095 
447 1657 1440 1297 1290 893 1055 1799 1080 1655 1489 518 1460 917 0 1909 568 1379 459 1467 1827 
1620 801 852 754 851 1120 1052 439 1077 832 945 1959 835 1052 1910 0 2174 769 2185 884 1127 
967 2074 1843 1697 1690 1299 1440 2213 1465 2088 1895 529 1863 1319 543 2273 0 1779 182 1868 2284 
1152 1033 338 244 676 610 548 715 593 547 429 1465 335 541 1390 779 1659 0 1689 365 756 
822 2074 1843 1697 1690 1299 1440 2213 1465 2088 1895 619 1863 1319 432 2273 182 1779 0 1868 2284 
1288 1222 60 585 856 772 699 742 744 444 70 1605 73 692 1530 853 1799 416 1829 0 511 
1654 1340 472 808 972 1162 1085 844 1047 416 550 1987 488 1086 1936 1072 2181 793 2212 504 0 
0 1349 1085 954 981 582 718 1504 738 1339 1129 740 1105 603 435 1491 948 1014 808 1112 1494 
1355 0 1177 839 624 881 732 1274 686 1133 1268 1715 1160 864 1718 863 1911 989 1940 1209 1288 
1152 1127 0 584 757 730 688 625 708 440 106 1538 37 683 1540 740 1729 347 1759 36 481 
954 842 564 0 436 487 406 717 383 563 655 1334 567 433 1337 742 1525 243 1555 591 745 
984 657 787 449 0 533 384 916 361 761 878 1344 770 493 1347 752 1535 586 1565 819 948 
632 857 633 537 517 0 151 1008 171 852 724 1012 653 115 949 1064 1205 559 1246 660 1042 
719 732 655 395 374 181 0 910 46 753 746 1139 675 266 1052 969 1304 532 1334 682 937 
1491 1218 659 731 849 1052 945 0 922 499 750 1877 642 994 1868 439 2069 646 2095 691 836 
741 686 677 367 346 203 54 879 0 725 768 1139 697 288 1082 948 1325 504 1355 704 914 
1189 923 348 420 538 738 634 451 611 0 414 1561 311 695 1564 579 1752 380 1782 384 462 
1189 1243 113 681 854 753 785 722 805 470 0 1538 123 759 1541 837 1729 444 1759 90 551 
762 1736 1476 1331 1357 1010 1146 1893 1166 1728 1542 0 1496 992 519 1890 529 1404 595 1503 1894 
1189 1114 37 595 737 745 703 605 723 403 123 1561 0 698 1564 720 1752 358 1782 73 485 
585 865 605 466 492 114 236 970 256 813 696 949 625 0 858 1036 1143 531 1179 632 999 
435 1593 1373 1188 1214 823 982 1771 1002 1606 1397 518 1393 843 0 1742 543 1301 435 1400 1761 
1489 853 721 704 754 1033 979 439 956 738 812 1877 704 980 1868 0 2069 708 2095 753 954 
876 1857 1588 1443 1469 1086 1222 2002 1242 1854 1657 529 1608 1104 543 1992 0 1516 182 1615 1999 
1087 970 338 265 576 595 525 643 502 518 429 1465 335 541 1468 758 1656 0 1686 365 700 
807 1893 1625 1480 1506 1123 1259 2048 1279 1883 1694 611 1645 1141 432 2039 182 1553 0 1652 2032 
1189 1193 60 628 801 767 732 669 752 438 70 1561 73 727 1564 784 1752 391 1782 0 519 
1556 1349 466 816 939 1139 1030 826 1007 414 544 1940 482 1059 1923 975 2128 776 2160 498 0 
0 1347 1107 940 981 582 745 1438 781 1279 1129 744 1127 601 435 1501 964 1032 808 1134 1433 
1259 0 1082 766 550 831 727 1146 704 1063 1173 1731 1065 755 1547 767 1830 908 1854 1114 1220 
1111 1203 0 518 742 689 614 643 650 444 106 1601 37 613 1417 742 1693 337 1723 36 473 
927 874 564 0 394 487 394 738 371 555 655 1433 567 417 1249 770 1525 243 1555 591 715 
1045 610 752 410 0 555 383 910 360 719 843 1478 735 492 1294 778 1570 618 1600 784 879 
616 938 634 504 552 0 178 1030 214 845 725 1012 654 115 945 1046 1205 560 1246 661 1022 
703 770 653 395 374 181 0 933 62 749 744 1238 673 266 1023 992 1304 532 1334 680 914 
1468 1168 655 698 832 1047 944 0 922 499 746 1959 638 971 1761 439 2043 642 2079 687 815 
725 711 675 367 346 203 54 910 0 721 766 1238 695 288 1035 960 1325 504 1355 702 881 
1189 976 349 394 528 737 633 452 610 0 415 1637 312 661 1453 582 1729 381 1759 385 442 
1152 1295 113 615 839 753 711 740 747 474 0 1637 123 710 1453 839 1729 434 1759 90 543 
755 1690 1483 1358 1400 1010 1146 1827 1166 1665 1559 0 1503 999 519 1911 594 1409 595 1510 1827 
1128 1177 37 529 722 704 629 623 665 407 123 1637 0 628 1453 722 1729 348 1759 73 477 
563 899 608 460 486 114 263 993 299 799 699 942 628 0 856 1022 1155 534 1179 635 978 
435 1541 1373 1210 1251 823 982 1675 1002 1516 1397 527 1393 841 0 1756 555 1299 435 1400 1670 
1468 760 715 676 767 1037 968 439 945 735 806 1959 698 971 1761 0 2043 702 2079 747 914 
861 1811 1596 1471 1513 1094 1230 1937 1250 1778 1672 529 1616 1112 543 2012 0 1522 182 1623 1942 
1055 1014 338 237 576 595 525 661 502 537 429 1564 335 525 1380 760 1656 0 1686 365 697 
807 1835 1627 1502 1544 1125 1261 1968 1281 1817 1703 611 1647 1143 432 2045 182 1553 0 1654 1973 
1189 1225 60 562 786 733 658 687 694 442 70 1637 73 657 1453 786 1729 381 1759 0 511 
1539 1347 466 768 931 1120 1012 827 989 396 544 1974 482 1042 1845 956 2128 755 2146 498 0 
