25
5
10800
0
997
902
1080
1317
1270
1097
1397
1179
1442
1284
1303
1174
1324
1183
936
1172
1339
919
1268
1052
921
1496
912
1194
0 1178 685 633 1018 809 418 982 1301 304 1330 731 488 1020 823 141 1233 744 934 1140 1162 470 499 597 710 
1177 0 611 675 479 691 870 1770 1362 911 413 1556 1307 1845 775 1042 2106 843 417 860 880 976 1134 808 616 
738 628 0 629 632 410 592 1256 1254 546 913 1014 763 1316 727 608 1555 765 315 754 774 693 767 665 229 
567 721 609 0 589 425 244 1165 926 379 894 916 658 1184 355 432 1399 168 598 705 727 304 526 210 447 
1005 575 609 512 0 528 707 1598 1141 747 551 1360 1111 1656 612 867 1917 680 393 609 629 808 979 645 453 
814 663 389 409 531 0 562 1418 1149 543 836 1188 939 1484 509 679 1723 577 483 690 710 663 816 542 183 
426 847 613 290 715 551 0 1091 1076 309 1020 831 588 1109 506 323 1324 401 724 856 878 139 304 285 499 
980 1742 1247 1161 1595 1419 1075 0 1868 847 1895 612 818 1184 1397 854 1377 1271 1548 1742 1762 1176 1210 1155 1343 
1270 1483 1344 978 1195 1160 971 1863 0 1082 1567 1649 1400 1947 715 1135 2196 931 1345 626 674 1016 1107 810 1182 
440 878 446 352 746 570 243 1071 1076 0 1085 804 561 1090 559 335 1299 463 692 896 918 344 462 316 471 
1348 462 921 859 551 875 1056 1971 1477 1094 0 1727 1478 2003 959 1213 2269 1039 726 1024 1044 1157 1310 999 800 
412 1178 692 619 1018 837 510 871 1296 291 1330 0 380 901 826 299 1115 730 959 1167 1189 601 630 583 738 
655 1417 936 862 1270 1089 753 545 1533 534 1569 243 0 784 1069 542 1001 1006 1202 1412 1434 844 873 826 986 
980 1742 1271 1161 1595 1419 1075 1166 1868 853 1895 854 611 0 1397 861 394 1271 1564 1742 1762 1176 1210 1155 1343 
824 818 706 389 629 522 523 1433 721 553 991 1188 939 1484 0 689 1723 350 695 402 424 506 657 243 544 
141 1021 562 510 881 686 295 885 1208 171 1196 639 396 935 700 0 1145 621 808 1015 1037 347 376 474 587 
1179 1950 1455 1365 1799 1607 1279 1380 2108 1061 2109 1055 810 395 1601 1066 0 1475 1729 1936 1958 1368 1397 1359 1508 
808 919 806 258 786 622 441 1409 968 620 1097 1149 899 1460 346 673 1723 0 795 696 718 416 654 255 644 
980 450 302 636 430 527 820 1551 1309 783 734 1320 1071 1609 736 836 1868 804 0 810 830 921 1021 769 385 
1148 1069 868 713 709 722 906 1769 626 877 1028 1555 1306 1845 413 1013 2106 695 911 0 48 851 1006 588 706 
1177 1090 890 735 729 744 929 1770 674 899 1053 1556 1307 1845 435 1042 2106 717 940 48 0 873 1035 610 728 
497 956 722 294 822 658 139 1203 1076 418 1128 950 697 1280 462 394 1499 371 831 812 834 0 238 273 608 
503 1127 808 532 971 806 304 1203 1208 544 1279 958 712 1280 660 400 1499 609 979 1010 1032 238 0 417 754 
619 913 735 295 781 617 324 1213 782 431 1097 953 710 1280 245 484 1499 259 790 595 617 315 414 0 639 
759 641 229 488 509 183 494 1365 1141 488 814 1118 855 1419 577 624 1650 615 340 613 633 595 748 583 0 
0 1508 909 785 1373 1103 694 1247 1599 477 1760 851 588 1272 1123 276 1532 891 1128 1442 1469 777 724 790 955 
1548 0 751 830 652 934 1150 2217 1712 1152 584 1823 1552 2276 1098 1291 2509 1048 462 1102 1129 1159 1442 1046 802 
976 827 0 742 867 498 763 1614 1575 656 1181 1226 958 1579 930 777 1886 890 389 956 978 905 979 789 321 
699 967 770 0 793 549 318 1393 1129 475 1181 986 716 1390 480 547 1650 182 790 911 953 371 647 234 539 
1325 736 817 614 0 704 906 2021 1315 938 747 1597 1329 1983 820 1068 2246 796 519 712 759 992 1253 818 586 
1068 810 548 381 655 0 669 1701 1359 656 1041 1313 1045 1671 605 851 1963 563 612 773 820 752 1015 585 240 
620 1100 777 373 970 710 0 1356 1225 451 1368 958 692 1370 646 473 1630 473 964 1078 1105 158 354 378 700 
1289 2043 1556 1365 1896 1695 1324 0 2197 1020 2332 706 939 1410 1654 1087 1670 1508 1834 2025 2093 1452 1486 1327 1599 
1715 1737 1516 1267 1419 1448 1317 2383 0 1388 1884 1992 1719 2416 911 1458 2649 1311 1531 781 849 1339 1441 1107 1308 
531 1083 527 354 952 691 333 1265 1210 0 1339 859 596 1341 705 384 1601 460 758 1063 1090 476 563 359 546 
1732 632 1159 1031 825 1140 1366 2420 1907 1336 0 2009 1747 2416 1289 1486 2649 1246 843 1292 1319 1341 1624 1223 1036 
468 1370 807 634 1241 995 613 1037 1447 306 1622 0 382 1061 984 301 1400 740 1043 1334 1361 756 719 639 826 
731 1638 1065 897 1503 1271 876 631 1725 569 1884 263 0 953 1253 564 1300 1034 1340 1596 1623 1002 1007 926 1116 
1250 2043 1549 1358 1894 1688 1317 1427 2197 1013 2332 1015 730 0 1647 1039 490 1501 1834 2021 2089 1414 1438 1320 1592 
1103 1100 949 423 931 707 692 1736 890 682 1368 1348 1080 1706 0 877 1991 486 949 623 674 638 825 342 697 
220 1265 670 547 1104 848 456 1103 1385 240 1517 718 455 1138 848 0 1451 653 911 1213 1240 539 486 552 689 
1475 2237 1773 1582 2118 1902 1541 1620 2450 1237 2528 1232 964 431 1899 1264 0 1725 2064 2263 2331 1639 1663 1544 1826 
1012 1108 962 253 983 720 515 1649 1246 728 1400 1261 993 1598 514 800 1894 0 985 998 1006 495 801 336 710 
1249 550 397 724 556 647 1016 1888 1598 920 883 1499 1231 1894 966 1010 2146 917 0 986 1008 1058 1219 926 514 
1456 1154 954 762 801 817 1092 2139 731 1060 1355 1740 1472 2166 538 1211 2367 896 974 0 68 1049 1261 752 699 
1512 1202 1033 794 833 849 1118 2191 796 1116 1390 1795 1527 2209 603 1266 2435 994 1008 65 0 1072 1304 817 731 
707 1225 915 334 1063 801 143 1482 1292 585 1477 1095 826 1483 579 560 1743 406 1043 1061 1069 0 306 323 791 
652 1508 987 630 1373 1116 380 1482 1385 684 1760 1074 804 1483 861 505 1743 702 1232 1339 1347 296 0 515 985 
774 1129 876 336 997 732 393 1473 968 550 1400 1071 791 1483 348 622 1743 309 996 830 881 393 483 0 722 
969 770 375 481 615 208 754 1595 1290 631 998 1207 939 1579 705 768 1886 663 436 690 737 852 949 685 0 
0 1301 834 735 1195 994 537 1125 1543 390 1617 831 552 1129 1045 234 1419 856 1083 1342 1366 615 604 721 879 
1431 0 753 788 616 928 1025 2101 1582 1093 561 1713 1459 2131 1035 1209 2403 1006 469 1044 1064 1142 1293 971 809 
877 710 0 713 759 505 666 1541 1451 620 1131 1193 939 1547 936 686 1875 876 350 929 959 781 849 741 288 
633 829 713 0 684 516 260 1248 968 365 1112 950 666 1266 518 431 1580 170 661 861 906 357 560 196 544 
1245 739 814 619 0 754 859 1934 1258 922 695 1554 1300 1916 825 1023 2250 789 504 720 764 988 1160 795 640 
1035 836 526 531 691 0 771 1711 1364 690 1123 1355 1101 1718 759 850 2052 701 607 842 886 886 1021 707 222 
553 956 681 323 803 635 0 1208 1076 333 1239 916 634 1204 605 399 1512 444 780 986 1006 145 304 309 663 
1159 1890 1457 1303 1774 1610 1198 0 2108 976 2155 752 958 1340 1602 1003 1654 1416 1732 1941 1951 1315 1366 1281 1452 
1455 1621 1460 1093 1321 1389 1049 2125 0 1204 1850 1737 1483 2131 798 1233 2422 1163 1502 678 732 1149 1217 904 1298 
523 984 503 359 839 671 270 1172 1208 0 1272 881 602 1161 654 367 1470 480 737 1044 1064 385 495 345 548 
1681 614 1148 1049 734 1172 1295 2348 1773 1343 0 1991 1729 2406 1273 1479 2709 1230 872 1235 1255 1395 1563 1240 1063 
481 1228 765 621 1120 950 532 951 1376 306 1544 0 410 1025 916 333 1279 742 1008 1276 1300 647 661 607 810 
760 1496 1074 900 1390 1233 811 623 1720 585 1832 279 0 915 1221 612 1152 1049 1349 1565 1585 933 949 886 1066 
1100 1813 1388 1234 1705 1541 1129 1319 2057 908 2090 928 649 0 1533 944 408 1347 1663 1893 1906 1246 1300 1212 1383 
992 985 917 383 844 683 616 1670 847 655 1284 1288 1034 1651 0 794 1983 474 828 612 653 653 823 379 711 
208 1100 631 532 985 808 334 1027 1301 209 1416 705 426 1040 827 0 1304 653 865 1177 1201 412 401 518 676 
1392 2134 1701 1547 2021 1865 1442 1619 2352 1220 2411 1199 945 409 1873 1236 0 1660 1975 2212 2234 1559 1599 1525 1696 
809 956 861 176 802 634 436 1473 1208 541 1239 1101 842 1438 527 607 1752 0 779 986 1006 473 722 333 662 
1188 494 396 722 511 679 961 1921 1451 912 864 1508 1254 1876 959 972 2198 892 0 949 979 1071 1148 898 548 
1359 1040 891 720 755 819 961 2037 738 1022 1302 1641 1387 2031 533 1137 2327 890 887 0 54 1071 1229 827 692 
1402 1092 950 759 794 858 1023 2084 800 1064 1353 1687 1433 2088 593 1183 2379 940 940 84 0 1132 1291 887 731 
634 1040 791 333 918 745 148 1355 1208 443 1345 1026 744 1289 701 497 1603 454 890 1098 1118 0 249 369 773 
608 1228 909 582 1132 950 323 1383 1273 596 1544 1064 780 1340 849 471 1654 703 1101 1271 1295 249 0 443 978 
713 1021 793 266 859 691 340 1355 831 445 1284 1026 746 1295 408 511 1609 290 836 887 929 346 444 0 719 
893 737 316 507 577 217 649 1554 1258 562 988 1193 939 1569 735 702 1901 677 469 720 764 764 865 683 0 
0 1523 893 834 1362 1129 646 1219 1624 464 1789 868 600 1335 1181 300 1534 962 1138 1533 1558 704 703 812 936 
1517 0 741 830 646 921 1169 2194 1620 1192 580 1898 1611 2207 1121 1339 2537 1171 479 1122 1189 1210 1454 1050 781 
932 704 0 723 743 548 781 1611 1449 646 1060 1239 958 1599 974 747 1798 927 333 941 1003 926 915 776 323 
778 963 784 0 772 538 332 1396 968 479 1175 1015 738 1481 530 530 1680 204 772 952 1009 372 631 216 565 
1318 741 790 628 0 717 960 2013 1263 950 704 1690 1409 2050 867 1137 2355 832 502 747 770 993 1219 816 579 
1073 843 529 469 672 0 791 1749 1359 677 1082 1377 1096 1732 708 876 1974 673 615 852 875 841 1055 657 209 
601 1149 759 377 941 705 0 1396 1180 450 1361 982 709 1402 728 418 1601 486 941 1122 1189 164 341 355 732 
1237 2166 1539 1427 2035 1777 1411 0 2210 1059 2462 718 939 1481 1786 1059 1680 1700 1776 2110 2120 1479 1445 1407 1591 
1630 1836 1558 1187 1422 1512 1226 2296 0 1352 1855 1963 1681 2315 890 1409 2657 1351 1610 749 783 1216 1293 974 1374 
605 1149 502 394 952 714 377 1300 1208 0 1361 923 653 1340 746 422 1539 535 745 1122 1189 511 543 372 552 
1756 604 1114 1076 757 1171 1410 2430 1849 1430 0 2129 1859 2452 1331 1578 2763 1407 878 1294 1361 1437 1667 1263 1038 
555 1414 777 669 1218 1021 636 1040 1460 312 1645 0 413 1069 1062 347 1302 810 1029 1399 1424 694 693 647 827 
823 1689 1067 956 1547 1268 916 614 1718 580 2006 268 0 979 1293 615 1184 1229 1304 1651 1676 963 985 930 1117 
1165 2117 1470 1358 1988 1708 1339 1414 2172 990 2413 973 701 0 1717 987 448 1631 1707 2029 2039 1407 1373 1338 1522 
1054 1149 932 447 945 716 674 1733 852 659 1361 1364 1083 1719 0 858 1950 464 952 595 606 637 845 361 743 
289 1298 644 585 1084 856 397 1085 1336 254 1517 733 465 1153 888 0 1368 726 887 1267 1329 455 454 563 694 
1440 2420 1744 1632 2253 1999 1614 1641 2429 1264 2732 1269 988 446 1995 1262 0 1918 2031 2312 2322 1682 1648 1612 1796 
1005 1127 946 227 929 695 489 1629 1208 706 1361 1274 993 1609 537 757 1809 0 941 996 1021 461 762 315 722 
1162 506 374 776 514 678 1017 1830 1506 858 858 1489 1208 1845 1062 963 2146 1115 0 991 1058 1124 1129 970 510 
1473 1469 1265 887 940 994 1197 2168 709 1147 1299 1850 1567 2205 601 1295 2516 1022 1247 0 73 1138 1331 858 1081 
1518 1500 1297 923 960 1021 1233 2194 772 1192 1299 1915 1612 2207 636 1340 2537 1115 1278 74 0 1174 1377 893 1113 
711 1306 908 390 1084 852 188 1509 1232 597 1517 1148 856 1504 717 528 1703 456 1092 1186 1211 0 301 385 879 
702 1536 932 691 1320 1104 364 1509 1324 679 1747 1148 850 1504 926 519 1703 757 1184 1398 1423 312 0 505 979 
860 1184 870 295 982 739 411 1475 839 561 1395 1098 820 1500 423 612 1699 294 979 898 912 374 484 0 766 
977 857 325 601 664 225 823 1657 1348 636 1110 1285 1004 1634 840 789 1853 805 468 819 842 956 985 789 0 
0 1314 746 684 1256 878 495 1038 1362 345 1565 793 535 1120 984 177 1299 821 1001 1237 1259 549 594 653 771 
1226 0 611 676 510 737 925 1840 1474 981 450 1680 1339 1865 890 1091 2068 899 417 944 961 1015 1180 867 657 
757 628 0 617 638 423 629 1334 1356 580 946 1158 819 1382 831 638 1588 840 315 822 842 746 872 710 229 
614 991 733 0 755 536 285 1276 968 457 1135 1000 734 1278 503 479 1484 223 764 810 833 347 567 256 550 
1049 646 610 496 0 557 740 1650 1180 790 551 1486 1145 1668 697 914 1874 719 394 657 677 843 1021 687 477 
830 805 396 403 572 0 647 1493 1240 557 953 1335 994 1487 617 695 1693 626 486 715 738 750 915 594 186 
485 1102 640 329 883 659 0 1165 1076 352 1265 887 629 1189 605 374 1389 466 871 958 981 147 323 306 572 
1022 1856 1285 1204 1691 1484 1120 0 1976 899 2010 618 813 1189 1534 909 1391 1345 1586 1858 1881 1231 1268 1204 1378 
1318 1596 1401 1051 1241 1275 1023 1938 0 1159 1565 1772 1431 1974 763 1183 2159 1013 1455 626 674 1082 1154 873 1239 
482 1035 469 374 925 601 262 1134 1076 0 1291 860 602 1155 668 347 1359 511 715 943 961 379 520 343 494 
1416 465 963 863 561 927 1124 2034 1558 1157 0 1872 1529 2143 1040 1281 2256 1073 759 1024 1044 1198 1379 1069 844 
408 1295 683 639 1196 866 527 893 1306 300 1505 0 396 999 936 295 1159 776 981 1221 1243 644 694 608 759 
666 1520 945 897 1368 1144 785 542 1597 558 1677 258 0 881 1178 553 1049 1006 1244 1499 1521 905 979 866 1018 
1045 1865 1339 1235 1722 1516 1151 1244 1976 928 2035 928 667 0 1565 932 400 1376 1631 1895 1917 1262 1297 1235 1410 
896 1081 824 408 643 651 597 1551 764 623 1047 1375 1034 1557 0 761 1763 417 862 416 439 562 751 317 646 
141 1153 587 539 1078 719 336 951 1208 193 1411 701 443 1037 825 0 1206 676 833 1064 1086 390 435 508 612 
1374 2214 1663 1564 2068 1849 1480 1562 2279 1257 2373 1328 987 403 1896 1261 0 1705 1962 2225 2245 1581 1611 1564 1739 
817 1134 887 245 912 690 439 1469 1076 660 1291 1280 939 1478 502 682 1684 0 940 796 819 411 664 304 704 
1005 450 302 616 436 540 860 1614 1412 811 768 1445 1104 1627 830 869 1852 839 0 876 896 956 1090 807 385 
1215 1160 892 735 709 733 948 1851 644 944 1028 1688 1347 1879 467 1080 2084 783 940 0 48 924 1122 683 735 
1235 1185 916 757 729 755 983 1882 692 968 1047 1710 1369 1898 489 1100 2106 805 960 48 0 951 1149 705 757 
593 1188 749 374 996 768 139 1276 1076 461 1345 1000 738 1296 650 483 1502 446 981 958 977 0 254 346 681 
558 1348 890 617 1196 978 346 1326 1208 638 1505 1158 814 1382 839 455 1588 689 1143 1138 1160 243 0 470 879 
645 1160 776 302 935 734 340 1326 784 488 1317 1034 765 1301 374 510 1507 268 962 668 691 335 434 0 721 
786 694 229 478 531 196 601 1446 1219 513 913 1280 939 1455 692 651 1661 701 340 683 703 718 859 669 0 
