23
10
5400
0
1085
1005
908
1075
1392
1002
1266
900
1124
929
915
1161
1436
1202
1285
1219
923
1471
1102
1292
1293
1310
0 1335 1200 1675 669 1212 1005 1233 1938 1014 1395 845 622 1455 1105 1112 1000 786 1126 1015 795 1442 960 
1247 0 1215 605 941 1227 1434 1248 929 768 1410 513 893 1470 1097 1125 499 971 1125 1285 738 1185 975 
1195 1407 0 1747 882 118 864 123 2025 1068 285 919 868 344 436 555 1053 690 408 715 756 1472 350 
1621 523 1609 0 1326 1621 1825 1642 1288 1146 1823 889 1290 1866 1512 1514 875 1331 1535 1674 1132 1558 1369 
647 1066 893 1406 0 919 896 926 1667 771 1088 613 355 1085 792 690 749 197 813 747 549 1185 647 
1273 1470 118 1812 944 0 925 183 2064 1104 295 979 930 404 509 615 1116 750 483 775 816 1516 410 
940 1914 1208 2243 863 1220 0 1182 2470 1531 1149 1405 1208 1026 1049 661 1552 859 1051 253 1228 1966 880 
1247 1418 123 1758 891 183 873 0 2025 1068 162 925 877 254 458 564 1064 699 473 724 765 1472 359 
1800 967 1788 1312 1505 1800 2008 1821 0 1332 1983 1078 1457 2052 1652 1693 1074 1510 1680 1859 1303 1744 1548 
1007 790 994 1122 720 1006 1247 1027 1333 0 1189 338 553 1243 830 886 395 731 858 1098 481 667 729 
1365 1572 285 1914 1054 312 1059 162 2176 1225 0 1083 1044 227 620 641 1218 861 635 886 936 1637 521 
897 564 876 896 612 886 1098 921 1095 373 1083 0 498 1142 764 787 215 623 792 949 382 784 630 
669 957 854 1300 358 864 1082 887 1535 553 1049 498 0 1125 753 765 583 409 774 930 448 1003 608 
1366 1585 344 1956 1075 404 925 252 2176 1242 219 1096 1057 0 627 510 1231 868 642 771 936 1654 528 
1113 1215 433 1555 769 451 729 474 1829 871 636 759 755 681 0 420 900 577 40 580 426 1299 208 
1113 1325 632 1665 691 642 451 665 1924 966 633 831 785 510 471 0 967 568 469 302 624 1396 299 
1012 534 1013 866 723 1025 1247 1046 1074 495 1208 217 622 1267 875 914 0 734 906 1098 526 916 755 
754 1054 727 1392 197 737 890 760 1630 746 923 588 406 938 626 567 724 0 647 741 407 1157 481 
1113 1256 404 1596 790 414 765 437 1847 900 599 787 776 653 40 456 929 598 0 616 454 1326 229 
982 1712 1013 2076 815 1025 229 973 2334 1372 937 1223 1182 808 843 456 1358 811 838 0 1046 1784 675 
824 820 562 1189 515 572 782 595 1359 483 757 363 504 816 420 473 512 381 448 633 0 894 316 
1427 1201 1382 1541 1132 1394 1596 1415 1790 589 1577 736 981 1637 1229 1287 793 1132 1257 1447 879 0 1142 
940 1124 338 1464 629 348 611 371 1703 791 533 661 615 592 208 299 797 437 229 462 495 1209 0 
0 1786 1723 2280 748 1706 1005 1782 2708 1536 1970 1365 820 1826 1595 1282 1477 1120 1627 1022 1383 1980 1440 
1562 0 1482 698 1301 1545 1768 1628 1381 935 1790 577 1005 1966 1239 1477 564 1252 1241 1615 855 1349 1286 
1604 1542 0 1998 1197 118 1028 257 2438 1287 390 1181 1225 496 437 715 1224 988 409 872 971 1737 470 
1983 657 2068 0 1705 2035 2288 2153 1846 1361 2338 1072 1562 2397 1847 1976 1036 1749 1874 2171 1465 1825 1775 
789 1402 1260 1869 0 1243 1076 1319 2284 1175 1481 982 481 1516 1159 981 1093 407 1167 916 934 1607 977 
1526 1625 118 2103 1132 0 967 217 2537 1404 284 1233 1147 481 511 653 1307 974 483 810 1121 1883 408 
964 1857 957 2343 897 923 0 1007 2810 1540 1132 1353 1264 1009 803 493 1533 992 824 253 1201 2021 656 
1526 1731 167 2220 1132 221 967 0 2646 1420 162 1233 1147 278 534 651 1413 974 517 808 1142 1919 406 
2147 1046 2272 1593 1871 2239 2469 2357 0 1520 2542 1231 1721 2601 2011 2157 1202 1907 2024 2352 1630 2021 1976 
1318 928 1278 1374 1012 1261 1467 1337 1846 0 1499 447 612 1638 1016 1176 461 1026 1051 1314 612 736 995 
1643 1857 332 2343 1229 287 1076 185 2810 1540 0 1353 1264 236 643 648 1533 1046 626 921 1257 2021 515 
1223 643 1138 1050 886 1121 1340 1197 1503 469 1359 0 518 1498 914 1049 219 932 948 1187 481 846 840 
849 1144 1289 1614 515 1272 1489 1348 2021 739 1510 697 0 1649 1188 1198 711 690 1196 1336 802 1100 1006 
1660 1879 430 2343 1276 484 976 263 2810 1555 238 1368 1281 0 664 511 1548 1086 647 808 1257 2034 536 
1355 1277 435 1728 960 474 758 588 2154 985 712 842 998 717 0 451 938 766 40 608 604 1437 209 
1411 1523 673 1986 933 653 529 678 2421 1236 653 1100 1022 511 485 0 1214 808 469 379 806 1686 322 
1318 608 1248 1009 991 1232 1453 1308 1457 539 1470 218 642 1609 1001 1162 0 988 1009 1300 588 1006 962 
924 1299 957 1750 271 919 1062 1007 2179 1006 1169 844 522 1114 799 722 963 0 820 899 700 1474 652 
1370 1315 407 1766 979 437 794 551 2199 1032 675 873 998 689 40 487 972 787 0 644 632 1474 230 
1007 1780 894 2280 849 874 230 947 2708 1469 979 1282 1225 833 755 445 1462 932 776 0 1142 1949 608 
1154 913 728 1374 740 708 937 822 1846 597 950 422 694 1009 555 626 541 538 583 783 0 1022 442 
1662 1299 1707 1750 1401 1690 1910 1766 2179 640 1958 848 1089 2044 1509 1615 862 1424 1544 1753 1114 0 1424 
1223 1325 375 1776 807 355 640 469 2206 1032 593 875 828 614 215 312 1017 623 236 490 659 1474 0 
0 1554 1434 2019 842 1456 1131 1527 2191 1309 1720 1005 869 1783 1329 1310 1188 1104 1335 1206 1096 1772 1131 
1403 0 1421 732 1123 1443 1644 1514 1273 922 1707 584 1033 1770 1313 1297 591 1205 1322 1463 893 1366 1118 
1507 1737 0 2224 1204 127 1145 249 2377 1413 431 1188 1120 518 610 814 1371 1000 574 964 1111 1868 517 
1796 614 1817 0 1493 1829 2023 1895 1618 1363 2134 990 1409 2170 1703 1684 990 1574 1709 1903 1287 1830 1505 
822 1281 1159 1685 0 1181 1257 1252 1924 1026 1445 805 479 1508 1039 1030 958 323 1048 1076 801 1489 857 
1572 1766 148 2251 1234 0 1187 276 2407 1435 338 1217 1185 545 634 840 1400 1022 598 1006 1121 1921 543 
1178 1783 1075 2251 1143 1097 0 1168 2481 1458 1360 1234 1185 1199 950 579 1417 1040 963 290 1111 1922 767 
1493 1728 195 2224 1150 218 1133 0 2366 1407 208 1179 1106 325 683 797 1362 957 655 952 1102 1868 500 
2126 1176 2111 1580 1767 2078 2307 2169 0 1632 2399 1274 1683 2451 1984 1985 1269 1853 1990 2187 1561 2068 1779 
1212 895 1196 1338 930 1218 1419 1289 1625 0 1482 457 725 1545 1055 1072 487 995 1096 1238 644 868 906 
1650 1893 353 2366 1333 332 1298 168 2528 1550 0 1340 1263 316 841 932 1523 1145 813 1117 1220 1990 658 
1063 634 1085 1092 801 1107 1298 1178 1426 510 1371 0 655 1451 977 953 253 829 982 1117 516 968 784 
807 1101 1022 1503 486 1044 1298 1115 1753 768 1308 618 0 1385 954 912 728 539 936 1117 640 1194 736 
1661 1906 527 2366 1344 557 1298 355 2528 1557 291 1347 1274 0 851 735 1530 1145 823 1102 1253 1990 668 
1311 1455 564 1906 957 528 827 676 2118 1125 807 954 916 915 0 516 1089 727 55 664 656 1583 267 
1311 1500 792 1938 930 756 541 881 2152 1193 817 966 916 673 677 0 1134 715 649 378 844 1656 424 
1212 584 1257 1030 957 1279 1466 1350 1395 634 1543 275 779 1606 1096 1119 0 1000 1137 1285 692 1083 952 
940 1261 960 1665 307 930 1162 1029 1904 1004 1222 786 534 1289 848 823 939 0 849 981 695 1449 644 
1339 1528 521 1968 968 485 862 633 2185 1193 764 981 949 869 58 551 1162 762 0 699 707 1656 287 
1261 1783 1045 2251 1131 1067 295 1138 2481 1458 1275 1234 1185 1114 944 568 1417 1028 963 0 1102 1922 756 
1032 923 718 1373 701 682 898 830 1645 657 976 475 670 1089 612 587 618 468 613 735 0 1124 408 
1779 1584 1763 2033 1476 1785 1982 1857 2242 811 2096 1071 1346 2130 1658 1639 1130 1557 1664 1859 1220 0 1460 
1143 1327 441 1731 792 405 707 553 1970 1026 684 844 761 779 311 396 975 572 323 544 736 1489 0 
0 1525 1420 1979 905 1418 1155 1502 2198 1294 1690 1045 737 1783 1296 1299 1203 996 1339 1215 1120 1723 1159 
1341 0 1363 723 1058 1361 1567 1445 1038 943 1633 598 947 1726 1239 1242 587 1142 1282 1393 888 1335 1102 
1501 1677 0 2160 1199 136 1107 196 2334 1383 413 1197 1142 484 618 785 1355 996 572 934 1105 1810 537 
1963 722 1939 0 1573 1913 2089 1994 1558 1441 2161 1070 1505 2290 1765 1768 1121 1655 1806 2019 1319 1874 1628 
794 1271 1088 1726 0 1086 1175 1170 1945 1043 1358 772 422 1447 1036 1002 931 307 1068 1001 778 1458 818 
1401 1568 142 2014 1095 0 999 216 2240 1289 391 1088 1019 504 610 679 1246 854 564 831 992 1718 431 
1170 1683 986 2160 1155 977 0 1067 2345 1389 1255 1203 1142 1174 916 536 1361 996 963 292 1105 1816 709 
1433 1614 206 2105 1145 233 1046 0 2283 1320 217 1134 1073 298 707 723 1292 898 686 875 1041 1749 475 
2167 1115 2077 1611 1720 2051 2258 2132 0 1555 2299 1217 1652 2429 1935 1938 1254 1802 1968 2188 1466 2007 1775 
1224 966 1192 1390 897 1190 1402 1274 1558 0 1462 471 662 1555 1088 1077 522 968 1127 1228 666 803 886 
1565 1728 399 2214 1274 357 1175 248 2447 1434 0 1248 1206 278 821 837 1406 1065 800 1001 1151 1874 589 
1022 644 1011 1078 732 1009 1283 1093 1211 515 1281 0 557 1362 960 909 275 796 965 1109 546 926 728 
781 1098 954 1547 461 954 1183 1051 1746 724 1239 597 0 1337 913 855 694 525 897 1009 676 1122 678 
1625 1813 504 2274 1327 531 1218 353 2468 1526 298 1329 1266 0 894 744 1487 1128 873 1044 1243 1966 662 
1314 1441 545 1907 963 541 881 612 2106 1155 829 954 899 900 0 549 1119 749 78 701 680 1584 271 
1244 1407 716 1891 937 712 511 783 2079 1150 845 925 845 688 646 0 1085 695 619 331 784 1571 381 
1159 662 1136 1109 872 1134 1368 1218 1243 642 1406 285 692 1499 1068 1043 0 968 1111 1194 694 1066 868 
911 1244 863 1699 260 859 1096 926 1914 967 1114 745 471 1215 819 764 918 0 806 916 588 1380 587 
1314 1441 511 1907 972 507 925 578 2106 1150 795 943 916 866 92 586 1119 761 0 738 729 1579 303 
1247 1677 986 2160 1139 977 305 1067 2334 1383 1255 1197 1133 1109 908 523 1355 996 951 0 1105 1810 696 
1011 920 642 1330 669 638 875 709 1552 617 947 392 609 1019 598 543 563 453 585 695 0 1037 366 
1601 1383 1618 1845 1310 1616 1825 1700 2043 731 1891 891 1147 1987 1494 1497 936 1374 1537 1648 1040 0 1357 
1066 1251 381 1706 738 377 685 448 1945 973 665 756 678 736 288 353 925 528 324 505 645 1380 0 
0 1472 1349 1924 832 1340 1145 1431 2148 1109 1607 949 764 1673 1297 1274 1128 1064 1270 1250 981 1606 1079 
1365 0 1289 710 1048 1280 1501 1371 1031 808 1547 530 945 1613 1237 1214 550 1068 1210 1351 763 1307 1019 
1514 1677 0 2108 1170 124 1083 205 2353 1292 380 1165 1120 494 589 786 1333 952 573 924 1071 1789 499 
1864 669 1810 0 1539 1796 2037 1917 1543 1336 2076 1057 1464 2224 1753 1730 1095 1603 1726 1888 1286 1846 1535 
833 1236 985 1682 0 974 1144 1064 1934 888 1240 716 478 1277 887 893 913 342 890 994 647 1382 694 
1480 1651 141 2108 1135 0 1073 225 2329 1279 358 1139 1088 514 570 770 1307 952 554 916 1071 1776 483 
1188 1684 1017 2108 1099 1008 0 1099 2370 1324 1275 1172 1125 1176 860 567 1340 988 898 287 1100 1823 715 
1463 1601 198 2066 1124 250 1027 0 2277 1241 175 1089 1054 289 646 735 1257 877 623 873 1027 1738 448 
2067 1157 2004 1650 1749 2012 2240 2120 0 1516 2279 1267 1674 2415 1963 1925 1294 1841 1982 2091 1496 2104 1745 
1183 859 1072 1340 845 1063 1269 1154 1470 0 1330 403 577 1394 1012 983 440 836 969 1119 524 800 783 
1620 1784 374 2217 1296 358 1253 185 2463 1424 0 1272 1226 257 819 750 1440 1088 796 1103 1209 1945 621 
1036 616 1017 1049 739 1008 1253 1099 1237 420 1275 0 538 1311 910 910 272 730 923 1103 463 904 713 
770 1028 929 1461 455 919 1123 963 1710 571 1139 501 0 1212 824 830 661 591 827 973 523 1088 631 
1594 1758 462 2193 1264 514 1059 293 2442 1381 290 1246 1200 0 786 595 1414 1068 763 900 1156 1937 588 
1338 1390 548 1833 970 536 865 598 2075 1014 773 878 930 851 0 546 1070 741 49 684 653 1526 273 
1286 1429 748 1894 937 736 520 798 2099 1070 839 903 890 647 607 0 1085 704 571 339 836 1567 361 
1183 611 1119 1049 859 1110 1334 1201 1237 564 1377 293 682 1443 1070 1047 0 850 1018 1184 583 1047 833 
924 1176 856 1631 286 844 1073 921 1871 840 1097 668 539 1172 765 757 864 0 768 916 555 1345 572 
1338 1472 510 1924 976 498 880 560 2148 1105 735 949 936 813 98 561 1128 749 0 699 722 1602 278 
1188 1651 969 2108 1030 952 270 1016 2329 1286 1177 1139 1088 1008 821 528 1307 952 859 0 1071 1783 676 
970 882 623 1340 677 611 857 673 1538 516 848 384 620 951 532 538 580 427 535 676 0 1022 339 
1650 1416 1551 1862 1331 1542 1763 1633 2075 734 1823 893 1128 1885 1499 1476 934 1394 1472 1613 1016 0 1281 
1093 1236 413 1682 755 401 701 463 1934 895 638 723 710 734 264 382 919 524 268 520 685 1383 0 
0 1564 1619 2017 987 1607 1273 1670 2229 1264 1862 1066 821 1988 1476 1428 1250 1135 1497 1298 1032 1751 1254 
1478 0 1573 684 1195 1561 1715 1624 1108 895 1798 627 1076 1941 1343 1382 624 1219 1384 1549 883 1412 1208 
1512 1704 0 2114 1194 120 1085 173 2372 1359 367 1206 1114 524 626 771 1390 971 593 916 1086 1866 487 
1842 649 1985 0 1567 1988 2109 2130 1601 1318 2288 1026 1444 2357 1764 1774 1050 1565 1806 1942 1312 1818 1600 
812 1288 1139 1706 0 1127 1126 1190 1973 986 1364 782 484 1503 1043 995 988 376 1055 960 801 1489 840 
1591 1763 145 2166 1261 0 1152 239 2430 1428 343 1265 1193 590 648 834 1449 1026 615 986 1118 1946 550 
1183 1763 1089 2166 1128 1077 0 1140 2430 1428 1314 1265 1193 1247 913 607 1449 1026 963 298 1185 1946 770 
1591 1738 251 2139 1261 237 1126 0 2415 1410 194 1240 1193 404 742 811 1424 991 711 960 1162 1943 527 
2243 1220 2160 1668 1841 2163 2361 2305 0 1571 2463 1278 1696 2543 2072 2072 1293 1854 2092 2194 1564 2109 1852 
1251 911 1197 1331 898 1185 1397 1248 1601 0 1422 455 741 1561 1042 1064 465 971 1092 1231 578 784 900 
1727 1905 416 2277 1430 345 1296 220 2575 1562 0 1401 1329 310 912 846 1585 1139 876 1130 1319 2109 692 
1100 676 1139 1091 781 1127 1331 1190 1327 454 1364 0 660 1492 969 998 262 883 1019 1165 503 900 825 
803 1099 1054 1531 480 1042 1281 1105 1751 641 1279 588 0 1428 969 931 729 654 975 1115 650 1115 763 
1754 1929 550 2331 1457 567 1180 369 2661 1589 311 1428 1356 0 946 719 1612 1166 923 1014 1346 2109 730 
1339 1490 515 1924 993 521 854 593 2157 1154 787 982 930 918 0 544 1176 792 56 676 703 1641 287 
1339 1514 766 1968 973 772 519 844 2188 1154 853 1007 897 691 630 0 1200 766 665 341 885 1641 428 
1251 629 1331 1035 939 1319 1469 1382 1294 602 1556 297 813 1695 1127 1136 0 1026 1163 1303 650 1074 966 
947 1253 910 1671 300 919 1099 988 1932 937 1162 749 547 1287 828 780 952 0 846 916 648 1442 638 
1366 1517 459 1968 1048 465 927 537 2188 1183 731 1019 991 881 96 543 1203 839 0 723 757 1670 314 
1257 1763 1089 2166 1144 1077 341 1140 2430 1436 1305 1265 1193 1127 927 620 1449 1034 973 0 1193 1946 783 
1017 923 705 1372 696 711 927 783 1601 562 989 413 639 1127 626 610 595 499 644 742 0 1048 436 
1631 1338 1684 1756 1356 1672 1828 1735 2035 690 1920 877 1134 2061 1496 1493 887 1332 1537 1660 1024 0 1319 
1125 1335 398 1753 774 404 694 476 2035 970 670 820 719 772 304 363 1034 588 337 516 707 1489 0 
0 1580 1528 2077 869 1541 1154 1595 2254 1241 1783 1031 735 1880 1356 1370 1218 1127 1403 1255 1079 1695 1196 
1438 0 1595 695 1133 1576 1764 1662 1146 854 1832 616 1045 1971 1264 1437 592 1186 1311 1600 856 1362 1263 
1522 1756 0 2237 1174 136 1065 181 2481 1369 400 1207 1127 493 623 774 1394 985 635 916 1114 1853 478 
1847 618 1964 0 1542 1965 2222 2048 1547 1324 2210 996 1459 2316 1675 1845 1013 1638 1722 2009 1301 1778 1658 
801 1322 1138 1781 0 1151 1130 1205 1961 1013 1393 831 495 1492 1000 1006 1009 351 1047 966 778 1492 812 
1551 1792 166 2243 1202 0 1095 262 2481 1405 347 1243 1156 592 641 805 1430 1049 663 933 1134 1901 509 
1218 2377 1540 2823 1164 1553 0 1418 2959 1923 1339 1739 1552 1221 1348 870 1909 1145 1395 289 1648 2371 1206 
1527 1777 219 2237 1174 253 1084 0 2481 1390 224 1228 1132 392 720 783 1415 985 712 916 1124 1863 487 
2147 1180 2304 1681 1838 2310 2521 2421 0 1599 2560 1298 1734 2659 2008 2155 1311 1935 2054 2308 1584 2072 1976 
1258 964 1264 1470 966 1277 1438 1331 1683 0 1519 483 760 1618 1039 1111 548 1008 1086 1274 620 790 926 
1683 1970 404 2376 1334 332 1277 234 2622 1540 0 1378 1288 310 874 844 1565 1136 866 1113 1252 1995 641 
1099 674 1138 1103 815 1151 1301 1205 1342 439 1393 0 640 1492 948 1006 303 861 995 1137 494 936 802 
774 1112 1090 1582 511 1103 1277 1157 1730 650 1345 622 0 1444 933 944 763 626 970 1113 667 1175 750 
1720 2013 481 2419 1371 515 1127 301 2633 1582 258 1420 1325 0 906 686 1607 1154 896 963 1271 2072 671 
1350 1483 540 1965 1019 497 874 577 2149 1091 796 931 945 867 0 568 1121 806 95 695 712 1545 278 
1377 1605 849 2104 1019 806 540 834 2276 1241 791 1056 972 651 647 0 1243 819 670 361 911 1695 433 
1258 598 1301 1029 936 1314 1475 1368 1282 578 1556 288 779 1655 1057 1148 0 1008 1104 1311 651 1071 969 
951 1266 962 1725 320 972 1127 1049 1896 905 1237 781 541 1336 840 838 956 0 881 963 602 1393 641 
1390 1551 551 2011 1047 508 937 588 2236 1137 807 988 1001 878 74 628 1189 842 0 755 772 1591 318 
1218 2239 1409 2656 1136 1422 271 1259 2806 1800 1180 1638 1513 1062 1165 685 1813 1106 1212 0 1465 2280 1008 
1040 930 768 1406 710 725 925 805 1589 535 1003 431 635 1097 612 615 572 486 658 742 0 1065 418 
1673 1414 1750 1876 1354 1763 1983 1821 2088 727 1983 907 1175 2077 1449 1592 975 1418 1496 1755 1061 0 1418 
1135 1322 434 1781 807 391 701 471 1961 952 690 837 732 735 256 387 1034 592 297 522 732 1463 0 
0 1857 1729 2283 818 1718 1060 1821 2417 1266 1983 1081 725 1876 1488 1337 1230 1054 1509 1113 1118 1708 1335 
1864 0 1556 727 1484 1637 2079 1785 1006 937 1936 600 1213 1961 1341 1625 548 1530 1359 1886 1066 1441 1498 
1994 1913 0 2344 1561 122 1342 253 2463 1659 436 1304 1502 608 564 884 1472 1257 560 1193 1071 2222 620 
2221 635 2138 0 1881 2145 2695 2305 1479 1451 2401 1071 1678 2520 1845 2171 1029 1953 1859 2502 1589 1903 1983 
771 1646 1418 2089 0 1407 1014 1509 2230 1026 1672 911 490 1492 1177 999 1036 336 1198 859 811 1502 1024 
1994 1930 145 2360 1561 0 1325 276 2534 1693 370 1344 1502 626 615 880 1514 1257 611 1176 1109 2251 616 
1042 2319 1484 2759 1108 1473 0 1432 2893 2038 1352 1709 1477 1172 1272 788 1900 1124 1278 267 1532 2616 1126 
1926 2046 180 2474 1530 227 1272 0 2630 1764 183 1433 1457 382 727 848 1603 1226 657 1123 1219 2322 584 
2740 1486 2690 1997 2432 2697 3130 2851 0 1991 2970 1633 2264 3103 2385 2683 1558 2477 2406 2981 2114 2569 2476 
1490 1076 1333 1447 1118 1414 1690 1562 1610 0 1707 430 806 1733 1085 1303 470 1106 1123 1541 654 821 1140 
2122 2197 365 2625 1665 358 1278 200 2795 1914 0 1568 1588 288 863 820 1738 1361 793 1097 1370 2486 720 
1377 708 1277 1179 1028 1358 1599 1506 1256 504 1651 0 807 1677 980 1212 257 995 1018 1450 554 1066 1048 
793 1271 1388 1691 501 1377 1487 1479 1829 620 1670 673 0 1665 1147 1134 713 753 1168 1354 648 1154 994 
2061 2250 472 2678 1616 519 1127 332 2832 1957 232 1610 1630 0 900 605 1780 1403 830 968 1402 2537 757 
1710 1559 548 1984 1281 570 1010 785 2116 1083 882 1032 1248 843 0 584 1120 977 46 848 668 1549 285 
1570 1793 868 2228 1108 839 600 868 2397 1361 768 1095 1145 611 584 0 1254 837 581 443 849 1806 416 
1571 755 1387 1179 1200 1468 1767 1616 1291 548 1761 267 892 1787 1171 1380 0 1203 1189 1618 733 1154 1253 
978 1553 1220 1981 342 1209 1014 1311 2113 966 1425 841 592 1245 926 746 1000 0 966 858 634 1502 809 
1710 1594 520 2089 1281 524 1082 739 2162 1164 836 1092 1248 797 79 590 1187 977 0 924 742 1606 353 
1199 2232 1272 2660 1068 1293 236 1141 2806 1894 1061 1519 1535 897 1030 569 1689 1081 1070 0 1279 2417 943 
1075 1076 997 1468 808 1054 1272 1174 1610 595 1355 476 707 1372 579 845 660 577 625 1123 0 1154 678 
1864 1537 1694 1981 1560 1775 2153 1900 2087 724 2042 865 1120 2082 1473 1690 913 1586 1511 1960 1122 0 1563 
1490 1711 551 2148 1047 522 800 737 2286 1164 834 1004 1011 714 259 379 1154 739 256 643 717 1606 0 
0 1541 1395 1859 742 1400 1005 1438 1978 1161 1600 973 758 1659 1294 1297 1110 1017 1315 1057 968 1571 1148 
1321 0 1368 674 1041 1373 1605 1411 995 858 1573 552 996 1632 1159 1270 532 1075 1188 1471 804 1244 1121 
1314 1563 0 1886 997 125 976 150 2025 1161 312 1003 970 371 455 640 1132 786 427 827 865 1571 400 
1670 527 1684 0 1396 1689 1927 1727 1328 1168 1894 897 1333 1954 1556 1586 877 1437 1568 1787 1165 1578 1437 
809 1292 1145 1608 0 1150 925 1188 1728 948 1254 717 453 1131 1002 763 843 335 1028 756 689 1327 833 
1373 1612 126 1960 1055 0 1027 191 2048 1189 308 1052 1019 412 511 681 1181 827 483 868 914 1599 441 
964 1936 1212 2300 924 1217 0 1182 2465 1559 1149 1433 1342 1026 1077 668 1575 922 1051 260 1293 1975 887 
1313 1541 148 1859 962 205 967 0 1978 1161 162 985 958 254 478 619 1110 765 493 806 844 1571 379 
2013 1237 2052 1553 1743 2052 2273 2085 0 1516 2247 1263 1681 2306 1876 1951 1246 1784 1906 2124 1515 1931 1784 
1185 874 1168 1292 817 1204 1444 1242 1437 0 1404 384 612 1463 887 1109 423 879 922 1310 546 668 963 
1456 1704 293 2025 1148 310 1082 162 2139 1273 0 1144 1126 227 629 641 1273 942 644 944 1018 1683 530 
1042 613 1071 1055 674 1076 1322 1114 1164 421 1276 0 577 1323 791 960 217 736 819 1188 396 786 805 
822 1115 1070 1426 442 1075 1322 1113 1568 637 1275 546 0 1334 948 987 633 541 969 1188 518 1003 801 
1471 1734 369 2046 1171 426 950 252 2176 1305 219 1174 1141 0 658 510 1303 942 667 800 1064 1715 559 
1185 1364 433 1680 815 490 792 545 1800 966 707 793 801 681 0 456 919 619 40 643 466 1334 215 
1185 1418 705 1734 789 688 478 667 1864 1014 634 857 819 511 481 0 1000 631 469 329 676 1441 299 
1185 590 1173 1032 777 1178 1418 1216 1148 495 1378 217 701 1437 894 1083 0 839 922 1284 553 923 921 
940 1267 971 1583 253 948 925 1013 1683 905 1073 674 493 951 775 576 800 0 800 761 497 1299 639 
1185 1392 405 1708 836 460 828 515 1829 978 677 822 822 653 40 473 955 640 0 679 494 1369 236 
997 1804 1047 2129 870 1052 229 973 2236 1401 937 1242 1226 808 853 456 1371 861 838 0 1078 1823 675 
1026 870 805 1292 631 788 1010 843 1437 560 1008 370 608 1008 454 638 513 430 482 848 0 936 490 
1573 1402 1587 1718 1299 1592 1825 1630 1839 678 1792 845 1106 1853 1389 1489 884 1340 1418 1690 1015 0 1340 
1114 1292 412 1608 696 395 669 450 1728 931 612 720 682 612 215 299 846 500 236 520 563 1299 0 
0 1323 1266 1653 686 1277 1005 1299 1864 1073 1461 889 666 1520 1164 1166 1022 922 1185 1022 835 1481 1019 
1287 0 1224 605 959 1235 1432 1257 929 758 1419 504 893 1478 1084 1123 488 971 1112 1283 731 1175 977 
1287 1392 0 1722 893 118 878 123 1938 1102 285 943 930 344 436 569 1087 717 408 729 770 1510 357 
1643 523 1627 0 1328 1638 1837 1660 1298 1146 1823 880 1261 1886 1456 1527 864 1331 1484 1687 1111 1554 1380 
647 1117 850 1447 0 855 896 883 1643 840 1047 657 397 1104 753 726 786 251 774 747 502 1262 608 
1313 1437 118 1767 954 0 945 183 1974 1166 274 1003 1003 404 511 629 1132 777 483 789 830 1574 417 
964 1557 915 1902 863 919 0 939 2113 1265 1079 1123 1095 956 753 482 1252 874 781 253 894 1673 651 
1287 1392 123 1722 926 183 887 0 1938 1130 162 954 930 254 465 578 1087 726 476 738 779 1538 366 
1824 978 1815 1338 1504 1819 2022 1839 0 1332 2001 1075 1457 2065 1649 1703 1074 1507 1677 1873 1304 1740 1556 
1007 815 994 1132 750 981 1247 1027 1341 0 1189 382 564 1243 830 886 395 737 858 1098 481 706 729 
1424 1557 285 1902 1054 274 1059 162 2113 1265 0 1123 1095 227 627 641 1252 888 638 900 947 1673 528 
940 587 915 906 673 919 1143 944 1125 374 1106 0 509 1165 794 823 219 660 822 994 418 829 666 
715 1007 915 1338 441 919 1126 939 1570 553 1101 558 0 1165 804 816 583 548 825 977 504 1025 659 
1432 1557 344 1902 1078 404 925 252 2113 1265 219 1123 1127 0 636 510 1252 897 647 771 966 1673 537 
1132 1208 433 1538 769 440 729 468 1744 898 630 759 795 681 0 420 893 593 40 580 426 1326 208 
1195 1294 626 1624 796 631 451 659 1839 1014 633 853 829 510 471 0 1000 572 469 302 637 1439 299 
1012 568 1013 885 756 1024 1247 1046 1095 495 1208 218 633 1267 877 929 0 743 906 1098 528 987 762 
857 1048 726 1378 263 731 894 759 1581 784 923 601 516 951 629 581 730 0 650 745 407 1209 484 
1132 1249 398 1579 790 403 765 431 1785 931 593 787 816 652 40 456 923 614 0 616 454 1367 229 
1012 1504 854 1859 815 859 229 887 2048 1211 937 1070 1045 810 705 434 1199 826 733 0 846 1619 603 
820 836 558 1176 516 563 782 591 1371 510 753 363 530 812 420 473 505 381 448 633 0 1003 316 
1460 1201 1423 1531 1145 1434 1632 1456 1737 596 1618 786 985 1677 1239 1323 799 1142 1267 1483 885 0 1176 
947 1120 334 1450 627 339 612 367 1666 836 529 677 653 588 208 299 806 451 229 463 495 1254 0 
