21
10
5400
0
1082
1388
1388
1366
1295
1282
1158
1423
1441
1067
1063
1117
1247
1196
1043
1023
1464
1076
1074
919
0 921 793 1861 1844 1079 1178 554 882 136 1527 1593 388 1244 1294 1960 1509 615 842 1191 743 
866 0 810 1977 1958 506 1321 413 688 928 1638 1704 731 314 1405 2068 1620 397 1067 1342 760 
785 818 0 1415 1374 676 711 514 307 832 1079 1147 561 1007 832 1452 1021 623 640 732 67 
1821 1911 1322 0 1318 1923 1282 1633 1619 1861 778 594 1444 2083 736 1396 789 1742 1253 1392 1347 
1735 1833 1243 1310 0 1845 1213 1555 1540 1775 1019 1130 1365 1997 824 477 719 1664 1199 1338 1268 
976 484 642 1965 1936 0 1321 612 512 1014 1629 1695 752 490 1396 2059 1611 732 1066 1342 686 
1163 1275 671 1330 1265 1281 0 1001 977 1203 952 1069 793 1448 713 1396 910 1108 530 344 696 
529 410 537 1671 1682 663 1040 0 470 576 1375 1403 360 724 1142 1762 1354 123 797 1056 487 
859 552 315 1671 1668 410 1019 457 0 910 1361 1403 640 693 1128 1762 1343 580 951 1053 359 
134 959 823 1892 1880 1127 1212 584 912 0 1551 1617 418 1282 1318 1979 1533 641 860 1233 773 
1489 1593 1020 778 1058 1599 936 1314 1301 1529 0 856 1119 1766 273 1111 581 1423 948 1077 1026 
1593 1697 1118 614 1114 1703 1072 1418 1415 1633 912 0 1223 1911 785 1196 582 1527 1052 1191 1143 
379 728 579 1508 1469 791 789 357 668 423 1158 1240 0 1011 916 1547 1123 438 622 810 529 
1209 314 980 2177 2119 495 1486 727 846 1246 1812 1888 933 0 1579 2254 1794 711 1247 1507 939 
1268 1345 762 736 847 1351 696 1078 1059 1308 275 714 884 1518 0 947 439 1187 703 842 787 
1893 1987 1397 1471 496 2004 1356 1708 1694 1937 1169 1240 1519 2148 979 0 871 1825 1336 1475 1422 
1020 1109 519 917 820 1084 482 826 816 1057 555 642 641 1270 322 890 0 946 461 600 544 
540 397 618 1837 1844 786 1178 123 593 587 1499 1565 441 711 1266 1932 1481 0 931 1191 568 
844 1083 676 1326 1293 1063 529 785 943 882 960 1069 617 1243 724 1396 896 894 0 562 659 
1171 1275 676 1398 1326 1281 344 1007 977 1211 1019 1130 798 1448 785 1404 978 1116 563 0 701 
737 784 53 1419 1374 717 721 466 348 784 1079 1151 512 1007 842 1452 1070 575 643 742 0 
0 959 790 2093 2206 1113 1430 584 901 136 1904 1730 448 1302 1546 2261 1670 588 1051 1438 744 
915 0 861 2333 2532 712 1683 413 734 1021 2142 2057 898 332 1816 2587 1921 417 1318 1691 836 
813 933 0 1485 1653 758 838 541 308 880 1261 1180 664 1016 895 1705 1131 664 714 889 67 
2164 2363 1590 0 1644 2294 1412 2058 1891 2211 1036 595 1703 2510 955 1696 853 2179 1384 1565 1622 
2258 2440 1654 1536 0 2371 1473 2131 1956 2305 1293 1320 1767 2587 1139 632 922 2254 1446 1627 1686 
1010 527 656 2149 2336 0 1589 639 529 1120 2001 1828 878 490 1624 2391 1757 733 1318 1597 700 
1466 1762 831 1382 1500 1585 0 1347 1148 1547 1114 1077 1020 1917 721 1673 922 1473 631 488 830 
572 410 581 1906 2098 813 1318 0 498 639 1757 1611 550 742 1427 2124 1551 123 1022 1326 535 
880 621 322 1758 1932 499 1172 520 0 993 1582 1453 767 717 1252 1971 1393 620 1025 1180 366 
134 1010 842 2210 2348 1162 1555 636 957 0 2029 1902 503 1353 1686 2403 1821 640 1105 1563 796 
1835 2050 1216 989 1442 1940 1069 1691 1498 1881 0 1027 1382 2210 378 1563 723 1837 1127 1326 1257 
1835 2050 1255 654 1486 1968 1089 1691 1537 1881 1051 0 1382 2210 925 1538 582 1837 1087 1282 1296 
418 834 708 1622 1767 999 990 435 819 484 1433 1317 0 1184 1103 1829 1244 541 759 1008 662 
1144 324 955 2418 2623 602 1837 737 827 1254 2241 2142 1020 0 1909 2678 2019 741 1413 1870 942 
1509 1774 908 861 1113 1565 766 1359 1128 1590 388 819 1044 1912 0 1377 524 1498 791 997 906 
2343 2615 1774 1641 605 2508 1593 2306 2079 2390 1406 1412 1879 2815 1286 0 1042 2426 1566 1747 1806 
1225 1474 607 917 1075 1290 510 1050 844 1306 675 628 759 1567 329 1226 0 1195 495 718 606 
602 425 703 2210 2336 938 1532 164 662 669 2029 1902 672 757 1666 2391 1798 0 1163 1540 657 
1194 1561 875 1463 1631 1435 695 1157 1197 1233 1261 1158 939 1654 866 1696 1079 1290 0 746 874 
1410 1680 792 1445 1631 1537 370 1265 1100 1491 1261 1140 987 1773 844 1696 1042 1404 592 0 791 
762 900 53 1488 1660 802 850 490 352 829 1301 1183 640 1016 941 1712 1131 613 726 912 0 
0 1205 976 2145 2138 1352 1467 759 1047 143 1889 1799 487 1553 1541 2208 1648 781 1093 1524 961 
1235 0 976 2375 2343 735 1673 623 810 1312 2080 2050 1043 397 1747 2390 1863 597 1324 1730 1019 
923 1078 0 1496 1550 816 861 630 333 1030 1253 1186 691 1173 906 1628 1074 741 837 912 94 
2106 2242 1494 0 1539 2137 1517 1851 1858 2148 985 665 1627 2384 916 1617 861 1949 1438 1640 1528 
2062 2204 1449 1502 0 2101 1454 1793 1800 2104 1262 1199 1582 2348 1030 653 821 1896 1438 1640 1483 
1301 644 757 2314 2296 0 1619 795 536 1378 2065 1989 1012 620 1693 2343 1800 936 1301 1676 781 
1457 1631 810 1454 1539 1592 0 1256 1131 1571 1179 1144 1012 1793 849 1617 1018 1369 722 489 829 
672 518 722 1957 1987 884 1331 0 635 716 1727 1644 507 937 1386 2070 1493 156 1045 1373 668 
1139 712 406 1924 1953 499 1270 594 0 1216 1699 1616 861 827 1358 2049 1465 741 1163 1324 430 
159 1245 1019 2200 2186 1423 1490 790 1121 0 1916 1822 518 1624 1564 2228 1671 833 1140 1547 1007 
1877 2003 1271 1052 1328 1914 1168 1607 1622 1932 0 995 1404 2175 432 1406 677 1720 1204 1396 1305 
1778 1939 1204 721 1272 1864 1136 1550 1555 1855 1084 0 1333 2101 871 1346 567 1663 1120 1324 1238 
505 1101 785 1633 1654 1093 1001 553 844 527 1399 1323 0 1291 1058 1732 1217 634 846 1064 765 
1456 443 1144 2547 2519 604 1845 954 977 1533 2216 2222 1217 0 1895 2566 2062 1018 1493 1909 1187 
1457 1631 825 951 1090 1592 736 1256 1167 1571 392 778 1012 1793 0 1191 487 1369 857 1016 844 
2331 2432 1700 1759 760 2327 1710 2042 2100 2373 1528 1449 1897 2574 1285 0 1069 2138 1644 1832 1734 
1207 1396 581 970 988 1357 517 1011 912 1321 685 616 764 1558 343 1108 0 1115 600 709 600 
699 520 805 2031 2075 1051 1396 150 782 743 1790 1707 590 937 1449 2114 1556 0 1120 1453 751 
1078 1439 832 1454 1539 1400 704 1045 1155 1192 1164 1144 828 1601 844 1617 1015 1154 0 718 851 
1423 1603 787 1472 1539 1564 410 1228 1094 1537 1202 1162 978 1765 867 1617 1041 1345 649 0 806 
840 1026 91 1493 1539 910 847 555 423 884 1244 1183 677 1131 892 1617 1063 666 823 890 0 
0 1151 921 2098 2092 1249 1417 700 1049 136 1819 1750 484 1423 1479 2170 1598 706 1010 1433 862 
1211 0 998 2207 2268 673 1566 567 867 1241 1932 1982 970 387 1628 2334 1747 551 1266 1582 945 
983 1052 0 1446 1565 848 826 687 376 1004 1244 1152 679 1171 883 1591 1026 790 696 851 103 
2190 2329 1559 0 1565 2360 1534 1882 1959 2220 1033 663 1674 2455 946 1591 944 2028 1483 1654 1553 
2020 2181 1435 1497 0 2218 1405 1789 1857 2050 1178 1203 1550 2313 1012 689 819 1895 1400 1566 1429 
1211 645 703 2207 2202 0 1545 766 537 1241 1912 1979 951 612 1607 2268 1726 925 1246 1561 796 
1442 1590 842 1492 1565 1562 0 1213 1241 1507 1244 1198 1003 1736 880 1591 1055 1291 642 478 878 
662 549 723 1917 2016 794 1269 0 608 743 1688 1618 499 990 1347 2021 1466 167 965 1315 660 
1035 721 361 1808 1889 525 1181 581 0 1071 1576 1512 848 814 1235 1946 1360 743 1066 1241 454 
138 1220 967 2098 2107 1309 1434 759 1078 0 1827 1767 505 1483 1496 2170 1615 765 1035 1450 924 
1889 2042 1326 999 1352 2057 1196 1633 1724 1919 0 1088 1424 2171 432 1378 756 1711 1178 1359 1320 
1797 1971 1251 701 1300 1993 1217 1566 1649 1863 1033 0 1357 2099 888 1302 614 1644 1151 1319 1245 
456 1007 751 1633 1657 922 954 498 848 520 1353 1339 0 1198 1012 1683 1134 601 713 961 688 
1351 444 1089 2328 2335 677 1682 908 964 1381 2033 2124 1073 0 1744 2401 1868 1017 1388 1698 1073 
1457 1627 895 837 1024 1599 822 1213 1277 1522 387 780 1025 1773 0 1078 490 1291 775 961 915 
2270 2389 1659 1719 740 2420 1634 2039 2006 2300 1421 1437 1774 2515 1251 0 1044 2140 1583 1754 1653 
1194 1309 627 974 992 1281 594 967 991 1259 646 660 768 1455 340 1048 0 1040 509 712 663 
679 554 834 2098 2092 938 1417 169 747 760 1819 1750 626 1011 1479 2170 1598 0 1104 1433 771 
1038 1309 825 1446 1467 1256 703 947 1075 1103 1179 1152 751 1430 839 1493 981 1020 0 699 861 
1442 1592 844 1492 1565 1564 479 1213 1241 1507 1284 1198 1003 1738 916 1591 1055 1291 672 0 880 
887 996 75 1446 1565 876 824 617 404 974 1244 1152 659 1149 881 1591 1026 720 694 849 0 
0 1132 891 2095 2115 1162 1344 689 992 136 1812 1719 446 1388 1474 2163 1596 697 1098 1403 881 
1097 0 998 2204 2280 683 1511 496 817 1143 1896 1895 965 398 1628 2328 1750 468 1233 1570 986 
945 999 0 1464 1518 758 791 655 316 1010 1229 1151 701 1108 892 1600 1026 795 703 830 84 
2006 2207 1414 0 1518 2055 1478 1779 1777 2051 925 618 1558 2291 975 1600 864 1884 1398 1537 1443 
1896 2128 1338 1460 0 1968 1393 1703 1701 1941 1159 1147 1482 2200 916 639 776 1794 1313 1452 1367 
1175 613 761 2204 2280 0 1511 760 531 1221 1896 1895 990 587 1628 2328 1750 893 1233 1570 801 
1333 1517 747 1443 1397 1389 0 1132 1103 1378 1143 1130 937 1615 808 1479 966 1223 598 456 790 
637 512 685 1884 1904 792 1206 0 568 727 1632 1544 463 930 1299 2017 1421 146 943 1265 675 
1008 686 420 1924 1944 480 1200 597 0 1053 1675 1587 835 820 1342 2036 1464 707 1098 1251 460 
134 1191 957 2095 2146 1216 1359 751 1033 0 1827 1749 469 1442 1504 2197 1626 759 1134 1418 940 
1650 1829 1096 984 1215 1699 1095 1452 1459 1695 0 949 1224 1955 307 1281 665 1543 1051 1227 1125 
1682 1871 1114 667 1202 1728 1200 1481 1477 1727 1033 0 1256 1955 840 1267 564 1572 1073 1251 1143 
553 1003 715 1613 1627 928 896 528 771 587 1336 1300 0 1168 1003 1709 1150 637 697 940 722 
1402 440 1108 2435 2505 630 1746 920 972 1448 2177 2160 1180 0 1904 2553 2000 890 1477 1812 1166 
1406 1560 803 874 1120 1432 774 1183 1173 1451 302 804 995 1658 0 1173 522 1274 771 961 846 
2082 2290 1493 1619 661 2130 1557 1856 1857 2127 1311 1306 1637 2366 1133 0 953 1972 1477 1616 1522 
1169 1278 538 949 1015 1196 554 922 854 1214 581 634 723 1422 321 1049 0 1046 499 674 581 
655 511 786 2004 2059 950 1322 171 715 745 1757 1669 564 930 1424 2123 1546 0 1052 1381 776 
1159 1278 745 1443 1368 1170 575 922 1037 1175 1143 1130 749 1396 803 1450 953 1028 0 626 788 
1331 1517 746 1443 1518 1389 445 1132 1102 1376 1191 1130 937 1615 852 1600 1023 1223 627 0 789 
866 1003 58 1460 1518 816 777 590 374 956 1229 1147 667 1131 878 1600 1023 730 689 816 0 
0 1129 890 2136 2082 1292 1465 687 959 147 1847 1777 476 1415 1499 2162 1698 677 1042 1540 924 
1147 0 1007 2305 2298 682 1691 526 860 1231 2073 1977 1045 412 1696 2351 1927 534 1353 1766 1059 
938 1044 0 1513 1505 782 843 653 323 993 1316 1226 683 1131 979 1693 1133 740 793 929 72 
2084 2434 1504 0 1494 2234 1444 1937 1857 2114 1032 649 1642 2541 932 1682 898 2020 1446 1645 1540 
1991 2333 1399 1446 0 2132 1348 1830 1751 2021 1196 1159 1537 2439 955 643 787 1943 1340 1539 1435 
1296 629 699 2245 2209 0 1574 776 550 1380 1978 1888 1037 624 1608 2255 1809 889 1314 1649 766 
1397 1634 799 1429 1494 1573 0 1231 1110 1443 1207 1142 952 1771 879 1682 1034 1347 712 518 838 
692 543 731 2020 1958 854 1359 0 653 742 1725 1666 541 987 1388 2122 1587 180 990 1434 780 
1043 708 356 1906 1899 504 1231 584 0 1127 1634 1575 870 851 1297 2064 1496 742 1149 1332 423 
164 1201 955 2136 2082 1351 1473 748 1020 0 1847 1785 487 1474 1507 2162 1706 738 1077 1548 976 
1800 2047 1240 917 1291 1948 1116 1646 1592 1855 0 1028 1357 2245 402 1472 741 1751 1149 1375 1276 
1821 2060 1261 671 1205 1973 1162 1657 1613 1857 1128 0 1368 2247 930 1397 607 1762 1149 1375 1297 
453 1088 773 1599 1599 1148 940 524 860 483 1396 1312 0 1255 1059 1787 1258 608 750 1069 789 
1482 433 1135 2535 2523 640 1891 963 990 1566 2282 2207 1289 0 1951 2576 2160 986 1579 1977 1204 
1480 1761 890 895 1026 1706 806 1341 1243 1526 379 812 1037 1920 0 1115 547 1446 841 1038 927 
2141 2461 1561 1605 733 2260 1501 1992 1921 2171 1337 1318 1699 2567 1108 0 955 2118 1503 1702 1597 
1211 1413 627 897 880 1421 574 1064 957 1257 668 604 766 1550 371 1008 0 1169 570 719 666 
693 544 824 2136 2082 1006 1465 146 792 743 1847 1777 634 987 1499 2162 1698 0 1093 1540 873 
1065 1413 871 1450 1494 1427 620 1064 1162 1111 1215 1163 790 1550 930 1682 1061 1169 0 739 919 
1453 1708 844 1467 1494 1632 468 1288 1169 1499 1272 1180 1010 1920 935 1682 1061 1393 721 0 883 
921 1065 67 1513 1505 832 846 647 373 993 1316 1226 656 1146 979 1693 1146 734 796 938 0 
0 1126 1169 2216 2241 1505 1456 867 1264 166 1878 1888 486 1474 1547 2283 1756 796 1165 1472 1143 
1135 0 1032 2355 2422 709 1646 553 861 1203 2052 2052 1068 405 1737 2493 1961 530 1388 1662 1036 
1005 1072 0 1495 1571 786 874 686 327 1073 1301 1198 760 1094 953 1617 1085 802 794 854 85 
2065 2377 1464 0 1552 2316 1443 1990 1765 2126 941 615 1653 2528 990 1598 872 2111 1438 1550 1489 
2029 2312 1410 1495 0 2254 1400 1922 1711 2090 1219 1198 1599 2466 995 662 821 2011 1426 1538 1435 
1250 658 676 2277 2314 0 1546 792 527 1318 1948 1974 1034 618 1637 2373 1849 952 1344 1562 728 
1444 1654 789 1450 1552 1572 0 1220 1089 1489 1168 1153 1011 1844 825 1598 1030 1370 724 521 817 
694 510 720 2095 2098 849 1311 0 600 750 1747 1747 526 929 1415 2152 1624 162 1050 1327 711 
1066 707 340 1908 1936 498 1159 567 0 1134 1595 1595 860 800 1263 2006 1472 708 1141 1213 392 
150 1178 1169 2216 2264 1505 1471 884 1264 0 1879 1925 503 1526 1562 2352 1771 875 1165 1487 1163 
1862 2148 1234 993 1406 2065 1211 1724 1535 1923 0 1035 1423 2279 404 1452 718 1853 1222 1323 1259 
1862 2148 1215 726 1427 2049 1230 1705 1516 1892 1050 0 1404 2254 924 1473 625 1834 1199 1298 1240 
551 1126 781 1648 1705 1153 1003 595 949 595 1432 1351 0 1367 1100 1751 1255 697 834 1047 809 
1479 447 1137 2540 2585 642 1835 1006 983 1547 2224 2237 1226 0 1942 2633 2139 970 1562 1884 1198 
1488 1776 844 869 1077 1626 870 1342 1143 1533 365 784 1068 1926 0 1256 497 1492 837 961 872 
2248 2611 1635 1698 697 2466 1614 2185 1938 2309 1416 1402 1825 2678 1226 0 1045 2285 1609 1721 1660 
1267 1424 577 935 1050 1371 639 989 876 1312 645 642 788 1579 339 1118 0 1147 571 676 605 
724 501 829 2216 2273 1062 1475 201 801 780 1886 1925 626 900 1566 2352 1775 0 1240 1491 820 
1215 1484 837 1488 1571 1439 686 1049 1136 1260 1242 1191 869 1639 916 1617 1058 1197 0 673 865 
1488 1703 837 1562 1638 1619 532 1269 1136 1533 1314 1265 1045 1926 978 1684 1152 1419 763 0 865 
988 1082 55 1504 1575 822 882 669 363 1056 1301 1207 748 1140 960 1621 1085 785 802 862 0 
0 1142 1054 2357 2421 1516 1554 809 1154 136 1996 2069 511 1477 1725 2404 1940 776 1193 1741 1021 
1092 0 1011 2684 2744 660 1957 625 874 1155 2373 2396 1169 360 2139 2690 2260 489 1678 2193 1062 
1107 1128 0 1616 1653 759 894 728 336 1170 1351 1315 827 1124 1191 1613 1235 836 942 1004 70 
2475 2582 1629 0 1456 2319 1396 2244 1891 2506 1033 645 2049 2615 987 1416 869 2315 1639 1681 1658 
2568 2754 1790 1743 0 2461 1548 2353 2033 2599 1335 1442 2142 2811 1077 702 1080 2441 1805 1871 1832 
1444 632 691 2377 2421 0 1690 769 560 1497 2088 2089 1221 582 1855 2404 1959 872 1587 1861 735 
1611 1891 932 1458 1537 1663 0 1469 1242 1651 1129 1157 1209 2030 860 1497 1029 1592 762 419 928 
799 539 682 2274 2304 850 1468 0 587 816 1906 1986 565 899 1643 2287 1856 152 1217 1653 641 
1312 781 379 2080 2127 500 1353 638 0 1375 1806 1786 1116 838 1549 2100 1659 769 1327 1379 423 
156 1184 1054 2357 2421 1516 1554 809 1154 0 1996 2069 511 1519 1725 2404 1940 841 1193 1741 1021 
2226 2282 1354 1027 1313 2047 1117 1978 1618 2257 0 1036 1778 2366 328 1366 753 2065 1333 1375 1383 
2226 2308 1354 691 1297 2081 1154 1978 1645 2257 1033 0 1778 2384 880 1220 598 2065 1330 1372 1383 
438 1006 731 1785 1848 1220 999 491 823 455 1499 1484 0 1341 1268 1791 1357 566 871 1103 690 
1436 388 1146 2755 2780 583 2098 978 1003 1499 2461 2465 1457 0 2227 2781 2329 877 1775 2344 1197 
1885 1928 1009 899 990 1692 818 1601 1271 1916 298 824 1461 2030 0 1089 548 1724 1045 1138 1059 
2837 3029 2068 1941 735 2712 1836 2652 2285 2845 1567 1650 2441 3015 1423 0 1288 2746 2030 2142 2106 
1490 1673 805 979 1076 1425 559 1362 1004 1530 682 627 1059 1759 411 1018 0 1485 706 815 839 
797 489 757 2357 2421 1000 1554 167 739 801 1996 2069 652 849 1725 2404 1940 0 1297 1734 716 
1251 1821 972 1610 1633 1698 611 1311 1282 1291 1262 1309 1059 1955 1004 1593 1157 1434 0 679 966 
1603 1839 900 1610 1633 1631 436 1449 1210 1643 1262 1309 1201 1974 1004 1593 1157 1572 731 0 906 
1092 1162 53 1648 1688 800 875 677 377 1140 1362 1347 769 1165 1191 1648 1235 778 922 971 0 
0 921 817 1934 1888 1192 1271 554 912 136 1611 1656 411 1235 1378 1960 1519 615 947 1294 767 
894 0 849 2068 2029 588 1375 439 717 937 1708 1753 803 314 1475 2059 1616 397 1150 1398 799 
853 852 0 1462 1425 676 787 534 307 889 1168 1167 576 1011 922 1485 1030 643 684 780 67 
1936 2008 1391 0 1321 2008 1315 1714 1688 1980 778 603 1615 2201 824 1381 829 1825 1334 1465 1416 
1903 1973 1359 1374 0 1983 1269 1682 1640 1947 1079 1163 1583 2188 897 484 782 1791 1262 1393 1384 
1068 489 645 2068 2029 0 1375 644 512 1104 1708 1753 794 503 1475 2059 1616 760 1117 1398 689 
1239 1479 714 1380 1304 1381 0 1181 1012 1279 996 1085 837 1687 752 1364 942 1284 568 345 739 
559 410 574 1787 1711 770 1142 0 470 599 1453 1492 381 724 1220 1771 1355 123 868 1164 524 
936 583 318 1761 1685 410 1104 460 0 961 1417 1466 673 724 1184 1745 1329 583 999 1096 362 
134 959 847 1965 1910 1211 1271 584 957 0 1634 1679 441 1273 1401 1960 1542 641 979 1294 797 
1629 1697 1066 908 1124 1708 988 1409 1339 1669 0 864 1310 1911 273 1159 586 1518 1042 1164 1091 
1676 1744 1129 626 1171 1755 1064 1456 1425 1716 925 0 1357 1979 784 1196 567 1565 1072 1193 1154 
386 737 629 1610 1521 1014 916 366 718 426 1279 1315 0 1054 1046 1581 1162 447 721 912 579 
1226 314 994 2182 2241 498 1525 753 849 1262 1852 1891 1009 0 1611 2169 1752 711 1264 1548 945 
1328 1537 826 764 949 1470 731 1249 1101 1368 275 722 1009 1745 0 1009 444 1358 824 912 851 
2077 2130 1522 1620 496 2139 1445 1855 1849 2121 1234 1346 1746 2333 1104 0 964 1961 1435 1566 1547 
1069 1301 543 892 944 1211 481 995 840 1109 580 616 666 1509 347 932 0 1099 527 609 568 
568 415 667 1897 1852 877 1271 123 593 604 1570 1615 476 729 1337 1909 1478 0 987 1294 617 
982 1279 744 1441 1358 1290 610 989 1051 1022 1091 1146 718 1487 850 1418 999 1098 0 604 769 
1227 1479 706 1441 1358 1373 348 1179 1004 1267 1079 1146 829 1687 846 1418 990 1284 624 0 731 
807 878 53 1479 1425 717 797 488 348 843 1168 1184 532 1041 930 1485 1053 597 694 790 0 
0 868 728 1837 1796 1000 1212 550 817 136 1545 1569 393 1183 1312 1881 1438 545 923 1231 678 
866 0 818 1965 1928 503 1352 413 688 910 1663 1687 735 314 1430 1994 1556 397 1106 1371 774 
785 818 0 1398 1329 676 738 514 307 821 1059 1130 561 1000 825 1403 960 623 666 795 67 
1832 1925 1322 0 1284 1914 1261 1646 1626 1872 778 594 1458 2088 736 1358 780 1755 1252 1389 1347 
1749 1875 1243 1320 0 1838 1194 1568 1550 1793 1032 1130 1379 2022 823 477 713 1677 1199 1336 1268 
991 484 642 1965 1928 0 1352 639 512 1039 1663 1687 784 490 1430 1994 1556 750 1106 1371 686 
1163 1268 671 1282 1256 1262 0 1001 977 1207 952 1024 793 1429 713 1358 875 1108 530 344 696 
529 410 541 1671 1630 651 1088 0 470 565 1375 1403 364 724 1142 1704 1272 123 823 1112 491 
859 552 315 1671 1630 410 1049 459 0 895 1361 1403 660 681 1128 1704 1272 582 976 1077 359 
134 894 754 1861 1844 1023 1240 576 843 0 1567 1591 423 1199 1334 1909 1460 571 947 1259 704 
1499 1607 1020 778 1058 1601 936 1333 1296 1543 0 857 1129 1768 273 1159 577 1442 948 1087 1026 
1571 1676 1081 637 1114 1670 1033 1402 1388 1615 906 0 1201 1879 784 1169 548 1511 1018 1160 1106 
379 737 584 1444 1415 786 823 366 673 419 1158 1176 0 1007 916 1489 1063 447 639 880 534 
1210 314 955 2177 2122 495 1570 727 823 1257 1860 1888 975 0 1620 2186 1746 711 1277 1589 953 
1268 1340 764 736 835 1334 696 1078 1065 1312 275 715 886 1501 0 981 435 1187 703 879 789 
1899 1986 1382 1474 496 1979 1356 1706 1689 1945 1169 1240 1518 2164 979 0 865 1825 1324 1461 1407 
1020 1099 521 908 840 1084 480 833 818 1064 554 609 643 1248 321 916 0 946 459 635 546 
540 397 638 1817 1773 774 1212 123 593 576 1522 1546 445 711 1289 1847 1415 0 946 1231 588 
900 1045 678 1282 1265 1038 529 786 943 939 960 1024 619 1222 724 1358 875 895 0 598 659 
1171 1268 676 1337 1304 1262 359 1007 977 1215 1019 1069 798 1429 785 1378 939 1116 563 0 701 
737 780 53 1398 1329 717 748 466 348 773 1079 1130 512 997 835 1403 972 575 669 805 0 
