13
15
3600
0
2564
1964
2664
1816
2395
2112
2476
2468
1935
1841
2469
2406
0 1168 913 1380 926 41 1072 1767 309 175 753 988 435 
1183 0 393 1592 453 1217 963 2034 1021 1142 973 495 779 
930 406 0 1275 112 967 672 1670 731 876 648 174 530 
1344 1548 1225 0 1115 1331 798 1186 1398 1223 648 1057 1083 
953 477 114 1163 0 987 560 1574 755 891 536 67 554 
41 1212 945 1362 961 0 1099 1748 346 162 740 1007 456 
1090 960 672 826 562 1077 0 1229 950 952 381 526 756 
1738 1944 1610 1220 1500 1725 1245 0 1796 1617 1048 1442 1479 
308 1033 713 1450 728 345 948 1874 0 461 819 789 402 
175 1187 940 1286 948 162 1031 1670 462 0 660 921 546 
752 994 639 643 529 739 379 974 825 631 0 471 509 
968 510 182 1117 73 955 524 1498 823 842 487 0 622 
435 798 545 1117 560 456 730 1498 377 546 492 621 0 
0 1323 961 1776 948 41 1094 2141 309 175 959 1002 476 
1262 0 393 1790 453 1296 963 2141 1077 1327 984 495 849 
942 406 0 1464 112 979 672 1784 736 980 655 174 561 
1472 1566 1246 0 1115 1459 798 1257 1585 1344 648 1057 1211 
962 477 114 1293 0 999 560 1625 760 999 543 67 585 
41 1353 997 1776 999 0 1128 2141 346 162 959 1061 510 
1097 960 672 826 562 1131 0 1311 950 1111 381 526 737 
1957 2035 1680 1395 1549 1944 1274 0 2034 1814 1079 1491 1634 
308 1089 727 1654 742 345 963 1987 0 461 842 799 424 
175 1452 1134 1749 1132 162 1263 2090 462 0 919 1188 629 
918 994 643 643 533 888 379 1068 847 773 0 475 614 
995 510 182 1209 73 1029 524 1625 828 980 494 0 633 
451 960 677 1427 692 485 753 1761 413 594 618 681 0 
0 1765 1461 1907 1455 58 1585 2348 521 190 1131 1513 681 
1616 0 393 1815 468 1601 1076 2245 1418 1471 1033 509 1005 
1392 481 0 1565 217 1363 893 2029 1141 1203 794 282 772 
1763 2065 1767 0 1565 1734 1101 1730 1870 1574 828 1480 1505 
1207 557 186 1373 0 1178 676 1828 1141 1024 577 67 774 
41 1771 1467 1907 1461 0 1585 2348 562 195 1131 1519 722 
1302 1152 826 1088 660 1273 0 1543 1209 1113 412 621 827 
2075 2411 2063 1540 1920 2085 1512 0 2218 1883 1195 1835 1874 
463 1394 1115 2091 1109 521 1528 2607 0 629 1309 1167 618 
194 1609 1365 1748 1359 181 1433 2208 684 0 979 1417 845 
952 1229 874 939 729 954 442 1272 1155 770 0 660 760 
1174 598 232 1336 73 1166 656 1756 1184 976 528 0 818 
590 1250 980 1572 1000 648 1015 2029 568 756 801 931 0 
0 1544 1188 1792 1175 41 1370 2094 492 223 991 1246 544 
1602 0 466 1954 512 1590 1263 2262 1379 1446 1164 626 1061 
1238 553 0 1566 156 1227 957 1883 991 1096 797 270 688 
1621 1923 1543 0 1369 1601 1053 1488 1747 1457 793 1281 1408 
1251 693 239 1410 0 1232 794 1721 1024 1088 641 114 709 
63 1574 1218 1766 1205 0 1387 2059 532 210 965 1276 580 
1337 1350 914 1056 730 1317 0 1488 1189 1173 465 652 861 
2018 2300 1927 1504 1764 2005 1500 0 2131 1814 1196 1676 1791 
461 1352 907 1792 927 498 1190 2094 0 684 991 998 513 
260 1544 1188 1640 1175 225 1302 1974 737 0 858 1192 765 
918 1238 802 753 636 917 501 1232 1074 714 0 528 671 
1157 699 274 1334 110 1140 743 1640 1057 1004 554 0 737 
553 1073 713 1410 719 590 1002 1721 528 711 643 812 0 
0 1484 1217 1697 1187 75 1331 1998 474 293 977 1245 516 
1555 0 459 1889 555 1541 1304 2177 1444 1357 1150 607 1018 
1179 515 0 1546 184 1183 948 1889 938 1004 805 255 626 
1613 1957 1610 0 1405 1599 1053 1459 1844 1415 831 1286 1383 
1197 620 204 1359 0 1183 761 1722 993 1004 621 71 655 
41 1524 1241 1673 1211 0 1372 1998 514 239 953 1230 547 
1238 1303 1017 1056 765 1224 0 1459 1165 1040 447 710 826 
1885 2186 1814 1468 1656 1862 1431 0 2097 1686 1118 1537 1654 
418 1281 1025 1697 996 474 1218 1998 0 653 977 1054 475 
222 1353 1093 1523 1063 213 1238 1866 690 0 789 1080 723 
879 1141 819 776 620 864 528 1161 1007 712 0 545 593 
1145 714 316 1319 136 1131 710 1668 1092 946 570 0 754 
533 997 705 1367 683 589 948 1722 488 718 626 754 0 
0 1507 1160 1652 1157 41 1333 1978 480 207 942 1191 512 
1505 0 557 1796 491 1513 1217 2121 1374 1355 1086 591 1030 
1129 529 0 1490 173 1148 894 1743 932 990 741 282 622 
1514 1819 1410 0 1261 1500 1026 1346 1708 1342 761 1165 1275 
1134 576 219 1319 0 1120 721 1569 948 980 568 109 656 
85 1536 1185 1626 1182 0 1333 1978 517 194 924 1165 528 
1287 1406 985 1075 852 1273 0 1426 1282 1115 515 753 955 
1930 2261 1892 1508 1709 1924 1533 0 2093 1776 1218 1613 1717 
478 1359 971 1652 959 519 1130 1978 0 640 942 1043 474 
290 1434 1077 1521 1074 221 1254 1794 680 0 771 1082 709 
851 1255 857 712 650 851 466 1068 1096 679 0 545 555 
1134 685 367 1286 160 1107 693 1569 1116 946 540 0 721 
517 1031 690 1367 662 558 813 1644 536 639 621 771 0 
0 1360 1097 1597 1089 41 1336 1986 504 175 868 1140 518 
1505 0 449 1864 552 1492 1324 2237 1328 1346 1135 627 1040 
1105 491 0 1445 169 1098 948 1809 932 952 740 241 611 
1461 1742 1400 0 1232 1448 1094 1296 1642 1302 732 1140 1273 
1135 569 185 1301 0 1126 814 1670 969 980 608 99 659 
41 1360 1097 1558 1089 0 1381 1954 541 162 855 1121 555 
1191 1228 944 921 768 1178 0 1406 1198 1032 429 689 836 
1918 2223 1880 1424 1681 1905 1550 0 2065 1758 1195 1589 1725 
351 1198 877 1655 862 388 1187 2034 0 515 914 947 470 
212 1355 1076 1452 1068 199 1280 1814 695 0 743 1010 680 
786 1025 729 671 563 773 472 1068 1034 657 0 484 573 
1055 608 266 1244 96 1042 736 1578 1032 896 529 0 715 
468 960 693 1268 678 505 856 1668 441 632 571 743 0 
0 1449 1171 1648 1160 41 1318 1984 435 190 914 1229 482 
1429 0 435 1937 489 1464 1159 2219 1316 1300 1190 552 951 
1119 470 0 1493 184 1152 883 1844 989 980 776 267 643 
1558 1815 1503 0 1285 1521 1010 1358 1663 1345 767 1225 1291 
1217 569 209 1343 0 1180 724 1667 1066 1004 630 92 741 
41 1490 1208 1643 1197 0 1358 1984 476 177 900 1251 523 
1218 1232 992 970 791 1180 0 1358 1118 1004 415 742 848 
1978 2291 1902 1455 1743 1961 1487 0 2168 1814 1208 1683 1752 
393 1288 868 1731 892 430 1127 2071 0 575 1014 946 470 
217 1411 1145 1493 1134 204 1209 1844 652 0 777 1168 699 
865 1178 788 717 670 852 488 1085 1005 676 0 608 692 
1163 622 272 1275 127 1122 667 1608 1051 946 560 0 758 
543 962 639 1343 663 580 842 1667 494 642 623 746 0 
0 1466 1165 1713 1182 65 1289 2005 465 262 937 1207 495 
1520 0 510 2062 567 1504 1244 2340 1386 1428 1231 620 1045 
1133 481 0 1585 165 1117 900 1865 934 1051 828 237 634 
1541 1864 1459 0 1308 1525 1061 1438 1770 1449 787 1242 1396 
1179 553 221 1414 0 1163 741 1694 996 1075 663 72 687 
47 1524 1189 1713 1206 0 1330 2005 507 217 937 1242 534 
1197 1249 933 1059 753 1181 0 1438 1153 1106 428 675 840 
1985 2236 1970 1512 1730 1971 1522 0 2137 1846 1215 1664 1850 
479 1280 907 1739 916 490 1180 2037 0 662 963 992 461 
228 1416 1084 1578 1101 215 1241 1865 686 0 820 1111 723 
864 1144 827 794 618 851 453 1123 965 664 0 531 634 
1133 615 310 1366 97 1117 682 1662 1049 1051 602 0 762 
567 997 727 1425 717 567 918 1704 482 670 673 789 0 
0 1730 1284 1662 1287 90 1409 2061 464 288 918 1210 551 
1586 0 474 1856 540 1573 1279 2240 1438 1418 1127 591 1118 
1172 453 0 1512 167 1159 918 1798 989 1004 771 234 698 
1548 1858 1434 0 1287 1535 1037 1414 1788 1380 773 1210 1395 
1148 521 176 1347 0 1135 748 1646 1022 980 604 67 732 
41 1663 1217 1633 1241 0 1387 2020 505 237 918 1185 592 
1316 1273 895 1020 723 1303 0 1461 1264 1148 485 704 892 
2057 2179 1919 1508 1713 2033 1516 0 2175 1824 1214 1636 1864 
470 1503 1050 1745 1074 512 1241 2136 0 680 1018 1127 550 
212 1554 1112 1535 1136 191 1286 1824 662 0 798 1086 760 
894 1176 775 797 603 876 476 1135 1108 713 0 528 703 
1092 553 250 1299 78 1079 697 1583 1084 924 553 0 787 
529 1128 710 1399 728 565 872 1678 521 683 658 795 0 
0 1645 1214 1922 1204 41 1329 2244 461 192 1168 1244 510 
1793 0 436 1942 500 1770 1131 2172 1526 1611 1280 543 1235 
1432 500 0 1741 168 1409 923 1968 1212 1250 993 230 882 
1824 1894 1550 0 1414 1796 1019 1342 1915 1637 779 1382 1612 
1337 578 137 1570 0 1314 770 1787 1212 1155 845 81 924 
41 1676 1245 1922 1235 0 1393 2212 502 179 1149 1297 551 
1532 1266 930 1135 800 1509 0 1422 1377 1350 517 750 1076 
2558 2550 2239 1728 2101 2545 1659 0 2611 2390 1428 2082 2323 
517 1346 907 1863 906 549 1157 2157 0 625 1048 962 518 
260 1684 1333 1726 1255 247 1301 1968 721 0 940 1185 770 
1113 1279 862 851 741 1100 459 1208 1212 924 0 683 950 
1245 645 205 1480 84 1222 707 1724 1110 1063 784 0 854 
547 1267 898 1614 900 581 948 1968 501 700 768 880 0 
0 1520 1145 1908 1112 41 1223 2224 393 175 1162 1171 511 
1571 0 445 1863 502 1596 1040 2152 1335 1497 1192 544 1102 
1297 432 0 1560 128 1328 741 1859 1023 1225 877 190 846 
1776 1745 1490 0 1345 1763 918 1296 1957 1621 764 1275 1567 
1266 504 135 1456 0 1253 613 1699 1042 1111 768 67 866 
41 1562 1187 1894 1154 0 1252 2295 430 162 1164 1213 545 
1462 1015 709 984 578 1449 0 1315 1468 1307 426 543 1150 
2377 2364 2088 1640 1968 2364 1589 0 2508 2248 1412 1935 2125 
446 1181 822 1762 818 483 1123 2097 0 612 993 880 448 
201 1612 1308 1770 1175 188 1219 2097 556 0 970 1105 685 
1117 1131 819 851 688 1104 383 1059 1296 952 0 630 924 
1213 536 203 1443 73 1200 564 1659 1106 1058 718 0 835 
506 1183 838 1530 834 540 918 1781 482 674 741 805 0 
0 1316 983 1479 998 41 1137 1798 352 175 824 1060 470 
1312 0 393 1619 453 1301 963 1940 1066 1167 991 498 815 
1001 406 0 1362 112 1038 672 1652 752 924 667 174 560 
1406 1595 1298 0 1188 1393 833 1195 1557 1259 693 1130 1241 
1031 477 114 1247 0 1068 560 1549 778 946 555 67 586 
41 1353 1025 1467 1040 0 1162 1782 391 162 811 1102 502 
1127 960 672 883 562 1114 0 1284 1015 980 399 526 754 
1918 2121 1792 1351 1682 1905 1394 0 2042 1754 1193 1624 1713 
360 1090 737 1524 752 397 1001 1859 0 510 877 813 436 
175 1413 1094 1387 1065 162 1093 1707 469 0 718 1007 632 
803 994 659 711 549 790 383 1036 894 656 0 491 597 
1037 510 182 1214 73 1024 524 1512 846 888 506 0 654 
483 994 702 1262 717 506 754 1585 413 623 568 701 0 
0 1187 928 1458 939 41 1083 1762 309 175 841 1001 435 
1250 0 393 1592 453 1261 963 1936 1052 1159 1012 495 802 
949 406 0 1314 112 936 672 1627 741 879 709 174 537 
1344 1548 1225 0 1115 1331 854 1186 1403 1207 648 1057 1097 
967 477 114 1214 0 984 560 1523 765 914 597 67 561 
41 1237 964 1450 979 0 1110 1749 346 162 828 1033 469 
1106 960 672 826 562 1093 0 1229 950 980 381 526 754 
1735 1933 1602 1231 1492 1722 1274 0 1793 1598 1040 1434 1473 
334 1059 719 1467 734 371 948 1789 0 487 826 795 414 
175 1219 964 1322 979 162 1084 1627 467 0 708 948 600 
768 994 639 662 529 755 390 974 844 639 0 471 516 
1017 510 182 1163 73 1015 525 1512 833 884 548 0 629 
435 820 556 1155 571 469 730 1512 391 593 528 632 0 
0 1180 928 1380 939 41 1072 1792 309 175 759 999 435 
1216 0 393 1592 453 1242 963 2021 1037 1194 972 495 797 
930 406 0 1262 112 955 672 1672 771 980 641 174 532 
1336 1548 1225 0 1115 1323 798 1285 1421 1209 648 1057 1096 
953 477 114 1155 0 978 560 1599 795 987 529 67 556 
41 1187 940 1380 948 0 1099 1783 346 162 746 994 469 
1093 960 672 826 562 1114 0 1320 934 1058 381 526 737 
1726 1933 1602 1231 1492 1713 1245 0 1791 1599 1040 1434 1494 
308 1044 720 1434 735 345 948 1851 0 461 813 796 402 
175 1212 964 1294 979 162 1036 1704 462 0 666 948 596 
781 994 642 643 532 773 379 974 827 725 0 474 510 
988 510 182 1105 73 984 524 1513 826 946 480 0 624 
476 814 562 1117 577 510 730 1518 388 628 487 638 0 
