13
10
5400
0
2234
2224
2425
2560
1991
2333
1951
2310
1829
2005
2090
2463
0 1378 483 1050 1078 374 688 737 1226 1387 924 1024 334 
1258 0 1023 1762 1787 1111 1260 1397 1274 138 1648 1747 1139 
352 1141 0 745 776 88 462 438 1059 1181 626 730 318 
1051 1938 863 0 581 766 684 604 1735 1936 216 146 971 
1146 2012 952 588 0 843 712 681 1818 2020 403 664 1064 
398 1047 180 885 917 0 374 511 972 1095 766 870 230 
653 1409 380 741 717 468 0 258 1274 1441 615 612 485 
735 1529 491 622 653 471 257 0 1382 1561 503 607 596 
1131 1232 920 1659 1684 1008 1154 1291 0 1257 1545 1644 1023 
1296 139 1092 1843 1859 1180 1329 1466 1311 0 1717 1823 1177 
916 1744 728 272 397 631 549 469 1545 1776 0 303 833 
1088 1963 908 154 620 805 614 643 1759 1972 255 0 1030 
343 1196 322 1027 1058 367 516 653 1119 1232 908 1024 0 
0 1767 608 1434 1467 520 879 1037 1386 1768 1323 1366 457 
1475 0 1202 2245 2256 1372 1555 1782 1461 140 2123 2172 1262 
510 1625 0 1051 1068 161 632 681 1194 1569 873 985 446 
1337 2497 1135 0 576 1113 764 676 2071 2476 217 159 1237 
1438 2693 1257 599 0 1225 824 769 2189 2672 426 666 1359 
445 1466 230 1201 1222 0 499 677 1039 1415 1078 1116 285 
738 1758 444 761 775 605 0 288 1346 1746 654 620 578 
885 1909 591 702 746 752 343 0 1523 1910 575 660 725 
1302 1668 999 2025 2027 1169 1331 1571 0 1669 1922 1949 1067 
1581 143 1308 2389 2403 1478 1661 1876 1551 0 2267 2281 1368 
1229 2288 948 290 397 946 628 564 1878 2279 0 323 1053 
1361 2362 1111 146 608 1117 619 708 1933 2346 249 0 1214 
408 1735 413 1363 1400 516 682 860 1239 1615 1252 1281 0 
0 1585 606 1415 1423 557 807 1035 1324 1670 1284 1375 427 
1501 0 1203 2060 2104 1320 1502 1735 1464 196 1944 1990 1360 
499 1443 0 943 958 133 560 578 1133 1528 820 885 417 
1336 2200 1071 0 735 969 919 831 2044 2313 276 191 1247 
1336 2227 1096 821 0 996 947 854 2054 2340 568 926 1272 
518 1326 226 1108 1124 0 427 651 1043 1349 969 1062 284 
823 1596 459 843 916 592 0 415 1367 1681 741 757 589 
966 1700 592 771 813 603 329 0 1500 1785 649 714 722 
1232 1443 981 1868 1888 1098 1300 1513 0 1528 1720 1812 1102 
1551 202 1253 2119 2174 1370 1552 1785 1503 0 2005 2049 1410 
1197 2052 921 408 572 807 776 679 1893 2153 0 478 1123 
1415 2342 1165 227 824 1093 824 951 2148 2446 365 0 1341 
432 1467 451 1318 1352 584 652 876 1218 1552 1187 1278 0 
0 1470 553 1220 1259 456 812 859 1338 1597 1113 1174 394 
1433 0 1170 2047 2089 1298 1474 1633 1420 193 1962 1993 1294 
463 1259 0 840 927 106 560 493 1118 1390 743 803 366 
1179 2074 975 0 772 898 818 703 1878 2199 235 164 1096 
1331 2189 1114 733 0 1038 954 841 1987 2314 501 859 1236 
434 1157 195 1030 1080 0 454 662 999 1289 912 982 260 
698 1490 399 868 929 505 0 380 1344 1617 800 805 524 
860 1699 561 732 813 638 374 0 1514 1845 635 695 686 
1283 1422 1024 1908 1955 1152 1329 1487 0 1549 1792 1839 1144 
1481 200 1220 2094 2129 1348 1524 1683 1481 0 1995 2040 1342 
1085 1961 848 381 538 798 718 603 1769 2086 0 402 1003 
1293 2152 1074 212 864 1005 706 795 1954 2277 327 0 1196 
370 1422 397 1220 1259 459 656 862 1230 1549 1131 1174 0 
0 1459 564 1195 1245 454 758 857 1279 1504 1123 1141 341 
1406 0 1151 1981 2002 1251 1423 1577 1401 156 1850 1910 1246 
402 1247 0 814 874 89 476 482 1114 1309 713 766 324 
1196 2170 1011 0 641 892 921 783 1878 2204 321 168 1130 
1299 2335 1111 712 0 1010 958 875 2012 2376 541 798 1224 
404 1173 193 960 1021 0 387 612 1008 1239 857 912 235 
711 1580 426 817 915 515 0 397 1310 1625 728 676 542 
947 1793 647 760 820 680 415 0 1527 1842 659 712 763 
1229 1340 954 1750 1800 1054 1267 1421 0 1391 1678 1696 1069 
1430 195 1175 2004 2052 1275 1447 1601 1401 0 1888 1933 1270 
1088 2041 868 362 465 758 766 649 1747 2057 0 348 1003 
1275 2263 1102 190 798 986 744 867 1970 2318 405 0 1215 
359 1309 363 1137 1173 452 557 782 1199 1357 1073 1083 0 
0 1609 630 1419 1429 525 850 1016 1325 1619 1315 1360 360 
1458 0 1206 2215 2194 1328 1496 1680 1462 186 2095 2151 1300 
418 1331 0 910 989 115 560 556 1136 1339 864 847 371 
1316 2262 1127 0 733 1042 859 870 2031 2295 314 155 1246 
1316 2262 1127 739 0 1042 952 870 2031 2295 525 826 1246 
491 1231 242 1075 1144 0 445 677 1067 1236 1018 1016 256 
817 1609 478 799 944 593 0 434 1367 1619 746 678 582 
904 1682 562 770 864 665 343 0 1495 1692 729 712 666 
1248 1382 1009 2002 1972 1131 1298 1455 0 1416 1877 1938 1068 
1470 188 1218 2215 2208 1340 1508 1692 1501 0 2095 2151 1312 
1179 2143 994 403 487 909 719 726 1887 2132 0 398 1104 
1381 2288 1174 181 796 1074 735 912 2054 2344 377 0 1293 
401 1357 394 1241 1291 509 597 829 1136 1373 1137 1182 0 
0 1591 614 1431 1368 546 802 995 1391 1671 1286 1398 374 
1480 0 1256 2269 2283 1391 1480 1722 1479 204 2195 2125 1335 
499 1426 0 969 958 150 573 558 1191 1506 843 944 414 
1333 2341 1093 0 755 1016 925 828 2042 2366 266 254 1228 
1413 2362 1165 722 0 1100 947 847 2136 2407 531 886 1300 
461 1260 235 1146 1088 0 423 685 1036 1349 1022 1072 264 
780 1595 457 808 905 607 0 432 1410 1675 701 669 583 
924 1725 598 814 802 700 411 0 1539 1811 692 761 724 
1292 1490 1034 2068 2016 1169 1258 1500 0 1570 1940 1913 1147 
1535 151 1311 2332 2320 1446 1535 1777 1543 0 2268 2188 1390 
1207 2180 973 426 520 873 740 700 1953 2225 0 381 1113 
1348 2341 1100 160 778 1049 698 851 2042 2366 289 0 1235 
445 1454 396 1325 1254 546 584 846 1238 1534 1180 1222 0 
0 1582 722 1713 1625 579 978 1119 1466 1694 1602 1579 396 
2041 0 1892 2721 2877 2016 2013 2228 1808 157 2692 2577 1841 
466 1509 0 1293 1167 110 698 650 1351 1621 1193 1223 414 
1585 2531 1326 0 694 1223 850 1015 2363 2569 305 161 1620 
1488 2472 1217 697 0 1105 848 843 2278 2510 498 828 1502 
582 1398 415 1413 1405 0 636 790 1249 1510 1302 1279 304 
954 1582 587 820 1005 697 0 376 1466 1694 798 669 685 
1054 1765 666 982 824 754 354 0 1603 1883 844 882 764 
1360 1310 1293 2134 2277 1402 1389 1649 0 1422 2089 1982 1164 
1880 150 1676 2540 2663 1785 1827 2011 1614 0 2516 2401 1668 
1450 2364 1194 406 455 1098 690 871 2186 2402 0 472 1495 
1638 2364 1221 190 745 1276 705 1023 2186 2402 356 0 1552 
454 1423 557 1483 1470 626 711 865 1279 1535 1372 1349 0 
0 1467 560 1275 1296 439 775 856 1303 1517 1147 1245 381 
1447 0 1218 2034 2042 1306 1485 1627 1465 138 1890 2007 1309 
354 1191 0 979 974 89 482 494 1058 1281 796 939 346 
1111 1924 930 0 588 823 721 651 1781 1980 222 177 1059 
1147 1947 985 588 0 868 726 696 1845 2008 403 661 1087 
482 1112 199 1130 1098 0 393 530 972 1202 966 978 257 
758 1467 416 756 779 505 0 279 1311 1517 615 612 533 
853 1540 529 744 733 588 275 0 1459 1590 563 695 646 
1145 1241 921 1721 1733 1009 1188 1330 0 1324 1593 1691 1023 
1380 139 1151 1950 1965 1239 1418 1560 1400 0 1834 1924 1242 
984 1753 810 300 401 696 594 524 1636 1804 0 301 930 
1164 1963 1000 156 652 887 623 715 1845 2045 286 0 1108 
367 1336 393 1275 1296 445 587 724 1188 1386 1147 1185 0 
0 1338 485 1050 1078 376 688 737 1181 1376 934 1027 334 
1253 0 1023 1780 1800 1112 1260 1397 1275 138 1663 1764 1134 
393 1177 0 757 792 117 491 442 1045 1220 643 735 371 
1121 1877 929 0 588 826 728 673 1734 1936 241 146 1064 
1163 1924 982 588 0 866 725 712 1770 1969 403 657 1076 
419 1063 182 881 917 0 374 511 945 1095 767 859 254 
677 1359 381 737 717 498 0 258 1231 1397 615 612 512 
761 1469 492 634 669 485 257 0 1347 1507 520 612 623 
1097 1229 884 1641 1661 989 1123 1260 0 1253 1524 1625 1000 
1296 139 1070 1828 1851 1159 1307 1444 1312 0 1710 1812 1177 
954 1706 762 272 397 663 565 510 1568 1744 0 296 893 
1163 1924 982 146 651 868 614 715 1783 1972 283 0 1076 
343 1229 324 1027 1058 369 516 653 1082 1245 918 1004 0 
