11
10
5400
0
2234
2224
2425
2560
1991
2333
1951
2310
1829
2005
0 714 1078 434 515 711 1295 1681 885 211 1805 
653 0 1426 388 749 1064 1621 2066 1226 641 2180 
1051 1376 0 1091 865 446 1131 1554 1133 1141 1676 
435 391 1220 0 522 838 1400 1824 1016 423 1998 
534 754 935 554 0 563 1131 1464 1024 597 1586 
604 930 614 646 419 0 734 1067 674 691 1177 
1294 1632 1220 1347 1070 796 0 751 1339 1381 771 
1635 1984 1568 1688 1439 1148 776 0 1693 1722 437 
914 1235 1103 945 995 732 1265 1659 0 991 1781 
211 710 1220 430 622 847 1407 1842 1016 0 2010 
1635 1984 1568 1688 1439 1148 773 434 1693 1722 0 
0 739 1287 465 538 890 1709 2008 1160 267 2245 
675 0 1745 402 780 1366 2105 2466 1528 666 2724 
1330 1700 0 1479 995 472 1351 1798 1345 1530 2108 
485 419 1470 0 542 1091 1848 2194 1335 462 2439 
559 782 1053 556 0 673 1204 1698 1371 644 1991 
798 1212 695 879 520 0 821 1399 942 949 1679 
1633 2032 1432 1748 1279 932 0 947 1695 1799 1000 
2134 2548 1870 2263 1777 1344 876 0 2131 2316 619 
1442 1950 1371 1640 1706 1263 2061 2403 0 1469 2648 
211 734 1439 449 645 1053 1857 2194 1335 0 2439 
2134 2548 1870 2263 1777 1344 866 477 2131 2316 0 
0 906 1291 558 682 943 1503 1901 1133 316 2084 
874 0 1750 498 983 1351 1992 2375 1536 850 2509 
1399 1787 0 1418 1214 676 1433 1827 1520 1507 1955 
596 534 1482 0 664 1083 1696 2087 1283 565 2230 
754 993 1127 699 0 752 1367 1746 1298 839 1865 
713 1117 709 788 570 0 892 1303 885 832 1418 
1491 1916 1417 1510 1371 896 0 976 1573 1599 1004 
1975 2322 1883 2000 1806 1379 998 0 2030 2033 682 
1127 1527 1335 1158 1278 943 1503 1901 0 1253 2084 
282 935 1417 593 801 1033 1661 2052 1249 0 2196 
1872 2247 1788 1907 1717 1291 915 632 1963 1964 0 
0 840 1235 567 730 802 1490 1858 1062 302 2050 
741 0 1589 472 934 1276 1876 2223 1377 773 2328 
1234 1603 0 1299 1070 503 1309 1694 1239 1295 1878 
545 502 1420 0 691 1097 1685 2044 1194 577 2151 
723 981 1071 694 0 654 1364 1716 1170 816 1910 
681 1051 695 769 582 0 843 1152 820 799 1292 
1470 1860 1391 1535 1372 890 0 895 1477 1531 1020 
1896 2299 1773 1994 1728 1302 934 0 1894 1982 568 
1080 1435 1310 1131 1306 889 1535 1877 0 1138 2050 
352 864 1449 591 894 1136 1705 2080 1225 0 2183 
1853 2269 1742 1964 1697 1271 904 540 1864 1947 0 
0 797 1212 475 632 832 1397 1824 1025 326 2026 
808 0 1692 546 922 1309 1892 2333 1453 835 2449 
1198 1498 0 1244 993 502 1309 1678 1238 1257 1822 
568 437 1458 0 669 1075 1656 2128 1210 490 2198 
663 867 1093 628 0 706 1316 1717 1188 814 1848 
658 1008 682 690 491 0 871 1166 753 809 1290 
1442 1742 1364 1488 1268 881 0 924 1471 1501 1029 
1928 2217 1869 1933 1717 1330 956 0 1893 1977 574 
1028 1355 1247 1101 1138 837 1397 1824 0 1103 2026 
289 858 1399 536 815 1030 1607 2041 1168 0 2154 
1928 2217 1869 1933 1717 1330 948 567 1893 1977 0 
0 929 1338 615 706 937 1559 2030 1080 330 2070 
949 0 1804 509 898 1404 1985 2341 1543 863 2487 
1282 1694 0 1375 1019 492 1297 1722 1299 1355 1715 
658 484 1521 0 592 1124 1725 2133 1260 578 2228 
683 923 1127 637 0 716 1334 1758 1246 723 1751 
785 1130 746 796 543 0 888 1175 784 835 1279 
1573 1953 1369 1666 1329 866 0 879 1546 1646 1037 
2068 2324 1878 2030 1775 1332 939 0 1982 2105 673 
1136 1565 1291 1246 1255 885 1500 1960 0 1232 1967 
326 929 1484 569 833 1087 1703 2133 1246 0 2221 
2068 2324 1878 2030 1775 1332 956 573 1982 2105 0 
0 947 1270 584 678 899 1575 1971 1159 308 2056 
887 0 1772 504 928 1389 2052 2494 1591 872 2563 
1321 1674 0 1393 1028 518 1361 1739 1386 1422 1851 
613 521 1486 0 655 1103 1776 2192 1319 598 2261 
704 896 1151 631 0 768 1458 1786 1358 779 1926 
777 1182 713 820 492 0 925 1299 821 852 1419 
1590 1977 1407 1688 1308 893 0 871 1610 1717 917 
1992 2354 1774 2160 1702 1284 923 0 1947 2115 652 
1165 1591 1323 1233 1250 942 1575 1971 0 1262 2041 
347 956 1500 614 838 1117 1799 2211 1358 0 2280 
2030 2401 1861 2231 1759 1341 931 539 1993 2204 0 
0 1039 1336 653 564 948 1684 2066 1183 257 2153 
983 0 2126 511 861 1493 2266 2507 1817 849 2599 
1540 1798 0 1550 1074 512 1388 1705 1285 1600 1797 
725 526 1857 0 562 1207 1942 2206 1560 574 2298 
797 836 1235 644 0 812 1342 1577 1409 874 1669 
959 1323 978 1085 588 0 1236 1504 1037 1124 1596 
1928 2105 1558 1872 1352 1050 0 888 1946 1989 891 
2565 2814 2393 2600 2113 1787 1075 0 2600 2687 465 
1326 1776 1326 1467 1318 944 1757 2163 0 1411 2255 
325 945 1777 566 754 1274 1937 2294 1452 0 2386 
2596 2814 2393 2600 2113 1830 1017 499 2600 2725 0 
0 797 1152 466 525 794 1429 1687 960 211 1767 
690 0 1499 404 752 1177 1762 2066 1275 684 2138 
1177 1553 0 1264 951 489 1283 1565 1188 1293 1645 
451 408 1271 0 522 957 1529 1786 1074 445 1867 
550 754 1001 554 0 645 1201 1492 1119 617 1572 
689 1082 660 850 459 0 852 1114 725 825 1194 
1426 1772 1302 1483 1161 880 0 770 1426 1512 829 
1889 2234 1750 1943 1638 1334 874 0 1876 1975 437 
1059 1455 1193 1166 1104 818 1415 1687 0 1195 1767 
238 777 1302 444 673 957 1552 1824 1102 0 1956 
1889 2234 1750 1943 1638 1334 780 434 1876 1975 0 
0 704 1123 435 515 750 1287 1636 881 211 1817 
680 0 1474 396 749 1116 1662 2001 1259 676 2147 
1051 1371 0 1094 865 446 1131 1496 1119 1141 1678 
447 385 1263 0 522 885 1423 1756 1016 443 1951 
534 754 964 554 0 581 1131 1429 1024 597 1611 
604 918 684 647 419 0 724 1071 673 691 1258 
1293 1639 1218 1362 1063 796 0 753 1330 1394 771 
1631 1984 1564 1700 1441 1151 761 0 1672 1732 437 
960 1267 1191 990 1045 801 1318 1656 0 1035 1833 
215 698 1263 429 642 883 1423 1756 1016 0 1951 
1631 1984 1564 1700 1441 1151 758 434 1672 1732 0 
