21
10
5400
0
1082
1388
1388
1366
1295
1282
1158
1423
1441
1067
1063
1117
1247
1196
1043
1023
1464
1076
1074
919
0 1707 506 1738 1740 1668 1705 664 1531 1714 825 2133 1339 1526 1386 829 1687 1210 1416 1456 897 
1783 0 1395 1814 1836 1722 1780 1740 1606 1789 1535 2202 1449 547 1382 971 1762 971 2182 1452 1236 
528 1325 0 1347 1357 1282 1314 604 1140 1323 410 1752 949 1152 1002 452 1304 826 996 1075 520 
1874 1868 1472 0 936 383 407 1824 326 28 1612 405 781 1635 1070 1094 866 993 2260 1078 1134 
2190 2132 1781 994 0 1258 1290 2200 1017 960 1959 1399 1173 1937 750 1403 415 1178 2582 681 1430 
1793 1711 1405 383 965 0 228 1750 285 358 1545 667 471 1530 1025 1029 892 952 2198 1035 998 
1796 1771 1408 407 936 228 0 1753 261 408 1548 589 623 1590 1002 1030 868 929 2198 1012 1070 
675 1773 604 1814 1809 1742 1774 0 1600 1783 384 2202 1389 1592 1455 888 1756 1279 1012 1525 959 
1559 1525 1171 337 705 311 364 1516 0 309 1311 706 513 1344 782 814 652 712 1959 792 850 
1845 1795 1456 28 891 358 435 1809 301 0 1596 433 756 1614 1038 1078 838 975 2246 1048 1106 
866 1429 386 1463 1465 1389 1430 378 1256 1439 0 1869 1053 1256 1108 556 1412 950 777 1178 624 
2274 2221 1873 405 1327 734 592 2218 725 433 2015 0 1192 2035 1467 1495 1274 1401 2600 1477 1535 
1453 1445 987 770 855 466 631 1338 533 745 1133 1147 0 1266 993 759 802 922 1779 1003 614 
1511 547 1123 1575 1577 1485 1542 1468 1368 1551 1263 1983 1212 0 1242 731 1524 996 1912 1312 1005 
1481 1487 1116 1103 757 1029 1039 1441 881 1079 1236 1500 972 1311 0 749 434 435 1890 78 912 
945 968 503 1090 1094 1021 1034 848 874 1066 638 1495 744 779 753 0 1057 478 1237 823 380 
1874 1772 1486 914 422 1159 1191 1848 934 886 1626 1319 1033 1635 434 1101 0 826 2288 365 1121 
1286 968 833 1004 1040 942 954 1180 791 980 973 1409 881 996 438 494 829 0 1604 508 730 
1476 2075 996 2101 2114 2025 2045 1030 1892 2076 713 2460 1679 1896 1746 1189 2062 1570 0 1823 1253 
1559 1561 1171 1103 688 1043 1082 1516 891 1079 1311 1508 981 1380 78 819 365 505 1959 0 918 
1003 1267 548 1124 1130 989 1103 893 911 1100 683 1529 614 1078 916 364 1075 740 1276 982 0 
0 1747 611 2142 2088 1851 2055 816 1897 2130 1147 2488 1484 1655 1677 865 2045 1368 1986 1763 931 
1885 0 1488 2252 2240 2034 2191 1927 2024 2240 1719 2624 1728 568 1805 1077 2192 1197 2529 1884 1318 
712 1335 0 1737 1657 1327 1497 812 1468 1725 658 2027 938 1257 1336 460 1586 857 1448 1384 520 
2287 2174 1924 0 1042 469 418 2344 338 28 2104 416 859 2106 1294 1460 915 1264 2973 1218 1429 
2287 2174 1924 1118 0 1129 1178 2344 1035 1090 2104 1545 1042 2106 857 1460 491 1299 2973 788 1453 
1849 1785 1462 500 1084 0 232 1902 312 478 1693 662 474 1693 1323 1138 957 1193 2529 1279 1020 
2093 2034 1696 460 1042 228 0 2148 277 461 1929 588 660 1950 1294 1329 935 1193 2765 1244 1232 
747 2034 879 2431 2417 2176 2370 0 2203 2419 554 2804 1809 1981 1994 1156 2369 1666 1370 2077 1230 
1849 1724 1453 357 811 335 459 1902 0 322 1684 715 531 1632 1011 1097 688 966 2529 988 1058 
2248 2105 1845 35 1009 444 453 2317 310 0 2077 451 834 2035 1294 1409 879 1249 2951 1218 1403 
1063 1536 545 1907 1859 1525 1695 579 1661 1895 0 2260 1148 1444 1509 659 1777 1123 1007 1593 719 
2518 2468 2139 412 1356 654 588 2584 604 440 2344 0 1107 2402 1578 1759 1285 1484 3185 1581 1660 
1448 1529 1085 928 987 474 658 1532 582 897 1320 1117 0 1438 1236 784 836 1142 2104 1160 614 
1646 571 1270 1970 1953 1741 1893 1702 1727 1958 1501 2334 1447 0 1560 831 1867 1078 2297 1646 1078 
1885 1620 1474 1404 951 1261 1307 1911 1182 1376 1705 1754 1295 1693 0 1118 526 561 2529 81 1129 
975 968 597 1449 1390 1184 1307 1073 1182 1437 766 1754 818 855 1053 0 1319 498 1631 1139 418 
2093 1987 1693 941 493 934 1011 2148 800 913 1929 1368 848 1895 446 1265 0 1010 2752 377 1276 
1510 1091 1110 1547 1461 1359 1405 1555 1280 1535 1354 1869 1281 1107 625 677 1180 0 2125 706 928 
1674 2214 1246 2652 2635 2379 2590 1195 2424 2640 755 3038 2019 2152 2181 1345 2587 1867 0 2264 1419 
1885 1783 1474 1337 877 1261 1307 1911 1182 1309 1705 1754 1255 1693 78 1118 454 630 2529 0 1129 
1001 1280 637 1375 1320 1009 1200 1126 1108 1363 788 1680 620 1182 1109 388 1249 785 1667 1112 0 
0 1868 587 1998 1907 1839 1909 775 1692 1965 928 2400 1546 1699 1546 876 1901 1268 1730 1623 950 
2098 0 1666 2239 2167 2056 2131 2053 1989 2206 1782 2628 1910 631 1611 1216 2145 1062 2508 1688 1524 
617 1412 0 1630 1568 1467 1560 697 1350 1615 547 2056 1180 1287 1190 488 1495 912 1375 1267 557 
2289 2221 1878 0 1286 590 501 2297 398 44 2018 489 1091 2087 1506 1432 1213 1297 2748 1512 1501 
2153 2097 1742 1270 0 1237 1314 2128 1103 1236 1881 1763 1219 1970 1078 1306 580 1153 2599 998 1398 
2098 1989 1659 535 1286 0 324 2053 387 516 1775 834 680 1875 1413 1223 1213 1178 2495 1419 1210 
2141 2085 1732 588 1198 322 0 2118 329 569 1871 713 836 1943 1383 1296 1123 1153 2599 1389 1365 
809 1892 722 2084 1978 1901 2004 0 1768 2051 415 2478 1627 1793 1622 985 1975 1344 1329 1699 1035 
1876 1868 1471 404 900 454 584 1859 0 361 1587 893 723 1708 1082 1035 898 912 2309 1088 1102 
2251 2181 1828 43 1286 546 544 2225 354 0 1930 532 1031 2011 1453 1377 1206 1234 2646 1459 1446 
974 1530 503 1743 1681 1596 1673 479 1463 1728 0 2174 1289 1433 1311 619 1608 1035 1116 1388 688 
2633 2547 2222 490 1657 840 661 2630 777 534 2351 0 1449 2444 1875 1794 1584 1650 3131 1889 1876 
1798 1779 1420 1124 1150 641 831 1824 761 1109 1536 1390 0 1676 1383 1011 1078 1153 2270 1389 837 
1975 687 1583 2133 2020 1934 2027 1975 1876 2100 1699 2542 1795 0 1700 1133 2012 1325 2430 1777 1441 
1701 1616 1323 1463 1093 1316 1393 1724 1183 1448 1439 1893 1354 1627 0 955 659 566 2184 91 1143 
1064 1070 629 1384 1301 1196 1314 1107 1103 1369 800 1820 942 922 1010 0 1228 645 1613 1091 496 
2102 2035 1681 1233 551 1171 1248 2085 1047 1199 1797 1726 1148 1894 638 1245 0 1073 2525 562 1318 
1365 1070 1026 1295 1220 1148 1225 1420 1014 1280 1135 1720 1176 1214 603 626 1147 0 1900 694 883 
1698 2309 1262 2463 2380 2280 2355 1291 2221 2430 878 2901 2153 2202 2041 1388 2388 1755 0 2144 1439 
1825 1773 1445 1463 991 1316 1393 1853 1183 1448 1561 1893 1374 1741 88 1011 580 654 2303 0 1143 
1080 1330 695 1409 1337 1239 1339 1162 1111 1394 866 1869 833 1251 1156 455 1264 871 1637 1175 0 
0 1868 624 2094 1982 1868 1903 858 1772 2031 898 2488 1694 1674 1573 936 1953 1337 1616 1653 1009 
1877 0 1436 2129 1982 1890 1956 1940 1811 2066 1628 2516 1694 679 1645 1046 1953 1191 2327 1725 1334 
611 1404 0 1590 1485 1409 1481 768 1303 1550 463 2012 1227 1243 1129 487 1456 833 1124 1209 566 
2134 2118 1716 0 1279 532 532 2204 437 51 1934 524 1122 1977 1397 1373 1250 1271 2601 1402 1462 
2015 1966 1588 1239 0 1138 1210 2077 1020 1197 1780 1687 1142 1844 1017 1245 524 1176 2466 947 1334 
1914 1868 1457 513 1120 0 385 1958 432 505 1649 817 591 1712 1293 1114 1084 1125 2348 1298 1215 
2015 1966 1572 567 1120 346 0 2066 427 566 1764 695 803 1834 1271 1229 1061 1115 2453 1276 1318 
813 1888 780 2173 2019 1945 1979 0 1900 2110 451 2581 1749 1766 1649 1022 2004 1413 1181 1729 1089 
1753 1670 1296 412 793 413 531 1828 0 378 1488 969 707 1540 970 941 776 797 2187 987 1018 
2088 2039 1667 34 1193 503 566 2146 386 0 1852 558 1069 1917 1364 1324 1163 1211 2555 1369 1413 
912 1506 470 1728 1620 1547 1619 507 1441 1688 0 2143 1363 1374 1253 618 1591 989 898 1333 697 
2423 2439 2088 544 1578 840 691 2457 842 595 2203 0 1403 2311 1699 1689 1549 1570 2928 1704 1782 
1718 1664 1261 1035 1120 569 789 1784 721 995 1453 1338 0 1534 1319 918 1061 1125 2151 1324 849 
1729 613 1272 1959 1850 1745 1808 1795 1639 1896 1464 2360 1546 0 1448 913 1789 1154 2151 1528 1166 
1729 1581 1272 1421 1019 1240 1312 1795 1134 1381 1464 1789 1291 1573 0 924 616 510 2151 116 1134 
944 1075 555 1339 1279 1158 1230 974 1061 1299 672 1707 987 924 881 0 1250 531 1381 969 478 
1947 1888 1503 1156 531 1048 1106 2008 929 1114 1695 1601 1055 1743 580 1160 0 1043 2391 505 1251 
1405 997 970 1222 1148 1052 1124 1452 929 1182 1121 1601 1121 1116 562 593 1113 0 1847 678 903 
1694 2269 1178 2511 2361 2291 2330 1268 2201 2448 840 2825 2088 2156 1990 1370 2313 1755 0 2070 1414 
1812 1581 1354 1421 892 1240 1312 1863 1134 1381 1546 1789 1302 1637 86 1005 511 596 2234 0 1134 
1085 1404 676 1396 1328 1215 1287 1098 1105 1356 793 1764 791 1232 1129 480 1299 834 1520 1188 0 
0 1870 546 1905 1862 1728 1749 753 1631 1906 860 2293 1465 1650 1490 890 1777 1248 1574 1563 925 
1850 0 1429 2029 1960 1815 1862 1946 1715 2030 1638 2364 1535 660 1604 1069 1905 971 2372 1676 1290 
666 1387 0 1516 1443 1333 1354 722 1236 1492 459 1888 1063 1244 1113 489 1390 857 1156 1183 523 
2110 2101 1657 0 1111 486 527 2196 381 43 1898 486 969 1937 1375 1291 1055 1189 2592 1372 1375 
1996 2002 1588 1253 0 1119 1147 2120 999 1209 1797 1690 1005 1830 973 1222 454 1105 2582 897 1287 
1972 1968 1552 516 1164 0 259 2080 410 511 1761 821 518 1768 1365 1186 1132 1170 2493 1362 1152 
1996 2050 1590 540 1122 274 0 2120 360 548 1799 680 728 1854 1285 1224 1078 1170 2582 1282 1323 
741 1968 688 2107 2041 1902 1967 0 1811 2108 490 2460 1641 1784 1664 1027 2000 1422 1245 1737 1090 
1720 1721 1309 390 859 405 501 1775 0 366 1518 876 635 1563 992 924 802 853 2239 990 1015 
2110 2101 1657 40 1072 479 567 2196 338 0 1898 526 960 1937 1370 1291 1024 1189 2592 1367 1375 
919 1542 443 1667 1586 1484 1505 474 1387 1643 0 2047 1204 1386 1261 635 1533 1009 961 1334 669 
2574 2556 2155 484 1627 874 704 2614 842 527 2326 0 1325 2497 1859 1806 1574 1700 3082 1856 1869 
1527 1688 1116 988 1072 517 700 1582 629 964 1325 1319 0 1530 1285 906 1024 1105 2062 1282 663 
1707 583 1296 1879 1772 1670 1691 1762 1573 1880 1481 2234 1395 0 1468 885 1719 1141 2229 1541 1124 
1639 1572 1228 1364 998 1172 1202 1694 1082 1340 1437 1745 1132 1487 0 853 561 557 2173 78 1022 
945 1066 527 1309 1252 1126 1147 948 1029 1285 675 1690 866 924 889 0 1199 519 1397 953 443 
1931 1968 1506 1201 503 1058 1091 2030 926 1157 1715 1634 948 1767 577 1140 0 1049 2436 515 1231 
1295 1066 857 1136 1098 999 1042 1287 869 1112 1012 1544 966 1092 564 497 1024 0 1724 642 792 
1677 2258 1208 2469 2373 2252 2306 1255 2207 2470 899 2843 2015 2188 1973 1363 2335 1747 0 2046 1442 
1720 1615 1309 1364 974 1181 1202 1775 1082 1340 1518 1745 1141 1571 78 932 491 635 2239 0 1024 
1015 1379 574 1329 1252 1146 1167 985 1057 1305 722 1710 733 1244 1103 442 1199 838 1446 1138 0 
0 1759 552 2113 1990 1919 1962 826 1918 2091 881 2511 1612 1676 1653 907 1992 1333 1613 1714 974 
1950 0 1516 2287 2088 1979 2062 1924 2015 2265 1660 2605 1704 680 1707 1160 2069 1158 2417 1746 1401 
593 1402 0 1730 1615 1517 1631 748 1548 1724 502 2135 1192 1284 1290 529 1586 961 1197 1332 589 
2209 2202 1783 0 1180 514 526 2205 424 44 1914 920 978 2116 1440 1427 1172 1299 2684 1470 1503 
2059 2031 1647 1308 0 1202 1233 2068 1150 1268 1791 1744 1091 1932 1005 1291 506 1163 2539 939 1377 
1989 1966 1576 524 1201 0 301 1989 357 498 1720 975 533 1841 1365 1220 1172 1200 2469 1395 1209 
2148 2110 1725 594 1267 357 0 2143 404 622 1881 975 702 2023 1417 1369 1238 1243 2630 1447 1329 
752 1966 759 2326 2174 2040 2101 0 2044 2304 494 2644 1756 1841 1763 1056 2163 1443 1251 1826 1122 
1845 1788 1437 388 911 430 536 1863 0 362 1581 975 602 1705 1086 1081 894 912 2332 1116 1128 
2148 2202 1745 41 1138 488 567 2160 380 0 1914 975 952 2042 1421 1389 1126 1261 2651 1451 1486 
924 1501 442 1831 1716 1615 1732 468 1649 1819 0 2265 1301 1418 1401 638 1687 1084 958 1440 698 
2877 2886 2453 684 1922 1015 835 2882 1107 728 2575 0 1506 2697 2079 2064 1834 1925 3292 2081 2157 
1612 1655 1210 1034 1043 510 717 1621 650 1003 1354 1323 0 1572 1272 932 1071 1084 2104 1302 719 
1702 706 1300 2015 1890 1772 1871 1711 1822 1993 1444 2378 1481 0 1566 907 1864 1160 2213 1627 1150 
1713 1686 1311 1496 1043 1366 1397 1722 1314 1490 1455 1902 1288 1603 0 941 643 613 2213 115 1128 
1057 1086 564 1382 1317 1225 1283 989 1200 1376 723 1794 896 942 961 0 1288 655 1476 1054 474 
1956 1966 1556 1159 523 1056 1117 1977 1081 1119 1700 1628 966 1831 600 1200 0 1047 2462 530 1268 
1353 1086 919 1277 1201 1130 1178 1384 1085 1271 1117 1689 1081 1120 572 585 1142 0 1861 677 868 
1745 2330 1286 2640 2507 2383 2415 1320 2353 2618 945 2979 2102 2229 2145 1453 2496 1835 0 2227 1510 
1776 1754 1374 1530 987 1400 1431 1785 1348 1524 1518 1944 1302 1675 82 993 535 681 2291 0 1162 
1057 1334 586 1335 1268 1179 1236 1017 1153 1329 745 1747 771 1247 1094 479 1239 912 1485 1124 0 
0 1799 593 2222 2086 1827 2059 763 1993 2176 1040 2606 1545 1707 1585 924 2040 1342 1717 1672 982 
1952 0 1537 2253 2153 1859 2064 1946 2035 2207 1683 2637 1576 667 1692 1129 2107 1189 2431 1779 1392 
590 1416 0 1750 1649 1377 1552 655 1490 1741 651 2162 1097 1300 1179 520 1645 913 1330 1266 581 
2261 2179 1901 0 1169 528 531 2259 429 45 2022 475 1026 2070 1444 1452 1142 1293 2746 1440 1578 
2667 2508 2286 1253 0 1613 1707 2651 1282 1209 2414 1681 1554 2399 1046 1792 492 1565 3097 959 1899 
2045 1966 1626 494 1199 0 327 2053 375 489 1772 768 584 1818 1385 1197 1195 1211 2496 1381 1188 
2140 2032 1740 568 1120 344 0 2129 313 563 1886 736 729 1915 1339 1311 1142 1175 2613 1335 1316 
758 1994 836 2330 2204 1965 2122 0 2128 2284 506 2707 1665 1885 1735 1100 2158 1492 1236 1825 1132 
1942 1782 1501 415 870 377 479 1915 0 383 1647 884 653 1690 1072 1072 849 889 2387 1068 1166 
2218 2110 1855 32 1120 483 562 2248 384 0 2011 507 987 1993 1405 1410 1115 1235 2723 1401 1536 
965 1513 483 1915 1774 1535 1710 473 1615 1869 0 2297 1255 1424 1298 651 1770 1052 934 1385 712 
2788 2565 2382 476 1649 823 679 2748 785 521 2510 0 1322 2456 1841 1846 1645 1680 3191 1856 1960 
1647 1615 1211 1005 1008 527 726 1646 648 996 1357 1263 0 1523 1275 916 1011 1095 2026 1271 734 
1806 642 1366 2101 1977 1719 1910 1809 1861 2055 1512 2488 1439 0 1528 924 1945 1189 2238 1615 1221 
1875 1757 1463 1524 1008 1351 1431 1870 1264 1515 1609 1943 1296 1690 0 1063 579 627 2347 99 1188 
1065 1066 603 1421 1323 1148 1323 1095 1161 1412 828 1869 871 924 991 0 1319 599 1491 1078 502 
2218 2110 1855 1180 506 1526 1617 2248 1209 1136 2011 1608 1443 1993 630 1410 0 1177 2723 554 1536 
1444 1066 977 1307 1267 1150 1214 1431 1078 1298 1142 1723 1081 1206 619 625 1254 0 1820 709 908 
1799 2338 1308 2807 2657 2421 2578 1264 2626 2779 890 3501 2081 2246 2200 1458 2611 1888 0 2285 1495 
1945 1757 1517 1510 912 1351 1431 1928 1264 1466 1663 1943 1296 1726 91 1088 490 695 2387 0 1188 
1065 1366 602 1426 1351 1122 1297 1095 1166 1417 827 1869 687 1279 1163 498 1347 900 1491 1159 0 
0 2080 557 2343 2520 1912 2099 753 2125 2323 888 2638 1512 1746 1910 920 2425 1514 1506 1988 949 
2012 0 1580 2444 2508 1975 2148 1999 2177 2424 1749 2688 1661 566 1594 1031 2135 1034 2402 1655 1308 
560 1747 0 1950 1998 1509 1677 655 1659 1930 535 2284 1146 1423 1564 556 1970 1180 1170 1642 582 
2538 2614 2139 0 1137 509 522 2543 421 38 2295 441 976 2531 1562 1653 1111 1611 2939 1492 1534 
2607 2515 2208 1207 0 1497 1594 2612 1232 1174 2364 1631 1395 2607 1001 1728 545 1582 3005 931 1778 
2093 2213 1693 599 1380 0 259 2107 443 637 1857 840 535 2138 1616 1264 1364 1508 2513 1615 1106 
2303 2394 1913 568 1348 259 0 2330 386 606 2082 778 720 2284 1591 1451 1357 1483 2734 1590 1308 
713 2173 694 2568 2709 2099 2272 0 2320 2548 475 2832 1695 2067 2046 1165 2607 1749 1139 2124 1116 
2189 2219 1775 365 1096 377 552 2186 0 333 1938 806 600 2167 1299 1253 1050 1248 2579 1298 1188 
2500 2611 2101 32 1117 486 554 2505 396 0 2257 473 952 2528 1501 1641 1050 1599 2902 1431 1511 
1034 1966 557 2100 2244 1655 1854 455 1821 2080 0 2390 1299 1618 1759 740 2199 1362 835 1840 766 
2756 2894 2355 473 1584 807 680 2770 828 511 2511 0 1330 2808 2006 1899 1552 1871 3141 1963 1895 
1535 1888 1133 1014 1246 501 683 1527 722 1014 1307 1260 0 1561 1472 1033 1255 1243 1916 1506 655 
1856 638 1449 2135 2244 1728 1913 1848 1933 2115 1617 2453 1444 0 1754 907 2199 1188 2256 1833 1176 
2083 1868 1674 1536 972 1493 1575 2107 1470 1503 1850 1956 1286 1618 0 1091 542 585 2513 78 1162 
1020 1229 587 1729 1603 1271 1439 970 1421 1719 754 2068 971 1078 1162 0 1501 785 1389 1240 435 
2362 2281 1938 1103 492 1421 1518 2353 1128 1070 2105 1527 1286 2270 555 1364 0 1137 2746 491 1414 
1549 1066 1147 1640 1438 1455 1488 1541 1413 1630 1321 2039 1229 1166 575 643 1071 0 1935 653 895 
1856 2614 1392 3063 3099 2554 2747 1388 2803 3062 895 3299 2178 2531 2542 1639 2990 2211 0 2620 1611 
2083 1966 1661 1503 877 1493 1575 2107 1470 1470 1837 1936 1286 1733 78 1129 473 663 2513 0 1149 
1034 1675 593 1557 1648 1099 1267 985 1249 1547 760 1893 666 1354 1386 445 1609 1097 1389 1432 0 
0 1694 530 1799 1836 1695 1761 732 1578 1774 920 2311 1325 1524 1432 827 1757 1233 1440 1510 884 
1819 0 1411 1949 1965 1789 1884 1785 1722 1924 1542 2460 1516 547 1497 1009 1919 980 2137 1575 1268 
536 1313 0 1497 1512 1285 1450 629 1276 1472 507 1999 924 1135 1069 440 1434 839 1051 1147 497 
1917 1868 1505 0 965 409 407 1885 334 28 1636 421 814 1687 1197 1147 894 1093 2246 1185 1193 
2186 2167 1769 988 0 1265 1299 2141 1018 960 1954 1718 1193 1943 799 1411 415 1309 2491 730 1445 
1787 1753 1381 410 1049 0 228 1755 323 385 1512 735 477 1583 1187 1068 1019 1054 2107 1192 1006 
1874 1868 1452 422 1040 228 0 1830 272 419 1583 609 629 1632 1112 1094 956 1018 2176 1122 1137 
694 1799 621 1904 1940 1785 1856 0 1673 1879 449 2415 1415 1629 1527 914 1856 1328 1031 1605 969 
1632 1623 1226 337 789 330 421 1600 0 309 1357 758 514 1453 899 878 735 783 1951 919 918 
1903 1868 1485 28 936 384 435 1870 309 0 1616 449 789 1664 1184 1127 866 1054 2225 1154 1173 
906 1481 451 1584 1599 1440 1546 399 1363 1559 0 2097 1088 1311 1214 594 1542 1018 807 1292 651 
2270 2207 1861 426 1366 747 592 2219 686 454 2046 0 1169 2035 1505 1503 1309 1428 2588 1515 1541 
1471 1509 1038 804 936 467 631 1426 533 779 1183 1482 0 1339 1112 786 873 986 1776 1067 620 
1632 547 1226 1758 1773 1619 1720 1600 1537 1733 1357 2282 1346 0 1391 822 1716 1078 1951 1469 1066 
1603 1572 1197 1117 773 1211 1245 1571 1062 1089 1328 1967 1054 1453 0 838 450 517 1925 85 971 
956 968 551 1283 1289 1053 1229 924 1062 1258 770 1967 769 781 815 0 1166 526 1298 893 393 
1944 1868 1536 914 422 1200 1245 1901 934 886 1667 1644 1058 1687 483 1169 0 976 2260 414 1193 
1319 988 909 1244 1249 1164 1206 1330 1016 1219 1087 1967 981 1015 521 541 968 0 1680 599 767 
1728 2286 1264 2429 2393 2273 2389 1205 2213 2404 866 2843 1907 2100 2008 1403 2337 1820 0 2069 1466 
1661 1572 1255 1117 697 1187 1221 1629 1037 1089 1386 1967 1024 1495 78 918 374 595 1984 0 983 
974 1267 567 1305 1318 989 1169 948 1050 1280 786 1967 613 1078 984 380 1185 774 1325 1057 0 
0 1660 515 1736 1733 1656 1681 663 1526 1711 814 2086 1287 1488 1368 793 1680 1187 1416 1438 862 
1789 0 1401 1879 1865 1733 1797 1737 1642 1854 1532 2201 1452 552 1429 1080 1796 972 2137 1499 1281 
562 1307 0 1330 1353 1262 1275 638 1120 1305 424 1666 922 1135 1008 423 1300 817 1025 1077 492 
1845 1868 1455 0 936 383 407 1791 321 28 1586 405 781 1662 1114 1125 866 1065 2182 1087 1170 
1874 1868 1479 982 0 1012 1018 1824 869 954 1610 1387 891 1685 750 1149 415 1065 2225 681 1170 
1747 1722 1359 383 965 0 228 1695 280 358 1490 657 471 1550 1049 1029 906 1014 2086 1059 998 
1783 1770 1395 407 965 228 0 1731 261 408 1526 594 623 1598 1031 1065 887 996 2137 1041 1104 
673 1738 644 1814 1807 1735 1751 0 1596 1781 370 2143 1365 1566 1438 867 1750 1280 1004 1508 943 
1570 1578 1182 337 721 311 358 1518 0 309 1313 724 513 1406 811 845 668 765 1908 821 883 
1819 1868 1430 28 891 358 435 1766 296 0 1561 433 756 1645 1075 1100 838 1026 2160 1055 1149 
877 1426 390 1474 1471 1396 1419 380 1264 1449 0 1820 1040 1256 1117 549 1418 944 782 1187 618 
2270 2286 1861 405 1327 704 596 2203 721 433 1998 0 1161 2097 1495 1531 1274 1451 2588 1498 1618 
1396 1481 1013 770 855 466 631 1329 533 745 1124 1085 0 1311 1002 759 802 973 1719 1012 614 
1528 547 1140 1607 1604 1495 1552 1476 1397 1582 1271 1985 1214 0 1260 774 1551 996 1867 1330 1010 
1518 1551 1130 1103 757 1029 1034 1466 887 1078 1261 1427 976 1379 0 793 434 477 1858 78 912 
898 968 507 1103 1110 1021 1039 860 891 1078 642 1428 744 825 804 0 1057 478 1237 874 380 
1747 1758 1359 868 422 898 903 1695 756 840 1490 1276 778 1586 434 1029 0 912 2086 365 1070 
1286 988 875 1049 1049 974 978 1225 828 1024 1020 1367 922 1037 506 539 940 0 1615 576 768 
1477 2031 996 2092 2114 2025 2032 1030 1879 2067 709 2451 1654 1854 1718 1162 2061 1556 0 1788 1231 
1581 1572 1193 1112 688 1043 1062 1529 897 1087 1324 1453 987 1451 78 863 365 547 1925 0 926 
1020 1267 589 1103 1110 989 1039 948 890 1078 715 1427 613 1123 942 364 1057 759 1325 952 0 
