13
5
10800
0
2015
2076
2293
2589
2646
2287
2070
1829
2456
2690
2658
2215
0 1120 1120 842 1189 803 1281 738 847 1071 1285 1296 625 
1155 0 670 372 666 757 898 725 851 982 1250 1199 747 
1092 677 0 543 426 981 572 531 525 1283 1448 1498 685 
885 391 596 0 694 580 824 530 777 875 1072 1085 484 
1196 668 439 696 0 1083 862 684 815 1395 1550 1610 789 
814 781 1016 596 1087 0 1299 792 1155 694 526 905 603 
1278 1266 648 1132 950 1524 0 768 496 1859 2017 2066 1131 
751 732 573 545 667 739 789 0 370 1040 1215 1261 385 
846 996 559 807 849 1117 526 384 0 1434 1584 1649 712 
1196 1063 1322 930 1401 780 1550 1123 1458 0 1250 634 884 
1315 1202 1434 1016 1513 508 1662 1212 1572 1104 0 1319 1010 
1280 1142 1388 986 1467 847 1616 1198 1532 430 1332 0 949 
606 695 694 470 762 587 954 381 709 831 1072 1048 0 
0 1528 1377 1140 1510 967 1630 1066 1227 1324 1542 1543 818 
1482 0 912 625 809 996 1155 1032 1153 1339 1580 1558 953 
1309 882 0 648 557 1143 661 675 707 1456 1727 1675 723 
1199 597 714 0 898 711 960 718 957 1062 1282 1291 585 
1562 920 524 973 0 1411 1085 982 1068 1753 1961 1977 1004 
891 1032 1174 695 1312 0 1427 960 1394 780 672 982 662 
1552 1204 766 923 1134 1394 0 935 595 1743 1955 1977 1004 
1079 1062 767 744 1031 888 1003 0 567 1226 1495 1445 523 
1221 1195 749 900 1126 1394 638 541 0 1743 1955 1977 980 
1398 1344 1490 1053 1623 826 1743 1334 1710 0 1419 727 953 
1740 1759 1783 1417 1934 711 2069 1620 2006 1483 0 1702 1323 
1454 1448 1549 1134 1682 887 1816 1387 1769 511 1495 0 1017 
802 920 837 630 974 685 1085 511 964 951 1262 1199 0 
0 1239 1240 1036 1507 821 1460 1003 1089 1212 1396 1441 713 
1349 0 836 546 745 925 1079 1058 1052 1157 1483 1386 870 
1220 784 0 703 536 1129 672 715 588 1411 1667 1640 738 
1109 504 704 0 865 653 973 755 886 989 1229 1207 612 
1463 794 546 987 0 1363 1062 949 988 1651 1943 1919 982 
826 846 1101 696 1319 0 1321 990 1310 751 612 988 668 
1463 1008 736 922 1088 1346 0 949 512 1651 1943 1919 971 
983 880 725 668 958 837 983 0 567 1159 1388 1388 501 
1109 976 672 898 1061 1313 616 499 0 1601 1876 1834 918 
1299 1165 1389 991 1652 807 1609 1272 1598 0 1368 687 939 
1331 1385 1595 1160 1890 695 1816 1447 1811 1291 0 1538 1163 
1383 1306 1501 1093 1764 930 1721 1357 1710 499 1483 0 1035 
733 769 765 586 877 591 1019 622 940 870 1196 1126 0 
0 1362 1329 1177 1571 954 1475 1086 1194 1345 1424 1586 737 
1392 0 769 507 807 865 1023 986 998 1226 1426 1467 829 
1359 829 0 735 556 1198 651 712 682 1595 1754 1848 797 
1194 468 750 0 1046 698 999 774 979 1062 1265 1310 622 
1583 930 554 1009 0 1444 1067 1052 1060 1863 2001 2124 1027 
888 858 1153 726 1401 0 1415 978 1400 819 606 1046 684 
1542 1570 786 1473 1119 1895 0 991 596 2392 2464 2646 1459 
1046 1022 801 761 1092 873 973 0 517 1226 1426 1467 519 
1223 1410 687 1171 1032 1401 652 554 0 1798 1958 2081 975 
1392 1215 1556 1075 1798 833 1854 1307 1762 0 1399 741 1002 
1550 1382 1748 1246 2040 645 2072 1499 1982 1341 0 1582 1204 
1508 1363 1679 1227 1968 950 1976 1430 1886 551 1500 0 1095 
760 849 821 670 1087 683 1067 608 1027 983 1254 1238 0 
0 1245 1329 981 1407 856 1306 861 918 1194 1318 1462 673 
1196 0 720 395 666 805 973 751 928 1071 1305 1343 736 
1135 689 0 560 444 1051 599 531 554 1327 1518 1595 651 
1013 391 645 0 751 622 895 581 835 995 1117 1226 544 
1248 676 439 727 0 1138 891 734 846 1455 1605 1723 778 
871 818 1216 633 1296 0 1470 886 1245 807 526 978 639 
1299 1292 655 1163 950 1555 0 775 503 1899 2029 2088 1246 
839 756 580 563 667 830 789 0 370 1170 1305 1438 464 
945 1018 559 825 849 1191 526 384 0 1532 1658 1800 830 
1196 1049 1403 937 1481 767 1657 1142 1512 0 1250 658 880 
1400 1336 1622 1173 1700 597 1883 1448 1798 1274 0 1542 1127 
1331 1185 1491 1083 1569 898 1745 1317 1681 535 1375 0 1007 
658 856 875 531 942 627 1125 500 799 961 1117 1170 0 
