23
15
3600
0
1163
1029
1260
1105
1222
1146
1414
1304
1182
988
971
1016
1269
1491
1195
1279
1215
1151
1139
1015
1101
1273
0 1335 1200 1675 669 1212 1005 1233 1938 1014 1395 845 622 1455 1105 1112 1000 786 1126 1015 795 1442 960 
1247 0 1215 605 941 1227 1434 1248 929 768 1410 513 893 1470 1097 1125 499 971 1125 1285 738 1185 975 
1195 1407 0 1747 882 118 864 123 2025 1068 285 919 868 344 436 555 1053 690 408 715 756 1472 350 
1621 523 1609 0 1326 1621 1825 1642 1288 1146 1823 889 1290 1866 1512 1514 875 1331 1535 1674 1132 1558 1369 
647 1066 893 1406 0 919 896 926 1667 771 1088 613 355 1085 792 690 749 197 813 747 549 1185 647 
1273 1470 118 1812 944 0 925 183 2064 1104 295 979 930 404 509 615 1116 750 483 775 816 1516 410 
940 1914 1208 2243 863 1220 0 1182 2470 1531 1149 1405 1208 1026 1049 661 1552 859 1051 253 1228 1966 880 
1247 1418 123 1758 891 183 873 0 2025 1068 162 925 877 254 458 564 1064 699 473 724 765 1472 359 
1800 967 1788 1312 1505 1800 2008 1821 0 1332 1983 1078 1457 2052 1652 1693 1074 1510 1680 1859 1303 1744 1548 
1007 790 994 1122 720 1006 1247 1027 1333 0 1189 338 553 1243 830 886 395 731 858 1098 481 667 729 
1365 1572 285 1914 1054 312 1059 162 2176 1225 0 1083 1044 227 620 641 1218 861 635 886 936 1637 521 
897 564 876 896 612 886 1098 921 1095 373 1083 0 498 1142 764 787 215 623 792 949 382 784 630 
669 957 854 1300 358 864 1082 887 1535 553 1049 498 0 1125 753 765 583 409 774 930 448 1003 608 
1366 1585 344 1956 1075 404 925 252 2176 1242 219 1096 1057 0 627 510 1231 868 642 771 936 1654 528 
1113 1215 433 1555 769 451 729 474 1829 871 636 759 755 681 0 420 900 577 40 580 426 1299 208 
1113 1325 632 1665 691 642 451 665 1924 966 633 831 785 510 471 0 967 568 469 302 624 1396 299 
1012 534 1013 866 723 1025 1247 1046 1074 495 1208 217 622 1267 875 914 0 734 906 1098 526 916 755 
754 1054 727 1392 197 737 890 760 1630 746 923 588 406 938 626 567 724 0 647 741 407 1157 481 
1113 1256 404 1596 790 414 765 437 1847 900 599 787 776 653 40 456 929 598 0 616 454 1326 229 
982 1712 1013 2076 815 1025 229 973 2334 1372 937 1223 1182 808 843 456 1358 811 838 0 1046 1784 675 
824 820 562 1189 515 572 782 595 1359 483 757 363 504 816 420 473 512 381 448 633 0 894 316 
1427 1201 1382 1541 1132 1394 1596 1415 1790 589 1577 736 981 1637 1229 1287 793 1132 1257 1447 879 0 1142 
940 1124 338 1464 629 348 611 371 1703 791 533 661 615 592 208 299 797 437 229 462 495 1209 0 
0 1559 1639 1984 699 1625 1005 1695 2327 1269 1829 1062 657 1698 1507 1263 1198 983 1528 1057 1087 1696 1361 
1512 0 1447 625 1201 1476 1706 1546 995 889 1708 583 964 1771 1169 1400 563 1125 1197 1551 812 1321 1212 
1457 1560 0 1984 1075 118 945 129 2327 1284 291 1060 1046 408 436 654 1192 793 408 794 828 1661 406 
1907 546 1849 0 1589 1871 2071 1986 1437 1319 2109 939 1374 2155 1532 1763 918 1491 1560 1921 1228 1696 1610 
721 1290 1126 1712 0 1112 925 1182 2036 973 1322 801 393 1199 971 798 923 263 992 752 718 1435 809 
1512 1611 118 2087 1099 0 1010 189 2387 1331 274 1125 1122 468 511 708 1241 847 483 848 882 1708 460 
942 1669 923 2087 863 923 0 995 2517 1371 1099 1172 1140 976 767 502 1308 871 795 253 895 1748 647 
1457 1578 123 1996 1076 183 950 0 2345 1296 162 1064 1047 312 508 657 1217 796 494 797 831 1673 409 
2118 1018 2009 1464 1760 2039 2235 2153 0 1468 2277 1104 1523 2334 1703 1928 1104 1662 1731 2085 1396 1849 1778 
1239 853 1126 1321 869 1112 1322 1182 1545 0 1344 361 553 1394 848 1016 417 809 876 1167 496 670 821 
1639 1737 285 2201 1214 299 1117 162 2517 1439 0 1240 1249 241 670 688 1376 971 656 962 1024 1830 571 
1159 580 988 1026 761 975 1199 1043 1178 428 1205 0 500 1274 767 893 215 695 795 1044 382 792 707 
806 1117 1126 1562 402 1112 1318 1182 1848 587 1344 590 0 1397 971 1016 646 568 992 1163 590 1003 824 
1666 1762 344 2201 1127 404 945 252 2545 1464 219 1265 1276 0 684 524 1401 954 668 789 1031 1843 585 
1281 1281 433 1703 850 452 747 510 2032 982 672 769 855 681 0 458 913 622 40 598 426 1393 212 
1263 1405 639 1833 722 643 455 666 2177 1139 633 880 858 510 471 0 1054 568 471 306 634 1511 299 
1260 576 1156 1019 896 1142 1391 1212 1172 495 1374 218 624 1458 906 1085 0 859 934 1236 548 935 873 
850 1230 860 1630 228 864 925 926 1962 886 1073 689 446 951 745 576 844 0 766 757 482 1321 587 
1333 1314 405 1736 871 415 783 473 2073 1017 635 797 876 653 40 470 955 643 0 634 454 1435 233 
986 1629 868 2087 815 872 229 932 2401 1331 937 1109 1090 808 719 454 1268 823 747 0 847 1708 599 
1042 841 652 1321 582 656 868 714 1545 570 876 373 632 926 423 579 528 381 451 719 0 936 393 
1656 1314 1530 1736 1345 1561 1786 1631 2073 590 1793 759 981 1851 1249 1475 815 1228 1277 1631 894 0 1297 
1159 1263 376 1685 714 380 628 438 2005 973 600 741 719 612 213 299 896 486 234 479 521 1366 0 
0 1631 1599 2075 905 1578 1095 1698 2542 1339 1900 1158 701 1995 1548 1530 1322 992 1511 1259 1188 1836 1312 
1500 0 1539 717 1237 1518 1776 1638 1455 931 1833 629 1078 1899 1472 1475 653 1265 1451 1635 910 1428 1252 
1546 1693 0 2162 1168 124 1047 192 2624 1364 377 1220 1143 436 581 680 1380 945 552 875 1062 1840 458 
2015 727 2064 0 1712 2017 2260 2122 1994 1432 2315 1106 1602 2406 1975 1957 1153 1748 1935 2097 1419 1917 1742 
796 1526 1418 1978 0 1397 1237 1517 2413 1233 1701 1053 536 1631 1367 1137 1204 392 1330 1096 894 1720 1131 
1640 1698 133 2162 1226 0 1097 285 2624 1369 349 1225 1237 529 588 743 1385 999 559 947 1084 1840 521 
1091 2332 1515 2763 1072 1494 0 1441 3162 2009 1345 1819 1483 1148 1382 795 1986 1048 1342 289 1633 2436 1158 
1640 1914 239 2309 1198 280 1069 0 2814 1559 193 1412 1237 312 655 718 1575 981 617 916 1163 2046 496 
2138 1130 2187 1622 1857 2140 2373 2245 0 1555 2438 1231 1727 2529 2093 2070 1265 1886 2057 2210 1544 2041 1912 
1345 974 1378 1467 1060 1357 1615 1477 1950 0 1661 543 770 1708 1228 1314 545 1086 1281 1474 697 869 1091 
1740 2003 407 2403 1306 351 1190 168 2909 1693 0 1512 1337 264 768 753 1676 1086 730 1049 1270 2133 609 
1179 646 1264 1115 862 1243 1495 1363 1574 540 1547 0 623 1594 1068 1194 297 945 1121 1354 565 972 977 
829 1219 1264 1644 540 1243 1495 1363 2129 804 1547 759 0 1594 1213 1194 761 668 1176 1354 828 1174 977 
1824 2075 543 2477 1378 593 1097 351 2936 1727 262 1583 1409 0 823 572 1743 1127 785 947 1323 2153 664 
1437 1380 507 1838 1055 474 809 592 2281 1063 777 939 1031 836 0 497 1064 821 51 692 769 1544 304 
1437 1749 782 2200 1060 749 526 866 2650 1437 779 1276 1054 602 646 0 1440 850 608 409 1047 1917 410 
1345 617 1378 1084 1025 1357 1615 1477 1546 587 1661 282 733 1708 1226 1314 0 1086 1279 1474 695 1078 1091 
1002 1467 1164 1909 330 1143 1237 1263 2401 1147 1447 1007 592 1419 1098 920 1158 0 1068 1096 711 1626 863 
1472 1422 469 1875 1081 436 865 554 2338 1099 739 967 1088 798 88 553 1098 874 0 748 825 1594 306 
1194 2293 1368 2695 1021 1347 237 1270 3142 1966 1174 1803 1446 977 1223 629 1959 1007 1183 0 1471 2388 973 
1119 957 831 1406 738 798 1069 938 1950 651 1096 491 735 1158 642 716 600 538 693 916 0 1078 535 
1824 1408 1752 1858 1527 1731 1980 1846 2338 819 2039 964 1185 2141 1701 1688 976 1478 1664 1824 1142 0 1465 
1248 1535 449 1989 860 416 692 534 2419 1214 719 1062 857 717 277 376 1226 660 298 575 840 1701 0 
0 1554 1434 2019 842 1456 1131 1527 2191 1309 1720 1005 869 1783 1329 1310 1188 1104 1335 1206 1096 1772 1131 
1403 0 1421 732 1123 1443 1644 1514 1273 922 1707 584 1033 1770 1313 1297 591 1205 1322 1463 893 1366 1118 
1507 1737 0 2224 1204 127 1145 249 2377 1413 431 1188 1120 518 610 814 1371 1000 574 964 1111 1868 517 
1796 614 1817 0 1493 1829 2023 1895 1618 1363 2134 990 1409 2170 1703 1684 990 1574 1709 1903 1287 1830 1505 
822 1281 1159 1685 0 1181 1257 1252 1924 1026 1445 805 479 1508 1039 1030 958 323 1048 1076 801 1489 857 
1572 1766 148 2251 1234 0 1187 276 2407 1435 338 1217 1185 545 634 840 1400 1022 598 1006 1121 1921 543 
1178 1783 1075 2251 1143 1097 0 1168 2481 1458 1360 1234 1185 1199 950 579 1417 1040 963 290 1111 1922 767 
1493 1728 195 2224 1150 218 1133 0 2366 1407 208 1179 1106 325 683 797 1362 957 655 952 1102 1868 500 
2126 1176 2111 1580 1767 2078 2307 2169 0 1632 2399 1274 1683 2451 1984 1985 1269 1853 1990 2187 1561 2068 1779 
1212 895 1196 1338 930 1218 1419 1289 1625 0 1482 457 725 1545 1055 1072 487 995 1096 1238 644 868 906 
1650 1893 353 2366 1333 332 1298 168 2528 1550 0 1340 1263 316 841 932 1523 1145 813 1117 1220 1990 658 
1063 634 1085 1092 801 1107 1298 1178 1426 510 1371 0 655 1451 977 953 253 829 982 1117 516 968 784 
807 1101 1022 1503 486 1044 1298 1115 1753 768 1308 618 0 1385 954 912 728 539 936 1117 640 1194 736 
1661 1906 527 2366 1344 557 1298 355 2528 1557 291 1347 1274 0 851 735 1530 1145 823 1102 1253 1990 668 
1311 1455 564 1906 957 528 827 676 2118 1125 807 954 916 915 0 516 1089 727 55 664 656 1583 267 
1311 1500 792 1938 930 756 541 881 2152 1193 817 966 916 673 677 0 1134 715 649 378 844 1656 424 
1212 584 1257 1030 957 1279 1466 1350 1395 634 1543 275 779 1606 1096 1119 0 1000 1137 1285 692 1083 952 
940 1261 960 1665 307 930 1162 1029 1904 1004 1222 786 534 1289 848 823 939 0 849 981 695 1449 644 
1339 1528 521 1968 968 485 862 633 2185 1193 764 981 949 869 58 551 1162 762 0 699 707 1656 287 
1261 1783 1045 2251 1131 1067 295 1138 2481 1458 1275 1234 1185 1114 944 568 1417 1028 963 0 1102 1922 756 
1032 923 718 1373 701 682 898 830 1645 657 976 475 670 1089 612 587 618 468 613 735 0 1124 408 
1779 1584 1763 2033 1476 1785 1982 1857 2242 811 2096 1071 1346 2130 1658 1639 1130 1557 1664 1859 1220 0 1460 
1143 1327 441 1731 792 405 707 553 1970 1026 684 844 761 779 311 396 975 572 323 544 736 1489 0 
0 1583 1470 2001 983 1451 1257 1547 2147 1376 1735 1093 793 1799 1390 1346 1253 1051 1414 1398 1053 1759 1171 
1431 0 1391 733 1100 1372 1570 1468 1159 951 1656 590 1011 1720 1311 1267 642 1104 1335 1479 867 1371 1092 
1515 1667 0 2099 1143 139 1087 208 2245 1406 392 1177 1148 502 571 776 1337 947 552 970 1057 1789 491 
1811 644 1815 0 1501 1784 2007 1877 1604 1414 2094 994 1440 2160 1723 1679 1044 1544 1747 1834 1251 1797 1504 
822 1355 1047 1770 0 1028 1169 1124 2011 1060 1312 813 466 1384 989 946 991 301 1007 1078 801 1467 751 
1594 1703 128 2139 1203 0 1140 262 2252 1452 414 1213 1227 556 608 830 1373 989 589 1049 1094 1836 545 
1192 2165 1531 2577 1086 1512 0 1599 2735 1903 1560 1673 1534 1359 1412 864 1857 1085 1436 344 1564 2290 1232 
1515 1667 181 2099 1143 247 1087 0 2245 1406 209 1177 1148 325 744 780 1337 947 728 970 1093 1789 495 
2081 1185 2076 1609 1765 2072 2275 2143 0 1664 2360 1256 1704 2431 1973 1943 1317 1824 2016 2095 1515 2081 1768 
1179 920 1086 1356 840 1067 1290 1163 1604 0 1351 433 697 1415 1034 1015 480 840 1027 1199 584 806 800 
1655 1820 350 2234 1294 405 1268 169 2405 1587 0 1323 1288 279 923 788 1483 1107 897 1177 1249 1962 664 
1051 686 1027 1136 742 1008 1268 1104 1368 462 1292 0 638 1354 966 941 297 742 990 1177 520 893 734 
779 1182 959 1606 471 951 1162 1038 1853 742 1226 611 0 1272 879 864 752 532 906 1071 661 1124 662 
1619 1777 468 2190 1272 534 1087 344 2337 1525 288 1287 1252 0 866 606 1447 1048 850 970 1187 1927 617 
1344 1466 535 1882 963 520 880 618 2074 1169 802 942 916 887 0 570 1136 721 51 726 708 1550 279 
1344 1492 753 1920 957 738 541 836 2074 1198 837 962 896 646 624 0 1162 706 671 387 895 1581 382 
1179 634 1158 1089 875 1139 1384 1235 1311 608 1423 306 784 1487 1098 1081 0 875 1098 1293 661 1071 867 
970 1294 865 1709 329 850 1087 953 1932 951 1141 728 555 1229 802 787 913 0 829 984 619 1394 585 
1344 1516 505 1930 989 490 927 588 2090 1237 772 990 930 857 51 603 1186 736 0 759 741 1620 298 
1258 1988 1355 2416 1097 1336 334 1384 2540 1746 1345 1497 1462 1144 1213 659 1657 1102 1235 0 1408 2122 1014 
1064 1009 660 1432 724 645 892 743 1651 604 936 437 658 1027 597 582 622 470 624 738 0 1071 380 
1612 1365 1575 1780 1306 1556 1754 1652 2011 723 1874 897 1133 1932 1495 1451 967 1349 1519 1663 1016 0 1276 
1097 1318 410 1733 754 395 687 493 1985 951 677 760 695 762 303 377 936 505 338 533 712 1394 0 
0 1590 1467 2126 963 1454 1224 1544 2259 1294 1721 1123 814 1826 1413 1373 1328 1118 1441 1302 1092 1843 1199 
1428 0 1378 726 1115 1365 1629 1455 1094 897 1632 575 1005 1739 1318 1284 602 1070 1352 1467 864 1419 1110 
1516 1661 0 2181 1189 146 1127 193 2341 1330 360 1194 1136 517 612 783 1399 942 571 965 1068 1873 483 
1952 653 1873 0 1593 1857 2117 1983 1625 1382 2149 1123 1506 2215 1783 1761 1156 1585 1827 1937 1350 1906 1587 
911 1226 1070 1694 0 1057 1159 1147 1887 984 1324 771 441 1416 971 936 943 315 1011 997 676 1509 754 
1525 1679 144 2181 1189 0 1127 223 2341 1348 337 1212 1145 547 654 791 1417 942 613 965 1110 1873 491 
1172 1755 1098 2235 1105 1085 0 1175 2452 1424 1352 1288 1228 1238 965 574 1493 1026 1008 347 1134 1960 797 
1516 1679 217 2181 1189 237 1127 0 2341 1348 171 1212 1136 324 698 785 1417 942 696 965 1110 1873 485 
2029 1087 1972 1555 1685 1945 2198 2049 0 1472 2215 1215 1598 2313 1913 1864 1238 1677 1906 2018 1442 1991 1679 
1244 923 1183 1418 951 1170 1419 1260 1564 0 1437 454 734 1544 1114 1074 527 856 1157 1257 645 841 887 
1684 1836 418 2356 1331 350 1290 242 2475 1497 0 1361 1304 302 859 864 1566 1101 857 1128 1246 2026 646 
1038 591 1047 1038 781 1034 1290 1124 1248 466 1301 0 600 1408 967 936 277 700 1010 1128 505 923 747 
872 1036 1019 1481 483 1006 1223 1096 1696 620 1273 561 0 1380 926 886 634 559 947 1061 584 1127 697 
1649 1823 493 2356 1296 513 1111 349 2473 1491 252 1355 1269 0 829 671 1560 1085 827 949 1207 2026 616 
1342 1335 541 1806 974 515 871 596 2002 1034 763 876 931 893 0 551 1093 734 51 801 658 1538 282 
1342 1460 822 1967 974 796 522 877 2101 1143 826 973 916 693 656 0 1198 719 654 452 865 1660 412 
1244 598 1198 1042 951 1185 1428 1275 1249 603 1452 274 737 1559 1120 1083 0 825 1163 1266 654 1086 896 
941 1184 874 1652 301 848 1085 938 1842 934 1115 721 513 1228 782 741 871 0 800 946 532 1436 552 
1368 1386 514 1883 1000 488 926 569 2042 1060 736 911 957 866 58 600 1124 758 0 850 716 1585 309 
1172 1694 1039 2235 1064 1026 267 1116 2355 1363 1284 1227 1209 1151 926 516 1432 971 969 0 1110 1891 739 
1038 891 715 1353 698 689 926 770 1553 603 950 432 655 1089 623 582 582 455 641 832 0 1086 393 
1631 1361 1569 1842 1338 1556 1825 1646 2025 751 1823 874 1181 1888 1476 1475 955 1313 1533 1658 1037 0 1301 
1122 1237 410 1705 751 384 696 465 1919 957 632 780 708 762 287 367 978 521 308 626 700 1465 0 
0 1472 1349 1924 832 1340 1145 1431 2148 1109 1607 949 764 1673 1297 1274 1128 1064 1270 1250 981 1606 1079 
1365 0 1289 710 1048 1280 1501 1371 1031 808 1547 530 945 1613 1237 1214 550 1068 1210 1351 763 1307 1019 
1514 1677 0 2108 1170 124 1083 205 2353 1292 380 1165 1120 494 589 786 1333 952 573 924 1071 1789 499 
1864 669 1810 0 1539 1796 2037 1917 1543 1336 2076 1057 1464 2224 1753 1730 1095 1603 1726 1888 1286 1846 1535 
833 1236 985 1682 0 974 1144 1064 1934 888 1240 716 478 1277 887 893 913 342 890 994 647 1382 694 
1480 1651 141 2108 1135 0 1073 225 2329 1279 358 1139 1088 514 570 770 1307 952 554 916 1071 1776 483 
1188 1684 1017 2108 1099 1008 0 1099 2370 1324 1275 1172 1125 1176 860 567 1340 988 898 287 1100 1823 715 
1463 1601 198 2066 1124 250 1027 0 2277 1241 175 1089 1054 289 646 735 1257 877 623 873 1027 1738 448 
2067 1157 2004 1650 1749 2012 2240 2120 0 1516 2279 1267 1674 2415 1963 1925 1294 1841 1982 2091 1496 2104 1745 
1183 859 1072 1340 845 1063 1269 1154 1470 0 1330 403 577 1394 1012 983 440 836 969 1119 524 800 783 
1620 1784 374 2217 1296 358 1253 185 2463 1424 0 1272 1226 257 819 750 1440 1088 796 1103 1209 1945 621 
1036 616 1017 1049 739 1008 1253 1099 1237 420 1275 0 538 1311 910 910 272 730 923 1103 463 904 713 
770 1028 929 1461 455 919 1123 963 1710 571 1139 501 0 1212 824 830 661 591 827 973 523 1088 631 
1594 1758 462 2193 1264 514 1059 293 2442 1381 290 1246 1200 0 786 595 1414 1068 763 900 1156 1937 588 
1338 1390 548 1833 970 536 865 598 2075 1014 773 878 930 851 0 546 1070 741 49 684 653 1526 273 
1286 1429 748 1894 937 736 520 798 2099 1070 839 903 890 647 607 0 1085 704 571 339 836 1567 361 
1183 611 1119 1049 859 1110 1334 1201 1237 564 1377 293 682 1443 1070 1047 0 850 1018 1184 583 1047 833 
924 1176 856 1631 286 844 1073 921 1871 840 1097 668 539 1172 765 757 864 0 768 916 555 1345 572 
1338 1472 510 1924 976 498 880 560 2148 1105 735 949 936 813 98 561 1128 749 0 699 722 1602 278 
1188 1651 969 2108 1030 952 270 1016 2329 1286 1177 1139 1088 1008 821 528 1307 952 859 0 1071 1783 676 
970 882 623 1340 677 611 857 673 1538 516 848 384 620 951 532 538 580 427 535 676 0 1022 339 
1650 1416 1551 1862 1331 1542 1763 1633 2075 734 1823 893 1128 1885 1499 1476 934 1394 1472 1613 1016 0 1281 
1093 1236 413 1682 755 401 701 463 1934 895 638 723 710 734 264 382 919 524 268 520 685 1383 0 
0 1800 1455 2233 937 1457 1182 1547 2489 1223 1767 1220 802 1809 1379 1376 1314 1085 1389 1304 1115 1724 1186 
1421 0 1387 727 1116 1389 1625 1479 1120 890 1699 598 1029 1733 1311 1308 569 1118 1321 1477 867 1350 1118 
1455 1741 0 2163 1129 127 1060 189 2377 1226 420 1133 1065 479 573 703 1317 942 552 890 1025 1727 442 
1939 755 1942 0 1632 1948 2183 2020 1623 1369 2214 1106 1580 2360 1847 1856 1127 1651 1873 2005 1370 1872 1656 
825 1293 1132 1712 0 1134 1163 1224 1898 978 1444 760 462 1478 1076 990 919 352 1072 1015 782 1455 866 
1479 1781 147 2193 1129 0 1110 224 2418 1266 366 1173 1148 514 607 738 1357 942 586 969 1036 1767 477 
1205 1849 1024 2295 1097 1026 0 1116 2489 1328 1336 1235 1227 1121 885 540 1419 1022 941 279 1106 1836 741 
1421 1717 214 2162 1068 230 1039 0 2377 1211 231 1118 1053 296 591 677 1302 887 553 864 1009 1712 416 
2143 1206 2115 1650 1836 2121 2326 2193 0 1541 2387 1278 1752 2537 2019 2016 1299 1852 2054 2148 1542 2083 1843 
1162 882 1083 1327 809 1085 1342 1175 1554 0 1395 388 608 1429 984 1020 408 894 1027 1194 543 842 822 
1590 1898 362 2308 1249 368 1194 164 2535 1373 0 1280 1227 267 755 841 1464 1022 717 1046 1151 1911 580 
1062 657 1024 1063 742 1026 1293 1116 1291 445 1336 0 608 1373 963 955 249 833 950 1145 482 923 761 
854 1137 974 1568 460 980 1293 1066 1731 605 1286 597 0 1305 934 891 673 592 897 1145 619 1127 723 
1713 2000 519 2406 1364 535 1136 329 2623 1482 290 1389 1350 0 876 664 1573 1128 838 983 1260 2007 701 
1278 1459 523 1876 969 509 851 606 2149 1041 829 911 892 856 0 503 1089 746 59 690 643 1533 262 
1278 1495 769 1918 969 755 528 852 2149 1070 824 943 892 627 613 0 1125 746 580 367 824 1563 392 
1162 609 1164 1019 848 1166 1409 1256 1227 561 1476 284 733 1510 1106 1092 0 971 1105 1261 637 1065 906 
998 1258 843 1677 299 829 1046 926 1857 879 1141 715 534 1172 775 656 873 0 742 873 617 1336 568 
1330 1495 492 1918 999 478 892 575 2149 1070 798 954 930 825 41 544 1125 780 0 731 684 1571 285 
1368 1930 1084 2356 1143 1086 384 1176 2555 1404 1331 1311 1253 1113 952 606 1495 1042 1012 0 1182 1926 807 
1033 904 748 1327 709 734 1005 831 1554 548 1055 384 644 1103 621 641 542 527 647 828 0 1024 473 
1677 1450 1609 1870 1366 1611 1851 1701 2143 759 1898 931 1167 2003 1533 1530 957 1385 1543 1699 1047 0 1340 
1105 1345 434 1764 789 420 722 517 1958 948 740 781 730 767 301 363 955 584 310 561 697 1413 0 
0 1543 1424 1980 889 1439 1201 1503 2207 1286 1679 1040 753 1776 1345 1298 1212 1085 1343 1248 1050 1711 1122 
1446 0 1424 690 1125 1439 1643 1503 1131 877 1679 592 1009 1776 1303 1298 599 1172 1343 1450 873 1324 1122 
1612 1725 0 2251 1242 144 1157 225 2369 1402 405 1222 1210 520 587 841 1394 1043 543 964 1088 1854 549 
1926 722 1941 0 1628 1929 2196 2022 1588 1414 2203 1102 1547 2299 1820 1821 1114 1715 1864 2010 1373 1854 1645 
940 1278 1130 1680 0 1145 1176 1209 1916 1032 1385 778 457 1465 1022 1006 977 308 1039 983 829 1477 804 
1561 1711 123 2251 1240 0 1154 227 2352 1395 371 1208 1159 522 619 831 1380 998 575 961 1108 1854 539 
1346 2185 1534 2750 1144 1549 0 1468 2872 1897 1458 1686 1589 1270 1381 823 1857 1174 1403 300 1615 2338 1187 
1533 1673 193 2172 1173 228 1114 0 2328 1348 180 1170 1131 326 725 790 1342 976 683 916 1116 1773 498 
2120 1163 2168 1565 1849 2156 2343 2249 0 1600 2430 1290 1735 2526 2021 2024 1298 1921 2033 2157 1561 2095 1854 
1250 923 1185 1293 947 1200 1426 1264 1541 0 1440 408 655 1537 1074 1081 475 945 1099 1233 615 867 860 
1710 1857 390 2402 1357 389 1302 216 2493 1528 0 1350 1308 293 899 822 1522 1121 857 1109 1279 1982 672 
1050 681 1081 1077 765 1096 1302 1160 1308 477 1336 0 621 1422 967 964 265 804 995 1109 520 947 759 
911 1062 1027 1462 516 1042 1302 1106 1690 629 1282 576 0 1366 927 935 643 581 949 1109 693 1107 715 
1800 1959 491 2487 1447 526 1194 348 2598 1626 259 1441 1398 0 971 675 1613 1214 923 1001 1377 2095 755 
1356 1486 533 1903 1019 536 859 678 2127 1177 836 978 937 918 0 570 1155 797 45 692 680 1602 279 
1356 1486 795 1903 987 798 538 890 2127 1177 816 984 916 654 669 0 1155 781 625 371 902 1602 404 
1180 606 1185 989 881 1200 1426 1264 1225 607 1440 286 751 1537 1090 1081 0 945 1105 1233 636 1088 875 
1001 1245 911 1647 319 906 1099 1039 1872 941 1163 757 548 1253 820 772 933 0 834 916 636 1374 594 
1391 1486 488 1903 1053 491 948 633 2127 1177 791 984 999 871 56 617 1155 843 0 739 732 1602 326 
1372 1995 1306 2537 1075 1321 247 1219 2667 1682 1209 1497 1454 1021 1172 601 1669 1092 1205 0 1410 2155 970 
1030 936 681 1364 696 684 885 826 1541 579 976 417 630 1074 599 596 579 473 613 718 0 1047 373 
1678 1388 1625 1790 1357 1640 1825 1704 2028 732 1892 856 1157 1989 1488 1499 937 1393 1539 1651 1051 0 1323 
1121 1278 401 1680 791 404 691 546 1916 949 704 781 725 746 274 370 977 582 288 524 712 1403 0 
0 1580 1528 2077 869 1541 1154 1595 2254 1241 1783 1031 735 1880 1356 1370 1218 1127 1403 1255 1079 1695 1196 
1438 0 1595 695 1133 1576 1764 1662 1146 854 1832 616 1045 1971 1264 1437 592 1186 1311 1600 856 1362 1263 
1522 1756 0 2237 1174 136 1065 181 2481 1369 400 1207 1127 493 623 774 1394 985 635 916 1114 1853 478 
1847 618 1964 0 1542 1965 2222 2048 1547 1324 2210 996 1459 2316 1675 1845 1013 1638 1722 2009 1301 1778 1658 
801 1322 1138 1781 0 1151 1130 1205 1961 1013 1393 831 495 1492 1000 1006 1009 351 1047 966 778 1492 812 
1551 1792 166 2243 1202 0 1095 262 2481 1405 347 1243 1156 592 641 805 1430 1049 663 933 1134 1901 509 
1218 2377 1540 2823 1164 1553 0 1418 2959 1923 1339 1739 1552 1221 1348 870 1909 1145 1395 289 1648 2371 1206 
1527 1777 219 2237 1174 253 1084 0 2481 1390 224 1228 1132 392 720 783 1415 985 712 916 1124 1863 487 
2147 1180 2304 1681 1838 2310 2521 2421 0 1599 2560 1298 1734 2659 2008 2155 1311 1935 2054 2308 1584 2072 1976 
1258 964 1264 1470 966 1277 1438 1331 1683 0 1519 483 760 1618 1039 1111 548 1008 1086 1274 620 790 926 
1683 1970 404 2376 1334 332 1277 234 2622 1540 0 1378 1288 310 874 844 1565 1136 866 1113 1252 1995 641 
1099 674 1138 1103 815 1151 1301 1205 1342 439 1393 0 640 1492 948 1006 303 861 995 1137 494 936 802 
774 1112 1090 1582 511 1103 1277 1157 1730 650 1345 622 0 1444 933 944 763 626 970 1113 667 1175 750 
1720 2013 481 2419 1371 515 1127 301 2633 1582 258 1420 1325 0 906 686 1607 1154 896 963 1271 2072 671 
1350 1483 540 1965 1019 497 874 577 2149 1091 796 931 945 867 0 568 1121 806 95 695 712 1545 278 
1377 1605 849 2104 1019 806 540 834 2276 1241 791 1056 972 651 647 0 1243 819 670 361 911 1695 433 
1258 598 1301 1029 936 1314 1475 1368 1282 578 1556 288 779 1655 1057 1148 0 1008 1104 1311 651 1071 969 
951 1266 962 1725 320 972 1127 1049 1896 905 1237 781 541 1336 840 838 956 0 881 963 602 1393 641 
1390 1551 551 2011 1047 508 937 588 2236 1137 807 988 1001 878 74 628 1189 842 0 755 772 1591 318 
1218 2239 1409 2656 1136 1422 271 1259 2806 1800 1180 1638 1513 1062 1165 685 1813 1106 1212 0 1465 2280 1008 
1040 930 768 1406 710 725 925 805 1589 535 1003 431 635 1097 612 615 572 486 658 742 0 1065 418 
1673 1414 1750 1876 1354 1763 1983 1821 2088 727 1983 907 1175 2077 1449 1592 975 1418 1496 1755 1061 0 1418 
1135 1322 434 1781 807 391 701 471 1961 952 690 837 732 735 256 387 1034 592 297 522 732 1463 0 
0 1857 1757 2323 865 1748 1219 1897 2463 1314 2080 1225 740 2035 1553 1568 1275 1154 1562 1234 1153 1923 1367 
1640 0 1689 711 1396 1703 2018 1873 1107 873 2011 587 1132 2082 1376 1658 584 1452 1426 1861 1095 1382 1457 
1756 1787 0 2251 1450 150 1213 248 2437 1613 409 1423 1386 553 621 871 1567 1155 618 1053 1126 2225 623 
2206 622 2176 0 1941 2204 2562 2381 1523 1392 2474 1033 1626 2585 1878 2141 1026 1897 1903 2405 1524 1973 1913 
816 1549 1459 2018 0 1450 1161 1579 2172 1052 1605 887 511 1443 1255 1002 1104 342 1264 1001 876 1590 1069 
1756 1765 149 2251 1450 0 1213 256 2437 1601 375 1423 1386 561 610 864 1545 1126 607 1053 1126 2209 616 
1191 2048 1300 2494 1163 1291 0 1315 2656 1657 1265 1404 1275 1103 920 520 1592 1070 954 309 1259 2265 756 
1645 1998 221 2430 1361 215 1135 0 2582 1657 196 1404 1275 311 691 803 1592 1070 670 975 1255 2265 555 
2661 1385 2601 1863 2394 2629 3072 2813 0 1854 2931 1491 2128 3039 2292 2670 1441 2402 2315 2923 1959 2423 2503 
1353 1025 1428 1453 1086 1442 1719 1602 1673 0 1758 472 746 1838 1081 1362 465 1155 1131 1559 767 762 1161 
1930 2151 462 2591 1629 436 1314 241 2729 1900 0 1652 1565 263 913 833 1869 1317 890 1154 1464 2501 775 
1318 724 1398 1186 1043 1412 1593 1545 1360 501 1711 0 733 1716 1029 1236 255 1039 1079 1433 627 1011 1035 
812 1299 1392 1717 535 1383 1542 1512 1910 647 1678 703 0 1672 1188 1185 736 616 1197 1382 729 1141 1002 
1930 2262 512 2717 1629 506 1109 291 2806 1900 262 1652 1565 0 927 658 1869 1317 899 949 1500 2501 784 
1445 1450 558 1886 1127 561 925 675 2087 1240 836 1107 1050 881 0 586 1205 852 53 748 753 1839 283 
1411 1720 915 2184 1069 848 499 841 2331 1367 812 1107 1028 646 633 0 1295 823 628 342 988 1956 438 
1411 717 1481 1186 1152 1495 1777 1655 1360 585 1810 261 820 1908 1151 1420 0 1207 1201 1617 820 1128 1219 
986 1449 1186 1886 328 1177 1093 1306 2087 1052 1427 839 578 1265 985 761 1045 0 1006 924 728 1590 834 
1445 1530 585 1986 1127 512 925 626 2144 1314 787 1126 1050 851 96 582 1275 848 0 744 795 1923 279 
1191 2020 1250 2468 1114 1241 234 1222 2593 1625 1172 1372 1242 1010 884 490 1560 1055 931 0 1222 2232 726 
1089 1155 915 1602 759 861 1035 964 1769 687 1130 490 700 1231 667 701 675 502 698 863 0 1220 533 
1824 1462 1810 1886 1568 1834 2242 2013 2092 710 2106 890 1154 2217 1508 1841 883 1630 1558 2085 1290 0 1652 
1222 1549 558 2018 944 485 696 599 2172 1174 760 912 845 769 240 351 1125 651 285 539 768 1749 0 
0 1783 1682 2084 869 1689 1005 1838 2345 1284 1986 1129 723 1851 1489 1497 1263 1174 1517 1057 1070 1673 1354 
1780 0 1519 667 1374 1544 1959 1708 995 900 1846 566 1127 1908 1254 1561 510 1397 1266 1789 1059 1374 1421 
1793 1699 0 2032 1275 137 1285 167 2202 1424 329 1213 1297 448 502 756 1392 1114 459 1136 1021 1823 521 
2335 606 1918 0 1789 1992 2288 2083 1467 1413 2245 1027 1620 2260 1699 1977 989 1842 1708 2139 1444 1915 1843 
769 1561 1336 1956 0 1343 1056 1482 2069 984 1543 850 441 1373 1145 979 1016 332 1173 959 846 1427 1008 
1811 1781 118 2084 1289 0 1285 205 2345 1496 327 1284 1311 486 569 775 1448 1114 526 1136 1171 1915 540 
997 1922 1167 2238 1093 1174 0 1226 2480 1554 1202 1300 1297 1032 876 517 1504 1049 912 260 1182 2061 759 
1770 1899 240 2197 1275 291 1219 0 2395 1529 162 1275 1274 281 614 739 1479 1095 577 1038 1221 2012 504 
2724 1431 2442 1798 2256 2511 2750 2607 0 1926 2773 1533 2059 2808 2224 2439 1518 2252 2228 2601 1906 2476 2294 
1438 957 1254 1354 1036 1279 1594 1443 1517 0 1562 413 735 1639 948 1217 416 1085 981 1445 675 805 1062 
1933 2068 380 2380 1432 413 1175 162 2592 1756 0 1502 1454 233 770 707 1706 1220 733 994 1378 2251 660 
1438 658 1248 1073 1013 1273 1542 1437 1227 522 1556 0 787 1597 927 1165 219 1080 961 1393 638 1075 1038 
801 1238 1333 1605 481 1340 1525 1479 1764 583 1638 681 0 1580 1142 1148 684 637 1170 1376 700 1111 1005 
1924 2103 537 2415 1452 588 1059 297 2601 1786 241 1532 1474 0 804 571 1736 1248 767 850 1403 2278 694 
1622 1466 498 1859 1087 484 1059 558 1993 1210 720 973 1126 809 0 539 1176 886 56 870 615 1629 238 
1454 1652 702 2014 990 688 617 727 2156 1310 671 1008 1045 531 522 0 1227 807 485 424 811 1699 347 
1527 689 1294 1096 1140 1319 1717 1483 1244 514 1602 242 848 1679 1032 1340 0 1157 1041 1568 790 1111 1200 
940 1403 1103 1770 299 1110 1073 1249 1938 1112 1282 826 528 1112 906 671 1021 0 928 895 689 1494 747 
1622 1466 460 1859 1087 446 1082 520 1993 1234 682 1008 1126 771 55 515 1200 887 0 916 664 1629 263 
1159 1857 1129 2185 1047 1136 259 1045 2350 1479 1021 1225 1243 869 832 473 1429 1049 868 0 1171 1915 715 
1116 1000 826 1407 769 812 1143 886 1603 691 1049 463 717 1112 499 668 629 535 535 994 0 1157 461 
1864 1468 1685 1859 1537 1710 2008 1866 1997 751 2003 887 1191 2044 1384 1627 890 1560 1412 1859 1143 0 1487 
1438 1539 436 1902 888 422 875 496 2039 1234 658 922 930 639 225 310 1109 694 246 682 692 1629 0 
0 1541 1395 1859 742 1400 1005 1438 1978 1161 1600 973 758 1659 1294 1297 1110 1017 1315 1057 968 1571 1148 
1321 0 1368 674 1041 1373 1605 1411 995 858 1573 552 996 1632 1159 1270 532 1075 1188 1471 804 1244 1121 
1314 1563 0 1886 997 125 976 150 2025 1161 312 1003 970 371 455 640 1132 786 427 827 865 1571 400 
1670 527 1684 0 1396 1689 1927 1727 1328 1168 1894 897 1333 1954 1556 1586 877 1437 1568 1787 1165 1578 1437 
809 1292 1145 1608 0 1150 925 1188 1728 948 1254 717 453 1131 1002 763 843 335 1028 756 689 1327 833 
1373 1612 126 1960 1055 0 1027 191 2048 1189 308 1052 1019 412 511 681 1181 827 483 868 914 1599 441 
964 1936 1212 2300 924 1217 0 1182 2465 1559 1149 1433 1342 1026 1077 668 1575 922 1051 260 1293 1975 887 
1313 1541 148 1859 962 205 967 0 1978 1161 162 985 958 254 478 619 1110 765 493 806 844 1571 379 
2013 1237 2052 1553 1743 2052 2273 2085 0 1516 2247 1263 1681 2306 1876 1951 1246 1784 1906 2124 1515 1931 1784 
1185 874 1168 1292 817 1204 1444 1242 1437 0 1404 384 612 1463 887 1109 423 879 922 1310 546 668 963 
1456 1704 293 2025 1148 310 1082 162 2139 1273 0 1144 1126 227 629 641 1273 942 644 944 1018 1683 530 
1042 613 1071 1055 674 1076 1322 1114 1164 421 1276 0 577 1323 791 960 217 736 819 1188 396 786 805 
822 1115 1070 1426 442 1075 1322 1113 1568 637 1275 546 0 1334 948 987 633 541 969 1188 518 1003 801 
1471 1734 369 2046 1171 426 950 252 2176 1305 219 1174 1141 0 658 510 1303 942 667 800 1064 1715 559 
1185 1364 433 1680 815 490 792 545 1800 966 707 793 801 681 0 456 919 619 40 643 466 1334 215 
1185 1418 705 1734 789 688 478 667 1864 1014 634 857 819 511 481 0 1000 631 469 329 676 1441 299 
1185 590 1173 1032 777 1178 1418 1216 1148 495 1378 217 701 1437 894 1083 0 839 922 1284 553 923 921 
940 1267 971 1583 253 948 925 1013 1683 905 1073 674 493 951 775 576 800 0 800 761 497 1299 639 
1185 1392 405 1708 836 460 828 515 1829 978 677 822 822 653 40 473 955 640 0 679 494 1369 236 
997 1804 1047 2129 870 1052 229 973 2236 1401 937 1242 1226 808 853 456 1371 861 838 0 1078 1823 675 
1026 870 805 1292 631 788 1010 843 1437 560 1008 370 608 1008 454 638 513 430 482 848 0 936 490 
1573 1402 1587 1718 1299 1592 1825 1630 1839 678 1792 845 1106 1853 1389 1489 884 1340 1418 1690 1015 0 1340 
1114 1292 412 1608 696 395 669 450 1728 931 612 720 682 612 215 299 846 500 236 520 563 1299 0 
0 1330 1267 1650 725 1322 1005 1319 1851 1068 1481 873 668 1536 1166 1187 1022 922 1187 1015 819 1484 1025 
1297 0 1237 605 948 1292 1467 1289 929 757 1451 504 882 1506 1084 1163 514 942 1112 1318 743 1180 995 
1323 1450 0 1770 926 118 945 149 1974 1179 308 1005 969 397 436 630 1133 772 408 792 829 1603 415 
1642 523 1645 0 1323 1700 1876 1697 1285 1146 1885 880 1274 1953 1465 1565 890 1315 1494 1720 1107 1570 1403 
689 1181 994 1501 0 1025 898 1046 1680 870 1208 702 443 1199 860 791 839 308 877 749 582 1313 711 
1345 1480 118 1800 941 0 976 205 2025 1191 293 1035 1000 457 511 657 1163 799 483 819 856 1615 442 
940 1568 950 1902 864 998 0 1020 2097 1245 1104 1118 1086 956 755 484 1251 860 783 253 896 1669 652 
1331 1456 123 1776 926 183 950 0 1978 1179 162 1015 1000 254 523 639 1139 781 507 801 838 1603 424 
1840 986 1845 1297 1517 1848 2063 1878 0 1332 2040 1075 1470 2099 1658 1758 1074 1509 1687 1914 1300 1756 1596 
1044 796 1020 1120 761 1075 1247 1072 1325 0 1234 338 553 1289 846 929 395 755 874 1098 522 767 770 
1466 1593 285 1914 1054 284 1059 162 2134 1283 0 1150 1141 227 658 641 1276 942 642 916 979 1707 559 
924 570 939 894 636 998 1126 1020 1095 373 1182 0 498 1182 764 817 219 630 792 977 420 881 668 
708 1001 923 1338 397 919 1122 966 1565 553 1128 526 0 1165 802 802 583 523 819 973 474 1067 653 
1466 1593 344 1914 1078 404 925 252 2134 1283 219 1152 1141 0 663 510 1276 937 647 773 979 1707 564 
1134 1237 433 1557 725 461 733 535 1758 948 694 759 783 681 0 422 919 590 40 584 426 1381 208 
1200 1304 655 1624 749 652 453 666 1829 1039 633 847 813 510 474 0 1000 568 469 304 632 1461 299 
1033 540 1045 864 747 1100 1247 1097 1074 495 1259 217 622 1313 875 941 0 741 906 1098 542 1003 788 
832 1058 769 1376 231 766 896 840 1576 773 999 596 493 951 651 576 733 0 668 747 411 1211 502 
1200 1270 405 1590 746 424 769 498 1791 978 657 787 804 653 40 458 955 611 0 620 454 1408 229 
982 1515 915 1859 821 898 229 957 2039 1212 937 1074 1049 808 712 441 1198 817 740 0 853 1636 609 
835 835 608 1176 552 605 801 679 1366 548 838 363 520 852 420 490 521 386 448 652 0 1032 341 
1606 1359 1559 1679 1287 1614 1783 1611 1895 707 1773 853 1111 1832 1377 1479 913 1279 1406 1634 1021 0 1317 
964 1130 362 1450 584 359 616 433 1661 863 592 676 642 606 211 303 813 449 232 467 506 1293 0 
0 1320 1249 1650 705 1254 1005 1282 1851 1068 1444 885 674 1503 1160 1166 1022 944 1181 1022 831 1468 1009 
1333 0 1215 605 941 1220 1451 1248 929 757 1410 502 916 1469 1084 1142 488 942 1112 1302 733 1168 975 
1333 1392 0 1722 875 118 883 123 1932 1068 285 940 914 344 436 582 1087 713 408 734 771 1476 361 
1594 523 1574 0 1314 1579 1800 1607 1285 1146 1769 878 1261 1835 1456 1491 864 1337 1484 1651 1107 1554 1334 
648 1078 849 1408 0 912 896 882 1638 798 1047 643 397 1104 754 763 772 308 775 747 478 1209 609 
1365 1437 118 1767 941 0 945 183 1974 1130 315 1003 1003 404 511 642 1132 773 483 794 831 1538 421 
942 1534 895 1873 863 948 0 932 2067 1234 1094 1100 1080 976 748 483 1229 859 776 253 889 1642 648 
1333 1392 123 1722 884 183 892 0 1932 1102 162 949 932 254 469 591 1087 722 478 743 780 1510 370 
1787 967 1767 1297 1507 1772 1998 1800 0 1332 1962 1075 1457 2024 1649 1684 1074 1530 1677 1849 1300 1740 1527 
1114 789 1013 1120 751 1018 1247 1046 1325 0 1208 338 556 1267 845 941 395 747 873 1098 499 668 758 
1417 1553 285 1886 1054 281 1059 162 2091 1257 0 1118 1092 227 631 641 1248 884 640 916 947 1665 532 
997 561 881 891 628 942 1122 921 1095 373 1083 0 544 1150 767 814 215 624 795 973 382 781 641 
696 962 885 1297 408 947 1122 921 1498 566 1083 524 0 1152 790 818 596 669 811 973 470 1003 645 
1417 1553 344 1886 1055 404 925 252 2091 1257 219 1119 1124 0 641 510 1248 894 650 771 966 1665 542 
1185 1201 435 1531 751 495 733 468 1732 869 630 759 790 684 0 432 892 589 40 584 426 1279 208 
1207 1284 626 1614 775 686 451 659 1829 966 634 839 814 511 471 0 969 613 469 302 628 1394 299 
1113 533 1013 863 739 1018 1247 1046 1074 495 1208 217 668 1267 878 949 0 735 906 1098 532 906 771 
868 1028 738 1376 279 798 925 771 1565 744 943 589 531 951 643 582 718 0 664 759 407 1157 498 
1247 1227 398 1557 772 458 769 431 1758 898 593 787 811 652 40 468 923 610 0 620 454 1326 229 
986 1486 847 1819 815 912 229 880 2025 1182 937 1052 1045 808 700 435 1181 811 728 0 841 1590 600 
924 809 567 1149 518 627 801 600 1349 481 762 363 529 821 420 500 504 399 448 652 0 889 327 
1442 1201 1408 1531 1162 1413 1634 1441 1732 597 1603 747 999 1662 1257 1325 804 1169 1285 1485 909 0 1168 
1042 1117 332 1447 609 392 617 365 1638 799 527 673 648 586 208 299 802 447 229 468 495 1211 0 
