15
10
5400
0
2234
2224
2425
2560
1991
2333
1951
2310
1829
2005
2090
2463
2174
2690
0 1117 951 999 1065 1446 915 1160 1186 1614 332 1220 945 1272 1074 
1154 0 1226 648 195 955 297 2240 333 1123 885 367 711 814 1145 
867 1172 0 1039 1120 1492 944 2060 1241 1660 663 1275 1014 1298 1145 
996 603 1038 0 551 713 435 2060 677 881 693 711 349 396 899 
1038 346 1148 455 0 745 366 2132 447 923 772 481 518 621 913 
1656 1213 1766 888 1141 0 1065 2960 1217 168 1398 1240 958 489 792 
932 318 981 448 405 730 0 2060 531 898 671 565 563 606 976 
1186 2354 2106 2151 2315 2680 2062 0 2442 2852 1486 2476 2087 2421 2220 
1184 293 1275 600 167 890 511 2272 0 1066 923 46 663 766 1074 
1693 1373 1808 980 1283 168 1231 2960 1361 0 1435 1384 983 656 816 
340 794 692 673 742 1133 589 1372 868 1301 0 915 620 947 747 
1218 327 1305 634 201 955 545 2333 46 1123 959 0 697 800 1093 
938 656 1012 339 604 955 548 2060 730 1001 669 764 0 470 781 
1257 858 1305 399 806 537 683 2333 947 656 966 981 480 0 804 
1049 1047 1149 950 995 810 941 2132 1116 816 782 1150 809 780 0 
0 1200 951 1102 1296 1649 983 1514 1455 1823 295 1489 1121 1483 1351 
1302 0 1371 746 200 1009 302 2344 433 1177 914 449 866 861 1444 
960 1403 0 1229 1497 1869 1112 2213 1656 2037 711 1690 1248 1610 1466 
1213 698 1241 0 625 814 518 2283 836 1001 843 852 455 487 1146 
1366 401 1401 546 0 795 413 2425 556 979 977 572 666 661 1258 
1853 958 1877 816 870 0 746 2960 1087 188 1431 1121 1053 489 812 
1088 394 1115 531 428 759 0 2213 639 954 689 655 680 625 1258 
1314 2691 2300 2500 2639 3003 2380 0 2847 3171 1586 2911 2454 2782 2465 
1512 309 1535 682 162 955 549 2575 0 1123 1155 46 802 797 1387 
2028 1164 2108 1023 1095 168 927 3217 1254 0 1657 1288 1144 656 831 
396 981 732 783 1026 1394 687 1625 1178 1558 0 1212 797 1202 1062 
1617 343 1636 716 196 984 583 2960 46 1152 1196 0 836 831 1410 
1179 842 1209 395 769 1110 730 2240 997 1101 828 1031 0 539 1029 
1617 829 1636 492 756 590 632 2960 997 731 1203 1031 576 0 890 
1655 1739 1657 1345 1670 843 1495 2960 1837 941 1318 1871 1125 939 0 
0 1246 996 1080 1186 1642 1037 1564 1428 1844 314 1469 1098 1474 1168 
1368 0 1552 850 217 1204 411 2488 490 1405 1059 565 952 1021 1294 
1020 1409 0 1253 1349 1799 1165 2206 1591 1984 790 1632 1249 1631 1313 
1079 741 1299 0 686 870 509 2228 868 1075 815 949 514 520 1081 
1239 450 1438 633 0 964 474 2373 608 1165 934 683 740 769 1081 
1703 1107 1851 864 1047 0 878 3071 1289 186 1394 1330 1150 614 1075 
1056 403 1256 552 476 855 0 2228 658 1034 792 733 714 676 1081 
1354 2443 2259 2271 2395 2814 2246 0 2564 2996 1522 2619 2288 2686 2372 
1478 389 1671 858 236 1204 699 2607 0 1405 1169 75 952 1021 1294 
1949 1321 2090 1080 1261 200 1086 3227 1503 0 1629 1544 1334 814 1073 
421 967 802 796 917 1347 701 1756 1152 1548 0 1193 824 1179 839 
1513 423 1702 892 270 1231 733 2631 46 1432 1204 0 980 1083 1324 
1096 868 1299 531 813 1260 693 2233 1042 1324 829 1083 0 719 1076 
1480 977 1654 520 934 708 737 2607 1152 746 1171 1193 673 0 1081 
1342 1369 1585 1260 1309 991 1206 2463 1551 1012 1033 1592 1239 1179 0 
0 1249 1105 1113 1200 1557 1028 1353 1384 1750 320 1426 1082 1482 1192 
1304 0 1505 806 263 1085 381 2526 496 1278 1058 530 873 1003 1366 
1013 1446 0 1293 1397 1739 1161 2231 1581 1987 770 1623 1209 1604 1398 
1115 733 1306 0 681 862 501 2285 852 1065 824 886 540 537 1160 
1164 496 1364 552 0 868 400 2409 615 1065 879 649 619 741 1111 
1607 1047 1812 771 1029 0 811 2960 1194 239 1356 1236 1076 624 1001 
1028 484 1196 539 482 846 0 2231 653 1065 743 687 647 719 1160 
1334 2493 2336 2301 2494 2860 2311 0 2662 3035 1580 2689 2260 2761 2474 
1407 425 1587 786 255 1066 634 2659 0 1259 1138 46 853 982 1366 
1890 1339 2037 1048 1290 258 1068 3050 1474 0 1609 1516 1275 879 1041 
375 915 788 755 853 1240 716 1560 1070 1433 0 1112 777 1171 796 
1436 459 1623 820 289 1111 668 2659 46 1304 1172 0 887 1023 1398 
1036 802 1245 487 750 1129 630 2231 943 1238 756 990 0 711 893 
1453 936 1640 537 882 721 702 2659 1098 923 1185 1140 654 0 1076 
1327 1384 1563 1252 1335 969 1172 2526 1519 986 1081 1561 1125 1238 0 
0 1175 1013 1036 1175 1502 965 1575 1310 1687 314 1344 997 1351 1124 
1359 0 1473 836 282 1117 352 2547 420 1302 1066 454 896 1020 1328 
1024 1382 0 1185 1382 1719 1121 2224 1517 1914 808 1551 1184 1504 1345 
1120 692 1245 0 697 835 488 2321 789 1059 819 823 424 586 1113 
1169 412 1328 590 0 879 453 2364 563 1069 896 597 650 749 1113 
1614 1024 1754 758 977 0 807 3124 1172 252 1321 1206 1051 576 952 
1033 461 1150 534 505 823 0 2224 597 1059 758 631 647 693 1113 
1325 2391 2207 2235 2364 2769 2206 0 2529 2966 1503 2563 2154 2627 2412 
1359 384 1504 761 248 1046 624 2547 0 1231 1066 46 821 942 1230 
1826 1218 1927 973 1218 185 1007 3124 1353 0 1511 1387 1239 761 994 
415 854 766 710 859 1213 656 1783 981 1398 0 1015 690 1084 893 
1391 418 1554 795 282 1080 658 2586 46 1265 1098 0 855 976 1295 
1053 755 1198 451 760 1117 629 2294 852 1182 756 886 0 716 1041 
1456 872 1554 510 877 638 668 2645 1034 838 1160 1068 615 0 1113 
1196 1227 1369 1115 1227 962 1088 2425 1362 984 942 1396 1075 1019 0 
0 1363 1063 1120 1401 1702 1074 1316 1504 1879 317 1523 1110 1474 1225 
1331 0 1473 950 263 1225 383 2509 454 1414 1073 501 1044 1100 1412 
1013 1502 0 1265 1540 1855 1201 2297 1643 2043 797 1662 1236 1602 1398 
1139 755 1244 0 720 916 526 2335 833 1075 829 880 549 500 1120 
1273 477 1409 657 0 1037 494 2450 578 1201 1013 625 790 802 1140 
1672 1126 1851 890 1164 0 919 2960 1267 185 1414 1286 1160 635 1115 
1108 396 1207 600 511 866 0 2297 624 1021 824 671 735 703 1140 
1306 2487 2268 2316 2440 2847 2304 0 2773 3036 1570 2785 2315 2648 2416 
1452 362 1586 841 206 1150 678 2649 0 1345 1194 67 984 1014 1346 
1973 1421 2057 1086 1459 215 1146 3102 1562 0 1675 1581 1265 793 1115 
447 1018 873 827 1024 1407 728 1566 1132 1596 0 1151 851 1161 899 
1515 418 1649 897 262 1211 734 2960 67 1400 1257 0 1027 1100 1398 
1101 861 1207 438 826 1225 689 2297 990 1242 776 1009 0 639 1045 
1452 947 1586 527 927 691 715 2649 1067 773 1194 1086 685 0 1085 
1190 1317 1370 1097 1355 1014 1111 2432 1458 1013 934 1477 1089 1028 0 
0 1241 1025 1078 1272 1631 987 1433 1442 1854 318 1476 1102 1476 1140 
1389 0 1420 888 262 1159 380 2960 480 1373 1079 511 988 1107 1364 
1076 1391 0 1183 1499 1855 1108 2501 1669 2046 783 1703 1201 1581 1330 
1178 774 1235 0 752 869 595 2598 923 1088 852 957 482 496 1100 
1331 433 1343 640 0 867 464 2960 628 1088 990 659 747 798 1100 
2056 1533 2159 1166 1381 0 1342 3183 1458 196 1708 1495 1252 629 1035 
1086 421 1170 580 540 807 0 2501 704 1009 768 735 743 738 1100 
1239 2606 2242 2346 2648 2946 2212 0 2819 3137 1503 2853 2320 2666 2424 
1520 388 1572 845 221 1107 669 2960 0 1321 1207 46 952 1038 1313 
2056 1618 2159 1207 1544 168 1342 3183 1621 0 1707 1658 1200 787 1021 
499 958 841 778 983 1371 694 1618 1164 1585 0 1198 817 1223 886 
1561 438 1610 895 271 1159 719 2960 80 1373 1251 0 988 1107 1364 
1132 912 1203 462 880 1230 727 2571 1056 1280 808 1090 0 641 1023 
1554 1204 1603 566 1168 605 1006 2960 1279 775 1244 1316 707 0 1119 
1251 1308 1336 1106 1272 984 1112 2960 1442 961 918 1476 1112 1096 0 
0 1361 1032 1385 1625 2046 1138 1372 1701 2214 341 1735 1411 1771 1700 
1533 0 1522 985 275 1338 357 2566 500 1506 1165 534 1124 1278 1813 
1105 1485 0 1385 1749 2046 1244 2224 1825 2214 800 1859 1411 1771 1637 
1406 887 1326 0 841 955 507 2566 1040 1123 959 1063 575 478 1360 
1642 473 1737 790 0 1125 591 2960 752 1293 1185 786 936 1081 1652 
2194 1399 2144 1157 1294 0 1252 3233 1360 168 1762 1383 1163 620 941 
1177 433 1200 753 544 1076 0 2224 740 1244 878 774 973 1007 1549 
1365 2602 2239 2597 2789 3272 2348 0 2985 3412 1556 3019 2583 2946 2681 
1825 377 1937 973 236 1249 686 2960 0 1417 1374 46 1121 1212 1754 
2197 1577 2211 1227 1472 169 1359 3233 1538 0 1785 1561 1200 743 957 
471 1128 765 1052 1392 1684 859 1534 1468 1854 0 1502 1033 1338 1345 
1922 444 2012 1060 303 1311 753 3032 67 1479 1457 0 1151 1251 1813 
1263 1098 1228 444 1150 1125 792 2333 1264 1146 796 1298 0 509 1123 
1678 1235 1786 563 1193 590 919 2960 1202 758 1234 1225 664 0 1066 
1491 1565 1363 1224 1609 955 1335 2960 1731 941 1131 1765 1033 881 0 
0 1202 939 1044 1230 1601 915 1302 1340 1722 314 1374 1011 1297 1074 
1238 0 1278 674 195 1010 297 2272 360 1178 894 394 782 883 1158 
976 1261 0 1095 1294 1665 967 2060 1404 1841 663 1438 1039 1332 1184 
1124 646 1149 0 587 768 459 2202 775 941 750 809 451 396 1003 
1157 367 1192 480 0 814 392 2202 510 1001 817 544 588 689 976 
1849 1219 1851 888 1151 0 1065 2960 1217 168 1508 1240 979 489 809 
1034 318 1029 469 421 797 0 2060 599 979 690 633 628 672 1011 
1228 2365 2114 2190 2313 2653 2110 0 2443 2842 1492 2477 2179 2494 2263 
1299 302 1349 631 169 976 543 2333 0 1144 969 46 739 840 1158 
1905 1369 1893 980 1294 168 1240 2960 1361 0 1555 1384 1024 656 833 
414 900 712 729 950 1342 610 1512 1086 1510 0 1120 711 979 764 
1347 336 1377 665 203 1001 577 2385 46 1169 1011 0 773 874 1158 
1101 850 1104 352 791 994 683 2132 983 1046 727 1017 0 474 884 
1388 912 1408 399 852 537 707 2419 1032 671 1033 1061 483 0 841 
1157 1247 1218 1038 1220 846 1123 2202 1330 844 819 1364 945 797 0 
0 1076 919 950 1024 1415 862 1302 1148 1583 291 1182 900 1217 1050 
1154 0 1274 667 195 955 297 2202 333 1123 885 367 731 821 1166 
867 1178 0 1039 1126 1492 961 2060 1250 1660 655 1284 1014 1298 1166 
996 604 1132 0 552 713 445 2060 673 881 714 707 349 396 913 
1066 362 1191 479 0 757 378 2132 457 941 798 491 543 633 970 
1450 912 1548 678 854 0 730 2517 994 168 1192 1028 900 489 820 
922 318 1046 452 406 730 0 2060 527 898 664 561 573 606 1003 
1121 2164 1985 2047 2192 2501 1936 0 2233 2669 1365 2267 1966 2344 2094 
1203 291 1311 626 165 955 525 2272 0 1123 945 46 690 780 1074 
1638 1076 1758 846 1024 168 898 2960 1148 0 1380 1182 983 656 839 
340 802 712 675 750 1133 591 1455 871 1301 0 915 629 947 749 
1252 325 1345 660 199 955 559 2333 46 1123 985 0 724 814 1166 
941 662 1083 348 610 955 553 2060 731 1001 676 765 0 470 839 
1275 763 1345 399 711 537 587 2333 832 656 979 866 483 0 831 
1066 1071 1206 972 1019 810 960 2132 1143 816 802 1177 910 780 0 
