21
15
3600
0
1163
1029
1260
1105
1222
1146
1414
1304
1182
988
971
1016
1269
1491
1195
1279
1215
1151
1139
1015
0 770 985 501 761 1197 633 587 748 1209 479 765 650 677 484 919 865 724 345 913 864 
780 0 1206 1209 109 633 1341 1292 533 774 450 1216 1358 1379 1183 546 1629 1437 620 263 1300 
1015 1171 0 1361 1228 1639 1493 1482 1329 394 939 1398 1510 1569 1373 636 1823 1627 1022 1112 1482 
471 1159 1343 0 1145 1556 264 374 1112 1567 831 1045 281 693 458 1316 881 582 699 1315 1165 
757 108 1138 1188 0 662 1320 1261 480 851 427 1210 1337 1348 1152 623 1598 1406 597 347 1294 
1209 636 1612 1627 660 0 1759 1748 883 1314 876 1652 1776 1846 1639 1078 2118 1917 1048 691 1736 
597 1279 1461 264 1282 1693 0 402 1247 1685 968 1174 85 755 561 1436 948 462 825 1420 1294 
524 1197 1369 374 1200 1611 402 0 1138 1593 858 1124 419 551 357 1328 739 412 726 1338 1212 
887 571 1429 1296 498 643 1428 1420 0 1190 687 1326 1445 1507 1311 953 1757 1565 551 780 1410 
1180 886 394 1571 977 1379 1703 1692 1196 0 799 1623 1720 1779 1583 328 2021 1842 1137 740 1707 
521 516 885 863 507 912 998 940 620 803 0 931 1015 1033 835 514 1263 1141 474 657 999 
741 1197 1429 1035 1200 1611 1167 1125 1126 1621 889 0 1184 1237 1042 1332 1487 1270 715 1338 471 
614 1297 1478 281 1300 1711 85 419 1261 1702 991 1184 0 772 578 1443 970 417 842 1438 1336 
788 1472 1667 720 1475 1888 852 771 1433 1927 1145 1350 869 0 439 1619 616 922 1022 1613 1482 
467 1130 1343 477 1116 1527 601 480 1086 1567 801 1045 618 439 0 1287 655 617 669 1272 1136 
890 604 636 1333 689 1136 1465 1454 934 328 510 1332 1482 1541 1345 0 1791 1599 847 496 1416 
827 1490 1685 820 1493 1905 915 793 1442 1927 1165 1400 933 555 662 1637 0 942 1031 1631 1505 
695 1360 1547 593 1363 1774 462 407 1311 1771 1034 1268 417 722 528 1499 916 0 897 1501 1366 
376 608 1059 761 633 1059 893 836 411 1116 443 758 913 931 733 788 1128 973 0 749 842 
945 263 1206 1385 348 693 1517 1506 716 740 614 1398 1534 1593 1397 496 1848 1651 735 0 1482 
815 1295 1478 1104 1298 1709 1236 1214 1205 1696 968 473 1253 1291 1095 1407 1541 1359 789 1436 0 
0 843 1230 501 837 1261 633 609 747 1244 571 800 650 696 514 934 909 836 345 1028 887 
864 0 1206 1370 109 633 1589 1399 535 786 499 1358 1611 1595 1321 551 1885 1611 638 263 1479 
1264 1171 0 1672 1256 1744 1886 1704 1439 394 975 1650 1907 1934 1626 636 2224 1934 1280 1137 1755 
471 1314 1546 0 1329 1742 264 381 1115 1714 941 1045 281 699 482 1432 916 660 706 1515 1248 
841 108 1206 1346 0 662 1565 1384 482 863 476 1358 1587 1580 1306 628 1858 1596 615 347 1479 
1405 678 1700 1881 702 0 2131 1931 870 1361 979 1863 2152 2180 1844 1117 2451 2179 1096 733 1994 
597 1455 1658 264 1457 1882 0 409 1240 1875 1090 1174 85 773 605 1577 1056 487 832 1644 1367 
545 1375 1583 409 1372 1785 437 0 1169 1790 991 1152 454 568 400 1508 780 412 756 1564 1289 
887 575 1564 1378 506 625 1597 1417 0 1228 757 1388 1619 1613 1339 988 1885 1629 551 796 1509 
1247 808 394 1736 893 1342 1957 1768 1053 0 842 1688 1978 1991 1690 328 2252 1983 1087 740 1811 
590 550 939 1010 565 1038 1234 1090 749 823 0 1050 1256 1233 1013 534 1487 1319 529 714 1190 
747 1338 1616 1119 1329 1742 1338 1236 1149 1743 1014 0 1360 1401 1127 1461 1655 1448 730 1527 471 
614 1468 1727 281 1483 1902 85 426 1259 1886 1111 1184 0 790 622 1603 1073 442 849 1657 1403 
749 1579 1855 730 1587 2032 855 701 1374 1990 1209 1330 872 0 448 1707 565 942 961 1768 1509 
463 1246 1528 500 1237 1650 632 483 1095 1680 916 1045 649 452 0 1398 688 710 674 1435 1209 
925 564 636 1441 649 1101 1660 1473 808 328 553 1431 1682 1669 1395 0 1930 1685 823 496 1552 
854 1715 1974 835 1713 2130 973 806 1530 2158 1334 1422 995 546 685 1862 0 1111 1117 1902 1596 
738 1579 1839 651 1577 2008 485 430 1374 1983 1167 1321 440 761 593 1697 1025 0 961 1768 1485 
376 613 1230 761 637 1038 893 859 411 1129 443 790 913 962 764 796 1215 1111 0 777 877 
1005 263 1206 1503 348 693 1722 1535 730 740 632 1492 1744 1731 1457 496 1994 1747 745 0 1613 
821 1426 1727 1203 1442 1861 1422 1276 1217 1850 1096 473 1444 1472 1198 1562 1726 1488 804 1615 0 
0 1048 1203 648 1041 1519 889 651 968 1446 677 931 923 891 564 1202 1196 884 509 1231 1048 
1231 0 1312 1679 118 732 1870 1737 631 921 646 1674 1951 1933 1617 756 2286 1950 870 342 1888 
1272 1453 0 1683 1537 2001 1870 1741 1699 421 1142 1678 1951 1933 1621 736 2286 1950 1448 1272 1888 
576 1480 1614 0 1474 1959 386 480 1474 1902 1142 1227 429 1009 688 1678 1386 823 953 1652 1407 
1187 125 1400 1639 0 765 1815 1697 525 1019 607 1611 1903 1888 1577 829 2286 1887 766 447 1794 
1588 756 1900 2068 700 0 2282 2123 934 1532 1004 2054 2363 2267 2020 1391 2595 2284 1231 764 2158 
781 1667 1840 379 1661 2155 0 574 1704 2141 1336 1452 111 1123 829 1887 1449 702 1144 1840 1635 
586 1460 1614 501 1454 1959 583 0 1451 1902 1130 1207 626 796 479 1670 1100 459 896 1632 1392 
1007 667 1736 1448 555 720 1623 1506 0 1355 875 1407 1650 1690 1386 1217 2063 1727 570 997 1590 
1494 1123 452 1924 1207 1629 2144 1976 1595 0 1134 1928 2225 2164 1844 401 2492 2152 1623 883 2033 
796 806 1079 1214 826 1355 1389 1268 1035 1043 0 1184 1416 1446 1142 705 1782 1489 714 1003 1351 
917 1536 1706 1249 1530 2025 1424 1309 1578 2063 1206 0 1451 1493 1189 1746 1835 1530 1041 1708 546 
811 1725 1892 409 1719 2211 98 604 1748 2172 1380 1456 0 1138 859 1945 1474 657 1184 1899 1639 
855 1758 1916 1057 1752 2244 1098 836 1775 2188 1402 1478 1125 0 594 1998 861 1088 1240 1924 1661 
546 1437 1556 771 1431 1924 853 599 1398 1799 1107 1184 896 580 0 1639 1016 832 856 1609 1351 
1384 884 800 1863 971 1455 2056 1934 1355 410 780 1844 2137 2142 1800 0 2470 2097 1326 713 2017 
874 1782 1984 1070 1776 2275 1098 855 1779 2256 1425 1518 1125 685 781 1998 0 1095 1240 1950 1701 
797 1667 1840 774 1661 2155 646 474 1704 2141 1336 1421 614 983 690 1887 1304 0 1144 1840 1604 
483 808 1175 917 843 1232 1114 912 484 1344 605 856 1141 1123 822 1114 1449 1137 0 977 1005 
1384 328 1312 1863 422 760 2056 1943 934 931 828 1844 2137 2142 1805 711 2470 2097 1092 0 2017 
1009 1633 1840 1338 1627 2113 1513 1447 1670 2141 1303 580 1540 1631 1327 1887 2000 1668 1113 1813 0 
0 958 1153 563 942 1494 758 652 857 1426 619 894 775 822 572 1168 1101 836 385 1118 1007 
1008 0 1321 1465 112 824 1661 1544 709 1011 593 1560 1696 1650 1473 744 1874 1722 787 390 1582 
1202 1473 0 1607 1480 2038 1815 1686 1574 457 1169 1740 1838 1792 1615 826 2001 1877 1250 1336 1762 
535 1347 1494 0 1354 1872 347 457 1266 1767 1028 1174 364 854 589 1574 1111 759 771 1506 1290 
973 130 1359 1437 0 898 1633 1516 653 1049 561 1525 1668 1622 1445 783 1841 1694 780 481 1547 
1477 940 1882 1959 824 0 2119 2017 1017 1708 1076 2004 2151 2148 1941 1457 2330 2227 1283 1015 2075 
742 1530 1683 359 1537 2067 0 520 1520 2050 1218 1307 85 976 739 1739 1196 592 1013 1689 1531 
555 1360 1528 486 1367 1875 555 0 1285 1821 1042 1174 572 681 444 1574 970 478 791 1519 1290 
1147 736 1682 1552 654 795 1748 1631 0 1521 899 1638 1783 1737 1560 1270 1955 1822 677 1015 1660 
1485 1059 473 1888 1153 1777 2062 1967 1309 0 1054 1987 2094 2128 1895 408 2310 2168 1322 994 2051 
651 691 993 1033 660 1179 1229 1117 774 1025 0 1188 1264 1231 1046 680 1431 1295 611 877 1208 
856 1428 1612 1181 1435 1959 1377 1271 1384 1894 1148 0 1412 1377 1200 1668 1577 1449 854 1587 555 
808 1589 1742 425 1596 2119 134 586 1590 2050 1271 1383 0 1031 805 1798 1271 568 1083 1748 1581 
793 1576 1729 852 1583 2103 1000 767 1564 2050 1258 1395 1035 0 599 1785 740 970 1057 1735 1580 
522 1331 1494 639 1338 1855 786 561 1255 1767 1017 1174 803 598 0 1545 916 745 758 1490 1270 
1133 834 779 1620 880 1527 1834 1699 1086 413 678 1709 1854 1815 1628 0 2008 1887 1082 796 1731 
891 1670 1843 956 1677 2214 1098 865 1665 2110 1352 1550 1133 655 791 1885 0 1054 1158 1832 1690 
727 1520 1676 717 1527 2067 572 437 1497 2048 1206 1343 499 853 616 1732 1111 0 990 1679 1498 
452 718 1153 805 730 1269 1000 903 472 1340 484 893 1035 1083 824 994 1282 1097 0 913 971 
1131 379 1359 1572 464 918 1768 1651 870 1022 723 1692 1808 1757 1580 730 1960 1852 924 0 1714 
1109 1663 1849 1441 1670 2187 1637 1546 1637 2110 1373 609 1672 1652 1475 1919 1874 1724 1130 1832 0 
0 881 1085 600 869 1393 788 698 884 1358 527 932 812 812 608 1125 1031 922 379 1028 971 
940 0 1315 1390 125 813 1564 1473 731 931 530 1394 1607 1570 1360 719 1769 1659 826 382 1481 
1158 1372 0 1518 1355 1917 1692 1601 1508 443 1108 1622 1735 1698 1488 733 1905 1787 1182 1390 1709 
588 1368 1571 0 1351 1904 366 462 1383 1859 1040 1276 390 865 621 1630 1099 786 854 1528 1363 
922 123 1335 1353 0 847 1527 1436 631 990 514 1394 1570 1533 1323 767 1732 1622 810 461 1481 
1437 873 1882 1869 847 0 2069 1947 1045 1619 1075 1946 2098 2095 1836 1491 2293 2141 1364 913 2025 
753 1546 1742 343 1529 2076 0 510 1525 2061 1226 1424 92 926 727 1806 1152 586 1024 1706 1511 
585 1319 1553 491 1302 1863 545 0 1340 1830 986 1276 569 644 452 1605 849 494 813 1479 1363 
1121 719 1684 1498 637 823 1672 1581 0 1411 864 1552 1715 1678 1468 1240 1878 1767 677 988 1639 
1373 1174 428 1733 1240 1873 1898 1825 1523 0 976 1845 1927 1901 1703 376 2158 2000 1367 1001 1941 
652 658 1018 1045 646 1170 1219 1189 800 951 0 1102 1262 1277 1068 660 1476 1375 596 810 1188 
844 1361 1579 1153 1344 1904 1327 1275 1351 1859 1058 0 1370 1372 1162 1671 1571 1461 831 1521 568 
778 1568 1764 368 1551 2094 93 535 1551 2061 1252 1472 0 956 752 1831 1163 539 1050 1728 1559 
810 1553 1749 911 1536 2076 1012 779 1551 2061 1237 1507 1055 0 557 1817 646 978 1050 1713 1594 
498 1254 1461 615 1237 1779 755 532 1257 1734 874 1182 779 570 0 1501 775 752 726 1414 1279 
1117 793 735 1550 873 1581 1724 1633 1196 402 656 1600 1767 1730 1520 0 1934 1822 1054 726 1687 
894 1647 1845 989 1630 2154 1102 863 1630 2109 1331 1593 1145 632 814 1910 0 1084 1129 1863 1680 
751 1496 1695 727 1479 2027 596 469 1486 2043 1173 1424 548 810 618 1761 1031 0 985 1656 1511 
463 761 1181 861 750 1269 1071 973 505 1306 510 932 1114 1073 869 998 1272 1201 0 913 971 
1149 413 1383 1591 500 1026 1765 1674 955 1006 759 1641 1808 1771 1561 778 1998 1865 1016 0 1728 
927 1429 1669 1240 1412 1966 1414 1337 1424 1979 1138 602 1457 1434 1224 1735 1633 1523 923 1589 0 
0 957 1166 614 929 1450 772 686 934 1423 567 927 789 783 575 1235 987 866 433 1106 1010 
982 0 1338 1409 132 892 1608 1506 747 933 604 1465 1632 1630 1419 733 1809 1713 781 338 1578 
1198 1377 0 1534 1372 1853 1733 1631 1481 451 1090 1611 1757 1755 1544 789 1964 1842 1171 1354 1724 
559 1332 1505 0 1327 1834 312 443 1312 1762 949 1174 329 840 589 1575 1030 753 794 1479 1354 
949 129 1367 1370 0 940 1569 1467 655 994 570 1420 1593 1591 1380 796 1768 1674 781 420 1533 
1461 866 1879 1896 797 0 2083 2008 1011 1677 1084 1946 2129 2124 1928 1500 2304 2236 1285 913 2043 
725 1496 1677 308 1491 1975 0 493 1438 2036 1110 1326 85 890 696 1746 1082 546 943 1643 1503 
557 1332 1505 470 1327 1834 547 0 1312 1762 949 1220 564 620 426 1575 811 464 792 1479 1354 
1073 729 1685 1409 614 765 1608 1506 0 1457 893 1465 1632 1630 1419 1280 1809 1713 622 1025 1578 
1415 1008 428 1783 1117 1661 1985 1881 1285 0 952 1867 2031 2057 1793 398 2213 2140 1325 940 2024 
621 624 955 1037 601 1125 1236 1105 783 953 0 1146 1260 1215 1023 664 1392 1310 587 778 1197 
851 1404 1605 1201 1399 1875 1400 1272 1377 1903 1065 0 1424 1396 1185 1654 1573 1479 864 1551 572 
760 1524 1703 343 1519 2007 103 528 1456 2059 1170 1360 0 948 731 1774 1127 510 961 1671 1542 
817 1566 1745 854 1561 2036 1044 813 1520 2059 1224 1488 1068 0 555 1838 633 1014 1025 1713 1601 
522 1290 1467 550 1285 1764 708 575 1274 1724 891 1174 725 549 0 1538 740 755 757 1437 1309 
1124 798 722 1529 898 1469 1728 1626 1103 398 599 1571 1752 1750 1539 0 1958 1842 1049 739 1684 
884 1621 1800 929 1616 2075 1117 880 1602 2059 1279 1558 1141 604 741 1900 0 1098 1107 1768 1683 
757 1524 1703 718 1519 2007 538 413 1456 2059 1170 1420 484 820 626 1774 1009 0 961 1671 1533 
421 730 1166 799 707 1240 968 871 509 1294 473 895 992 970 760 986 1169 1067 0 884 971 
1109 341 1338 1529 427 983 1728 1626 934 933 721 1571 1752 1750 1539 725 1958 1842 898 0 1684 
889 1432 1651 1229 1427 1909 1428 1316 1417 1916 1093 567 1452 1440 1229 1682 1617 1523 922 1579 0 
0 876 1086 566 887 1382 698 671 793 1326 546 869 720 774 561 1120 932 849 358 1049 982 
930 0 1340 1351 123 812 1529 1430 610 894 560 1462 1553 1617 1318 753 1758 1645 818 339 1519 
1086 1338 0 1466 1334 1857 1644 1558 1464 447 1053 1615 1668 1745 1446 760 1907 1773 1117 1394 1672 
551 1259 1511 0 1255 1770 288 444 1241 1751 968 1174 310 849 612 1553 1019 724 757 1451 1322 
903 115 1327 1298 0 857 1476 1406 574 930 537 1429 1500 1593 1294 784 1734 1621 795 429 1486 
1430 824 1877 1884 842 0 2045 1964 1015 1607 1074 1994 2070 2172 1880 1464 2350 2163 1291 866 2070 
693 1406 1624 298 1402 1918 0 487 1392 1872 1095 1324 90 892 655 1665 1063 651 899 1598 1486 
564 1259 1511 507 1255 1770 540 0 1241 1751 968 1174 562 622 385 1553 825 466 758 1451 1322 
1105 710 1675 1499 626 792 1677 1591 0 1354 879 1564 1701 1778 1479 1211 1930 1822 679 987 1621 
1365 1000 427 1745 1066 1692 1898 1836 1243 0 967 1883 1923 2063 1725 396 2196 2101 1320 913 1923 
593 631 939 954 642 1134 1141 1080 780 889 0 1026 1165 1255 941 605 1396 1284 564 789 1154 
838 1331 1595 1141 1327 1845 1319 1249 1309 1837 1067 0 1343 1436 1137 1606 1577 1464 812 1523 564 
716 1434 1660 321 1430 1968 91 510 1414 1904 1143 1342 0 918 678 1701 1070 605 922 1626 1486 
808 1511 1731 811 1507 2039 955 783 1492 2050 1212 1505 979 0 476 1772 661 960 1000 1703 1562 
490 1203 1419 539 1199 1714 671 528 1167 1659 872 1174 693 464 0 1467 759 706 684 1395 1255 
1056 796 756 1556 860 1497 1734 1648 1053 400 631 1614 1758 1853 1536 0 1989 1871 1036 710 1671 
937 1637 1877 939 1633 2125 1109 912 1629 2106 1339 1617 1133 692 819 1893 0 1107 1137 1840 1674 
746 1460 1662 727 1456 1979 597 432 1435 1904 1167 1453 550 804 567 1703 989 0 943 1652 1519 
443 740 1173 803 751 1248 955 912 435 1265 496 852 979 1005 798 1073 1162 1107 0 898 982 
1105 348 1340 1519 456 849 1697 1611 897 894 734 1622 1721 1798 1499 699 1975 1842 963 0 1679 
917 1399 1660 1220 1395 1918 1398 1348 1392 1904 1167 583 1422 1535 1236 1674 1676 1563 891 1591 0 
0 931 1174 569 929 1422 697 698 934 1370 616 888 740 824 627 1192 1084 922 397 1097 1023 
935 0 1350 1407 115 881 1580 1517 625 940 559 1496 1601 1628 1403 766 1809 1759 812 393 1521 
1382 1403 0 1761 1429 1938 1983 1878 1546 461 1104 1721 1989 1992 1772 772 2159 2089 1222 1404 1746 
511 1312 1448 0 1284 1787 276 435 1263 1686 967 1174 319 805 582 1516 1071 737 760 1458 1290 
912 123 1322 1371 0 861 1544 1481 561 1007 535 1466 1565 1592 1367 819 1809 1723 788 495 1491 
1475 890 1894 1986 848 0 2235 2110 992 1624 1096 1997 2241 2214 1990 1466 2379 2281 1291 913 2028 
697 1475 1665 334 1447 1966 0 509 1472 1909 1122 1260 111 942 717 1710 1173 649 958 1621 1491 
604 1362 1545 532 1334 1846 590 0 1326 1783 1008 1174 633 677 464 1573 836 445 825 1508 1344 
1097 689 1680 1601 635 835 1774 1695 0 1435 864 1600 1795 1816 1581 1268 1984 1897 644 1013 1625 
1455 998 458 1967 1087 1725 2216 2091 1283 0 945 1964 2222 2191 1968 439 2356 2262 1355 946 2028 
614 633 978 1054 629 1123 1227 1159 716 1003 0 1125 1248 1267 1037 672 1511 1401 577 847 1195 
833 1401 1601 1158 1373 1874 1331 1287 1354 1840 1104 0 1352 1398 1173 1646 1642 1529 845 1547 584 
785 1578 1744 422 1550 2139 156 597 1529 2052 1226 1352 0 1021 805 1789 1261 639 1015 1724 1564 
846 1602 1767 838 1574 2151 970 812 1560 2052 1249 1450 991 0 572 1818 656 1038 1046 1748 1587 
503 1274 1420 534 1246 1749 662 535 1240 1658 941 1045 705 467 0 1479 751 744 724 1420 1237 
1125 763 740 1653 825 1461 1876 1763 1036 492 605 1660 1865 1879 1649 0 2037 1944 1078 766 1685 
924 1697 1878 929 1669 2232 1098 896 1644 2102 1344 1539 1119 668 821 1918 0 1147 1130 1858 1675 
759 1519 1691 790 1491 2080 615 462 1472 2052 1169 1343 563 832 619 1736 1097 0 958 1665 1491 
465 797 1174 836 793 1279 970 967 511 1382 512 938 991 1100 883 1026 1334 1188 0 946 1023 
1125 410 1369 1638 491 937 1815 1748 842 940 725 1645 1855 1879 1634 758 2037 1943 955 0 1670 
933 1488 1691 1262 1460 1966 1435 1407 1472 2039 1180 640 1456 1518 1293 1734 1762 1649 958 1634 0 
0 908 1074 614 905 1402 826 669 859 1328 594 927 805 789 591 1171 967 821 364 1083 981 
960 0 1299 1464 124 779 1670 1533 657 871 606 1446 1678 1733 1452 717 1877 1703 917 361 1566 
1145 1419 0 1562 1416 1877 1768 1631 1501 444 1071 1574 1776 1818 1550 755 1986 1822 1191 1411 1694 
566 1365 1519 0 1362 1832 413 489 1278 1773 1038 1259 392 850 622 1622 1034 714 776 1478 1338 
917 126 1342 1411 0 827 1617 1480 601 932 564 1401 1625 1680 1399 774 1774 1650 867 445 1521 
1437 858 1899 1914 852 0 2196 2026 1005 1645 1096 1940 2164 2169 1939 1459 2381 2285 1336 913 2064 
762 1567 1723 397 1564 2017 0 570 1462 2059 1260 1401 123 998 759 1815 1155 643 1009 1680 1521 
588 1396 1553 517 1393 1855 614 0 1278 1808 1071 1259 593 655 432 1637 885 460 797 1509 1338 
1103 716 1685 1530 629 773 1736 1599 0 1370 850 1504 1744 1799 1518 1170 1965 1769 650 964 1624 
1346 1158 547 1866 1253 1737 2106 1936 1517 0 907 1844 2074 2123 1844 405 2335 2231 1320 874 1969 
612 647 992 1091 643 1176 1297 1184 770 952 0 1141 1305 1375 1090 615 1469 1354 598 842 1208 
828 1419 1606 1190 1416 1877 1396 1263 1316 1872 1125 0 1404 1463 1182 1653 1557 1433 812 1532 564 
780 1584 1725 415 1581 2046 162 588 1482 2059 1262 1446 0 1040 777 1838 1172 562 1029 1697 1566 
812 1618 1759 943 1615 2089 1029 781 1506 2059 1296 1446 1037 0 571 1906 674 942 1053 1731 1566 
532 1331 1478 633 1328 1783 842 558 1221 1732 995 1205 821 564 0 1595 794 710 741 1444 1280 
1052 821 757 1570 877 1538 1776 1639 1173 394 619 1530 1784 1818 1558 0 1986 1822 1029 690 1650 
955 1773 1977 1091 1770 2238 1213 925 1654 2242 1462 1587 1217 678 866 2030 0 1108 1201 1896 1707 
769 1577 1723 768 1574 2046 682 490 1462 2059 1260 1401 562 836 613 1823 1012 0 1009 1690 1521 
464 757 1166 859 753 1262 1029 934 495 1310 504 931 1037 1141 854 997 1245 1108 0 955 1011 
1060 349 1299 1570 438 843 1776 1639 843 873 719 1551 1784 1818 1558 690 1986 1822 1011 0 1671 
927 1500 1696 1277 1497 1962 1483 1339 1386 2036 1206 574 1491 1539 1258 1734 1633 1509 933 1613 0 
0 945 1144 645 944 1500 791 703 847 1426 645 978 844 898 627 1237 1089 863 417 1083 1037 
1002 0 1288 1493 126 802 1678 1653 670 941 633 1493 1755 1753 1566 761 1962 1869 853 345 1625 
1157 1465 0 1534 1553 2061 1719 1694 1617 455 1083 1604 1796 1794 1607 782 2006 1952 1179 1405 1736 
582 1479 1505 0 1492 1997 322 455 1232 1787 1045 1207 375 916 643 1606 1132 699 794 1598 1339 
959 114 1342 1468 0 833 1653 1628 607 995 595 1463 1730 1728 1541 797 1940 1842 815 433 1595 
1512 887 1855 1952 838 0 2132 2133 1014 1628 1097 1961 2174 2196 2005 1475 2404 2317 1303 896 2112 
759 1653 1674 337 1666 2136 0 506 1422 2035 1243 1379 121 995 699 1794 1183 601 984 1772 1511 
597 1479 1505 542 1492 1997 599 0 1242 1787 1049 1227 652 740 435 1636 946 430 802 1598 1359 
1091 676 1636 1468 593 753 1653 1628 0 1406 891 1463 1730 1728 1541 1264 1940 1842 600 980 1595 
1469 1214 476 1854 1302 1636 2060 2037 1568 0 970 1918 2102 2111 1917 419 2319 2219 1387 888 2056 
630 672 955 1095 681 1210 1280 1164 804 950 0 1144 1357 1295 1099 680 1516 1378 582 825 1245 
890 1529 1585 1213 1542 2034 1398 1347 1288 1872 1156 0 1475 1447 1260 1705 1668 1561 845 1648 569 
784 1671 1699 362 1684 2167 93 531 1442 2035 1279 1417 0 1013 724 1830 1211 547 1004 1790 1549 
815 1707 1707 863 1720 2214 1002 773 1461 2035 1287 1463 1019 0 506 1838 627 942 1023 1830 1595 
534 1382 1433 634 1395 1916 765 550 1174 1715 1009 1171 794 523 0 1590 964 710 739 1501 1284 
1154 885 782 1602 969 1443 1787 1762 1259 385 670 1615 1825 1906 1675 0 2071 1992 1093 693 1747 
971 1878 1959 1027 1882 2364 1168 939 1629 2210 1475 1612 1245 724 879 2049 0 1166 1191 2050 1744 
753 1634 1647 763 1647 2136 592 461 1403 2035 1238 1379 566 896 591 1767 1079 0 965 1753 1511 
469 795 1144 893 804 1218 1048 946 430 1346 537 939 1125 1130 868 1124 1331 1166 0 940 984 
1223 386 1288 1640 477 887 1834 1800 934 885 801 1653 1869 1920 1713 688 2167 2019 988 0 1785 
949 1593 1674 1297 1606 2106 1482 1462 1362 2035 1220 604 1559 1562 1375 1794 1783 1676 924 1712 0 
0 1154 1347 619 1126 1749 859 788 1010 1615 802 872 880 931 712 1350 1112 1035 483 1310 1129 
1068 0 1344 1702 134 844 1862 1863 652 930 714 1778 1879 1909 1694 800 2081 2062 874 285 1976 
1346 1598 0 1883 1570 2143 2020 1990 1706 446 1055 1770 2037 2045 1831 779 2228 2228 1318 1357 1921 
594 1697 1796 0 1669 2166 376 500 1405 2070 1347 1189 397 960 698 1905 1119 857 989 1881 1407 
1057 113 1382 1693 0 824 1862 1863 574 975 693 1755 1879 1909 1685 844 2081 2062 853 390 1962 
1691 846 2126 2319 825 0 2459 2375 1015 1651 1287 2437 2476 2392 2188 1513 2575 2550 1284 874 2551 
741 1821 2046 321 1805 2376 0 522 1586 2273 1486 1372 89 960 720 2039 1138 646 1151 1984 1616 
586 1681 1770 488 1653 2148 565 0 1395 2070 1321 1183 586 695 437 1905 816 470 989 1854 1380 
1142 747 1888 1615 635 777 1785 1642 0 1569 1031 1715 1820 1732 1513 1431 1902 1822 640 987 1904 
1409 904 450 2024 989 1548 2164 2236 1211 0 941 2074 2181 2244 2069 406 2427 2411 1311 840 2195 
673 786 1082 1265 842 1422 1435 1451 968 1032 0 1140 1497 1541 1322 749 1732 1618 660 940 1335 
857 1621 1715 1162 1593 2106 1332 1369 1310 2031 1273 0 1394 1459 1232 1847 1650 1536 820 1791 507 
805 1877 2046 385 1864 2376 132 586 1602 2273 1540 1406 0 1057 784 2105 1205 637 1205 2042 1713 
854 1915 2129 911 1906 2412 1047 825 1673 2356 1577 1482 1109 0 542 2125 586 1061 1242 2082 1757 
523 1621 1715 601 1593 2106 772 554 1324 2031 1263 1140 793 532 0 1847 790 800 844 1791 1325 
1126 738 720 1760 825 1402 1918 1908 1044 396 691 1839 1935 1986 1752 0 2154 2174 1083 677 2020 
1131 2285 2386 1188 2262 2696 1290 1095 1945 2613 1865 1693 1341 804 1034 2400 0 1268 1529 2415 2057 
748 1821 2046 712 1796 2369 640 436 1584 2273 1478 1396 591 857 599 2039 1022 0 1143 1984 1616 
488 870 1252 1065 851 1302 1235 1280 518 1443 606 963 1297 1374 1143 1158 1565 1447 0 1018 1129 
1155 353 1309 1789 472 869 1945 1952 841 851 785 1880 1962 1986 1781 730 2180 2174 932 0 2057 
999 1752 1855 1291 1724 2226 1461 1472 1455 2107 1406 593 1523 1562 1343 1945 1753 1639 1014 1930 0 
0 1140 1329 650 1122 1567 777 672 807 1568 834 854 794 783 540 1356 949 827 452 1327 1091 
1009 0 1401 1612 109 696 1758 1720 533 1006 675 1598 1775 1816 1574 849 1968 1867 774 275 1679 
1272 1336 0 1780 1417 1835 1945 1876 1571 400 1034 1615 1962 1944 1706 752 2129 1956 1143 1157 1696 
537 1611 1964 0 1618 1990 295 470 1240 2094 1266 1174 312 760 517 1827 981 725 943 1798 1434 
988 109 1508 1601 0 734 1747 1708 480 1110 649 1586 1764 1796 1562 895 1968 1855 753 366 1667 
1584 780 1876 2100 777 0 2232 2237 979 1475 1157 2188 2249 2295 2068 1244 2480 2320 1248 775 2339 
710 1752 2182 315 1759 2110 0 510 1391 2245 1451 1286 85 931 681 1956 1074 577 1056 1932 1615 
554 1626 1964 485 1633 1996 517 0 1254 2094 1266 1174 534 626 378 1827 826 412 943 1813 1434 
1052 595 1892 1552 541 720 1698 1592 0 1499 967 1586 1715 1680 1446 1276 1832 1737 604 859 1667 
1431 859 404 2011 929 1419 2143 2118 1149 0 945 1873 2160 2191 1964 368 2376 2201 1207 801 2055 
611 635 1048 1250 701 1319 1396 1284 857 891 0 1255 1413 1372 1138 727 1518 1429 554 801 1342 
798 1578 1876 1237 1585 2038 1383 1355 1310 2073 1237 0 1400 1443 1209 1795 1589 1500 875 1765 561 
727 1771 2182 332 1778 2140 85 527 1422 2280 1451 1297 0 946 698 2005 1110 532 1075 1947 1618 
855 1884 2318 771 1894 2287 898 828 1550 2363 1536 1422 920 0 452 2088 660 962 1190 2036 1749 
467 1542 1839 511 1549 1920 638 499 1180 2031 1177 1116 655 447 0 1738 735 654 866 1729 1299 
1105 696 711 1697 762 1260 1848 1812 940 377 680 1670 1865 1891 1659 0 2058 1917 1019 635 1751 
1230 2209 2610 1198 2216 2637 1344 1205 1932 2661 1888 1792 1361 854 1035 2372 0 1350 1556 2350 2223 
731 1763 2182 728 1770 2140 538 431 1422 2280 1451 1297 493 803 555 2005 955 0 1067 1938 1562 
482 739 1235 1094 730 1151 1240 1162 414 1425 645 1085 1257 1249 1015 1143 1394 1307 0 898 1125 
1107 311 1206 1697 396 738 1848 1812 769 828 775 1670 1865 1891 1659 711 2058 1917 850 0 1751 
944 1639 1964 1354 1646 2110 1500 1487 1371 2160 1323 561 1517 1575 1341 1881 1721 1632 943 1830 0 
0 918 1138 565 939 1392 697 650 747 1287 579 771 714 825 547 1023 934 859 362 1093 911 
849 0 1206 1287 109 633 1419 1447 533 824 509 1333 1436 1466 1275 595 1638 1575 665 270 1409 
1133 1197 0 1491 1279 1764 1623 1657 1497 403 959 1530 1640 1676 1485 658 1848 1785 1185 1184 1606 
511 1286 1469 0 1294 1719 264 387 1148 1693 967 1116 281 808 541 1464 932 687 763 1433 1267 
826 108 1281 1260 0 662 1392 1431 480 908 486 1333 1409 1450 1259 672 1622 1559 647 354 1409 
1235 662 1652 1665 681 0 1797 1835 882 1362 890 1678 1820 1865 1659 1136 2020 1961 1066 691 1754 
637 1398 1557 264 1406 1835 0 415 1277 1781 1113 1199 85 870 569 1569 977 557 889 1545 1364 
562 1299 1469 447 1307 1732 475 0 1196 1693 988 1162 492 695 394 1475 817 423 784 1446 1267 
893 574 1501 1340 506 690 1472 1499 0 1269 723 1370 1489 1518 1327 1043 1690 1627 554 780 1446 
1260 886 402 1655 977 1374 1787 1821 1217 0 826 1694 1808 1865 1649 328 2009 1921 1239 740 1770 
569 587 993 1022 640 1156 1154 1144 777 841 0 1023 1171 1180 973 548 1352 1265 542 769 1108 
745 1299 1469 1083 1307 1732 1215 1261 1161 1693 994 0 1232 1276 1145 1408 1448 1389 745 1446 471 
654 1398 1582 281 1406 1835 85 432 1301 1808 1113 1216 0 887 586 1594 997 512 928 1545 1409 
772 1491 1669 783 1499 1925 851 747 1421 1967 1206 1347 868 0 483 1681 579 969 1010 1638 1446 
449 1233 1383 503 1241 1666 593 489 1086 1607 871 1045 610 493 0 1338 708 698 671 1380 1125 
1009 604 693 1483 689 1130 1615 1649 934 328 586 1479 1632 1668 1477 0 1848 1777 968 496 1555 
1017 1721 1959 1035 1729 2160 1097 976 1664 2183 1436 1576 1114 815 931 1918 0 1203 1253 1881 1710 
702 1416 1618 641 1424 1849 462 424 1340 1872 1131 1268 417 835 534 1630 948 0 929 1563 1409 
386 630 1218 848 653 1102 982 921 411 1167 461 807 999 1013 812 879 1221 1133 0 810 891 
973 263 1206 1404 348 693 1536 1570 728 765 626 1463 1553 1589 1398 521 1761 1698 747 0 1539 
912 1463 1644 1226 1471 1898 1358 1421 1339 1888 1178 527 1375 1440 1249 1656 1612 1549 928 1610 0 
0 802 1059 519 791 1266 651 593 747 1251 486 799 668 678 494 962 865 722 347 932 994 
814 0 1206 1258 109 633 1390 1320 533 776 486 1330 1407 1445 1218 546 1599 1455 634 263 1423 
1041 1188 0 1379 1269 1718 1511 1453 1370 394 988 1466 1528 1578 1351 657 1732 1588 1076 1112 1559 
471 1183 1393 0 1177 1626 264 374 1112 1607 838 1045 281 697 471 1332 884 580 699 1344 1179 
791 108 1206 1235 0 662 1367 1296 480 853 463 1291 1384 1421 1194 623 1575 1431 624 347 1384 
1186 636 1640 1597 645 0 1729 1671 824 1314 857 1635 1746 1796 1569 1078 1960 1822 1037 691 1728 
597 1337 1528 264 1331 1780 0 402 1240 1742 968 1174 85 756 561 1456 948 462 825 1498 1308 
513 1212 1419 374 1206 1655 402 0 1126 1633 854 1105 419 552 357 1350 739 412 715 1373 1195 
887 571 1479 1296 498 700 1428 1380 0 1204 710 1429 1445 1505 1278 981 1659 1515 551 787 1522 
1180 826 394 1602 910 1330 1734 1676 1053 0 799 1629 1751 1806 1574 328 1960 1822 1089 745 1722 
540 542 895 891 531 996 1025 966 631 803 0 963 1042 1083 854 514 1228 1126 478 670 1090 
763 1259 1479 1046 1253 1702 1178 1153 1147 1645 916 0 1195 1268 1042 1356 1422 1288 734 1420 521 
614 1358 1536 281 1352 1821 85 419 1259 1750 991 1184 0 773 578 1481 970 417 842 1519 1349 
709 1427 1625 731 1421 1871 809 688 1333 1830 1053 1294 826 0 448 1537 531 817 922 1588 1423 
435 1122 1341 472 1119 1568 601 480 1050 1548 776 1017 618 475 0 1259 662 609 637 1283 1137 
890 577 636 1356 652 1076 1488 1430 804 328 510 1401 1505 1555 1328 0 1709 1565 823 496 1494 
819 1533 1723 841 1527 1966 934 798 1433 1936 1166 1399 941 553 696 1643 0 942 1022 1694 1517 
684 1391 1579 593 1385 1837 462 407 1311 1793 1034 1268 417 723 528 1509 916 0 886 1552 1376 
376 647 1138 821 634 1118 962 883 411 1122 473 852 979 977 784 839 1156 1017 0 751 1035 
959 263 1206 1379 348 693 1511 1453 724 740 627 1466 1528 1578 1351 496 1732 1588 743 0 1559 
948 1434 1652 1229 1428 1877 1361 1304 1333 1850 1105 527 1378 1429 1202 1544 1583 1439 922 1595 0 
0 785 1138 501 772 1177 633 586 747 1244 480 765 650 668 484 922 865 721 345 946 859 
790 0 1206 1209 109 633 1341 1285 533 782 460 1251 1358 1367 1183 549 1564 1420 622 263 1335 
1038 1171 0 1379 1242 1617 1511 1451 1368 394 939 1450 1528 1533 1349 636 1730 1586 1076 1112 1534 
471 1174 1429 0 1165 1540 264 374 1113 1605 832 1045 281 684 458 1336 881 580 702 1321 1165 
767 108 1206 1188 0 662 1320 1254 480 859 437 1210 1337 1336 1152 626 1533 1389 599 347 1294 
1239 636 1621 1640 660 0 1772 1712 868 1309 899 1661 1789 1794 1610 1100 2169 1855 1065 691 1745 
597 1297 1513 264 1288 1663 0 402 1240 1730 968 1174 85 746 561 1461 948 462 828 1444 1294 
513 1197 1461 374 1188 1563 402 0 1134 1620 848 1100 419 542 357 1351 739 412 718 1344 1181 
887 571 1513 1296 498 636 1428 1373 0 1195 705 1323 1445 1455 1271 1003 1652 1508 551 780 1407 
1189 808 394 1599 893 1330 1731 1671 1047 0 799 1611 1748 1753 1569 328 2079 1822 1065 740 1695 
516 537 976 857 524 933 998 930 637 840 0 931 1015 1030 827 551 1218 1126 474 698 993 
739 1225 1513 1035 1216 1591 1167 1153 1147 1641 916 0 1184 1225 1042 1372 1422 1288 732 1372 471 
614 1297 1513 281 1288 1663 85 419 1259 1737 991 1184 0 763 578 1468 970 417 845 1444 1335 
705 1362 1551 700 1353 1728 798 677 1333 1775 1060 1286 815 0 439 1538 527 812 922 1509 1407 
435 1116 1369 457 1102 1481 589 468 1053 1549 770 1017 606 439 0 1280 655 603 640 1267 1108 
890 564 636 1322 649 1089 1454 1394 798 356 510 1323 1471 1476 1292 0 1673 1529 817 496 1407 
825 1484 1675 825 1475 1855 934 797 1442 1931 1188 1400 941 549 667 1662 0 942 1031 1631 1501 
684 1354 1538 593 1345 1720 462 407 1311 1762 1033 1249 417 713 528 1525 916 0 889 1501 1362 
376 608 1138 753 634 1058 885 825 411 1117 443 753 908 912 723 788 1109 961 0 769 837 
953 263 1206 1379 348 693 1511 1451 720 740 620 1394 1528 1533 1349 496 1730 1586 739 0 1478 
822 1295 1513 1122 1286 1661 1254 1207 1228 1730 991 473 1271 1292 1108 1461 1489 1342 815 1442 0 
