25
10
5400
0
1085
1005
908
1075
1392
1002
1266
900
1124
929
915
1161
1436
1202
1285
1219
923
1471
1102
1292
1293
1310
1363
905
0 446 969 920 821 750 1116 508 317 519 146 1775 1602 857 484 402 172 317 46 421 890 1026 843 106 416 
453 0 760 1018 892 595 1240 798 165 732 552 1937 1751 996 63 170 296 147 424 628 1037 1170 718 450 733 
1210 867 0 1353 1228 1402 1566 1360 932 1202 1229 2229 2069 1356 836 971 1103 951 1195 1415 1389 1522 562 1281 1365 
849 975 1351 0 291 1338 449 505 887 439 744 1064 925 317 981 1029 784 923 833 1017 350 317 925 872 575 
577 808 1178 514 0 1170 728 214 722 274 453 1388 1223 459 812 856 619 756 623 824 492 625 792 659 294 
751 595 1311 1355 1230 0 1568 1191 674 1115 832 2229 2069 1337 619 452 649 640 745 526 1370 1503 1248 648 1105 
1045 1160 1523 430 490 1511 0 589 1068 638 946 915 648 618 1164 1219 980 1102 1029 1201 651 705 1086 1070 657 
533 808 1178 491 513 1182 628 0 754 323 424 1246 1107 508 812 890 668 778 579 814 541 674 841 595 140 
320 165 793 897 771 676 1116 720 0 654 419 1775 1589 865 218 251 184 35 305 512 898 1032 692 362 655 
420 544 917 547 480 889 768 488 458 0 452 1411 1293 499 548 592 355 492 404 560 532 665 528 443 533 
162 565 933 797 747 810 1011 423 436 516 0 1673 1511 742 571 532 334 436 208 456 775 915 866 237 331 
1634 1746 2127 1009 1079 2105 867 1204 1672 1227 1532 0 1293 1197 1750 1808 1569 1706 1618 1787 1230 1320 1676 1656 1272 
1499 1611 1984 885 944 1962 659 1075 1537 1092 1397 1221 0 1082 1615 1670 1434 1571 1483 1652 1115 1188 1541 1521 1143 
886 1017 1415 336 328 1364 654 542 927 476 781 1281 1125 0 1025 1065 821 959 870 1054 85 262 965 912 622 
492 63 736 1047 926 619 1268 820 218 754 591 1937 1779 1038 0 194 334 185 462 666 1071 1204 708 488 755 
406 173 889 1062 944 449 1292 865 252 818 503 1973 1812 1038 197 0 352 218 400 481 1071 1204 822 303 773 
172 296 841 821 695 681 1037 644 184 578 318 1696 1511 789 334 348 0 167 142 352 822 963 717 192 579 
325 149 817 929 801 642 1142 750 35 684 424 1810 1658 895 187 217 167 0 295 505 945 1063 716 345 685 
46 424 962 933 806 734 1149 554 302 565 192 1810 1658 900 462 396 142 295 0 405 945 1070 828 100 462 
571 843 1351 1321 1196 698 1526 918 731 1059 553 2187 2042 1279 881 701 606 714 570 0 1312 1445 1225 519 823 
904 1037 1415 374 366 1383 692 580 942 514 819 1315 1182 85 1047 1088 838 977 887 1073 0 306 956 933 660 
987 1108 1487 321 426 1460 725 640 1023 574 879 1388 1293 265 1128 1168 930 1057 971 1150 305 0 1064 1019 720 
818 721 562 946 819 1255 1165 900 695 723 850 1828 1668 917 769 822 753 719 802 956 945 1080 0 841 983 
106 450 962 939 809 659 1149 566 351 625 204 1810 1658 905 488 299 189 334 100 330 945 1070 831 0 474 
442 745 1109 557 589 1091 694 136 691 399 335 1315 1182 584 749 799 611 715 488 723 617 750 917 504 0 
0 472 1021 1040 1026 784 1222 530 360 703 149 2072 1806 924 532 403 200 343 46 440 1022 1212 1058 106 437 
454 0 835 1246 1168 613 1526 872 165 890 572 2356 2098 1161 63 170 300 147 424 637 1248 1435 828 460 792 
983 800 0 1606 1500 1406 1965 1212 840 1342 1012 2818 2505 1566 787 964 951 864 957 1122 1653 1840 562 1049 1122 
1010 1255 1613 0 384 1657 492 515 1127 550 868 1396 1115 328 1263 1350 1053 1153 1059 1233 404 379 1248 1076 583 
649 858 1259 565 0 1339 765 216 793 282 484 1686 1411 469 885 955 746 817 695 937 545 718 995 694 299 
703 602 1420 1606 1500 0 1965 1182 681 1349 802 2818 2505 1566 628 459 600 647 697 473 1653 1840 1418 600 1092 
1179 1488 1849 518 622 1885 0 659 1360 757 1070 1249 912 703 1496 1577 1280 1386 1228 1460 779 797 1429 1239 727 
568 862 1259 504 587 1246 662 0 797 369 426 1578 1309 556 889 900 750 821 614 846 632 805 1096 605 146 
322 166 828 1150 1051 694 1406 798 0 816 439 2250 1984 1049 229 251 188 35 307 531 1136 1322 821 405 718 
551 682 1056 654 601 1037 858 564 576 0 644 1749 1492 562 709 726 517 611 532 688 638 811 688 590 639 
189 587 962 890 967 820 1133 436 468 599 0 1975 1705 794 623 534 378 458 235 480 870 1083 954 239 343 
2026 2290 2555 1211 1297 2662 1185 1469 2165 1503 1919 0 1512 1381 2292 2404 2081 2200 2072 2231 1468 1542 2171 2097 1600 
1886 2117 2406 1047 1123 2475 943 1319 1975 1329 1735 1726 0 1217 2112 2217 1893 2010 1912 2044 1304 1358 1985 1976 1450 
1058 1298 1650 374 419 1694 729 635 1170 585 906 1636 1385 0 1300 1387 1090 1196 1107 1270 85 279 1283 1123 718 
517 68 797 1325 1219 667 1640 931 233 961 636 2477 2222 1286 0 224 363 210 487 700 1373 1560 790 523 849 
416 173 949 1337 1231 467 1640 896 252 1095 515 2491 2255 1301 199 0 357 218 410 490 1388 1575 936 313 803 
172 296 879 1077 1023 705 1317 702 184 746 321 2149 1882 975 356 348 0 167 142 361 1057 1244 872 241 609 
325 149 862 1164 1089 660 1416 825 35 848 444 2250 1991 1079 209 217 171 0 295 514 1166 1346 855 394 732 
46 448 1003 1077 1089 771 1265 576 336 749 195 2111 1839 975 508 399 170 319 0 427 1057 1244 1007 100 483 
587 843 1457 1504 1440 708 1691 951 731 1187 569 2534 2295 1485 895 696 610 714 586 0 1572 1759 1438 556 857 
1139 1389 1747 461 506 1785 816 722 1261 672 994 1726 1457 128 1397 1478 1181 1287 1188 1361 0 378 1213 1208 805 
1187 1478 1833 346 550 1904 744 766 1360 716 1034 1636 1457 310 1473 1577 1280 1386 1236 1460 359 0 1405 1257 849 
1065 858 582 1195 1113 1490 1447 1168 898 919 1048 2277 2024 1110 845 1048 1000 927 1046 1177 1197 1384 0 1113 1233 
106 451 1045 1077 1089 681 1283 585 385 778 204 2118 1860 975 499 300 246 368 100 337 1071 1258 1058 0 492 
469 789 1167 570 664 1118 728 136 724 448 335 1636 1385 635 816 801 658 738 515 747 711 884 1173 506 0 
0 572 1173 1122 973 990 1323 674 412 798 153 2075 1880 1021 638 510 229 424 73 485 1121 1288 1111 159 547 
618 0 975 1228 1049 814 1449 1059 189 974 709 2193 2049 1174 71 261 374 167 540 739 1274 1426 1002 592 987 
1161 971 0 1611 1441 1722 1838 1396 1000 1339 1116 2568 2424 1531 956 1176 1061 1026 1126 1290 1631 1783 750 1162 1342 
1035 1167 1595 0 324 1669 482 658 1063 509 906 1321 1077 349 1216 1213 943 1108 1000 1167 454 423 1166 1039 746 
714 975 1408 594 0 1450 785 334 857 318 580 1593 1394 522 1021 1017 757 884 749 951 627 787 1002 736 422 
896 927 1735 1713 1543 0 1937 1475 957 1444 976 2689 2538 1633 887 670 807 929 900 592 1733 1908 1692 748 1375 
1200 1349 1773 466 511 1877 0 741 1225 696 1082 1162 873 645 1394 1375 1100 1270 1165 1329 750 744 1277 1201 867 
689 996 1433 657 624 1454 792 0 923 433 555 1593 1394 637 1048 1044 826 958 724 1015 742 917 1111 711 198 
503 192 933 1132 945 898 1351 1010 0 862 582 2112 1910 1058 258 345 259 45 425 624 1158 1325 981 477 897 
584 670 1060 635 531 1149 826 648 559 0 526 1666 1406 563 690 743 459 586 530 652 668 828 720 545 710 
223 735 1173 959 850 1001 1144 521 575 645 0 1924 1716 863 792 600 411 587 258 547 948 1128 1202 249 394 
1870 2026 2412 1219 1244 2550 1116 1492 1951 1417 1909 0 1488 1397 2049 2114 1788 1989 1858 1998 1497 1639 1966 1891 1614 
1710 1861 2235 1046 1066 2377 850 1348 1735 1239 1705 1546 0 1224 1860 1932 1610 1780 1675 1852 1324 1445 1783 1711 1470 
1071 1229 1628 382 366 1723 700 700 1115 551 962 1529 1284 0 1249 1267 970 1160 1036 1221 106 310 1215 1093 788 
681 63 933 1249 1070 847 1470 1083 252 1031 770 2208 2049 1205 0 294 437 230 603 802 1305 1457 1002 655 1017 
596 326 1148 1446 1267 603 1667 1194 355 1168 666 2408 2308 1370 283 0 451 321 600 659 1470 1622 1211 448 1080 
266 437 1060 1089 869 888 1263 912 251 790 391 2032 1818 979 503 416 0 242 188 387 1081 1253 1002 240 785 
466 210 975 1156 973 924 1377 1026 35 892 557 2118 1975 1119 276 320 222 0 388 587 1219 1371 982 440 930 
85 545 1148 1137 973 968 1351 739 385 833 218 2112 1910 1086 611 481 198 397 0 458 1186 1337 1111 130 612 
636 1017 1623 1527 1421 875 1748 1121 850 1223 585 2548 2365 1447 1070 784 712 841 640 0 1547 1699 1590 597 999 
1140 1280 1704 452 436 1771 770 770 1168 621 1028 1593 1394 115 1325 1315 1040 1213 1105 1269 0 380 1250 1141 858 
1230 1373 1797 441 525 1911 859 859 1255 710 1116 1666 1449 354 1418 1405 1130 1300 1195 1359 413 0 1339 1231 974 
1098 1011 688 1187 1014 1729 1408 1160 972 918 1116 2169 1975 1119 1066 1200 998 1017 1063 1227 1219 1371 0 1099 1286 
150 569 1222 1179 1014 868 1400 741 460 865 220 2169 1975 1119 635 352 254 451 154 367 1219 1371 1139 0 614 
600 922 1351 769 684 1361 971 179 841 493 466 1739 1562 697 942 943 741 868 635 934 802 946 1202 622 0 
0 591 1207 1070 1031 958 1265 700 420 787 196 2021 1876 1003 641 645 210 413 58 467 1101 1223 1134 179 606 
569 0 933 1262 1138 799 1463 1087 203 1008 703 2225 2082 1181 63 269 437 191 549 780 1271 1426 1014 648 1032 
1151 968 0 1602 1451 1728 1794 1433 1023 1360 1138 2559 2382 1521 983 1207 1087 1042 1148 1292 1611 1766 699 1201 1354 
1015 1129 1526 0 337 1610 521 604 1033 519 966 1282 1115 365 1164 1227 955 1068 1012 1114 456 435 1089 1015 728 
787 966 1348 575 0 1447 795 267 865 334 651 1536 1439 512 983 1060 732 897 793 933 603 792 973 810 391 
875 868 1556 1556 1422 0 1757 1401 869 1314 964 2541 2370 1475 896 663 736 859 855 576 1565 1720 1485 732 1333 
1167 1292 1686 514 548 1806 0 691 1216 730 1178 1099 829 675 1321 1425 1103 1251 1164 1308 766 845 1252 1217 836 
736 1026 1422 647 579 1479 828 0 935 406 600 1578 1439 584 1035 1096 804 970 771 1005 675 864 1088 759 194 
401 203 933 1091 980 886 1290 932 0 834 535 2048 1908 1011 253 356 270 35 381 612 1101 1246 911 499 871 
503 650 1082 609 528 1094 829 558 555 0 596 1578 1439 546 663 789 422 587 483 606 637 826 649 510 682 
229 703 1133 934 848 973 1125 565 612 652 0 1909 1743 853 716 718 416 605 264 517 965 1125 1096 252 471 
1839 1983 2403 1160 1179 2494 1041 1421 1889 1358 1796 0 1493 1325 1981 2155 1766 1916 1824 2023 1415 1512 1905 1870 1545 
1766 1905 2304 1092 1115 2395 957 1359 1817 1294 1732 1530 0 1257 1913 2051 1702 1852 1763 1930 1347 1440 1835 1821 1510 
1044 1159 1583 399 380 1658 742 647 1068 562 1001 1530 1439 0 1192 1279 1000 1103 1041 1162 119 368 1145 1071 771 
630 76 898 1231 1130 829 1432 1062 273 991 764 2187 2061 1150 0 303 493 252 610 841 1240 1395 978 704 1012 
588 257 1168 1325 1206 571 1526 1176 334 1088 687 2276 2169 1244 285 0 486 300 568 608 1334 1489 1211 445 1086 
230 445 1013 998 872 890 1202 836 268 746 405 1964 1812 931 487 515 0 258 210 408 997 1173 929 288 783 
390 193 972 1112 1013 851 1314 960 38 859 524 2068 1926 1046 235 321 259 0 370 601 1136 1261 935 470 896 
64 561 1167 1112 1031 924 1314 748 390 810 244 2068 1926 1046 611 620 168 383 0 437 1136 1261 1096 192 654 
623 959 1507 1466 1350 846 1667 1096 803 1208 586 2412 2235 1385 1012 838 670 793 608 0 1475 1630 1422 570 979 
1049 1175 1583 475 465 1658 818 732 1084 647 1078 1578 1451 132 1192 1279 1000 1119 1046 1162 0 453 1145 1071 856 
1167 1297 1718 456 514 1806 876 781 1221 696 1154 1676 1503 353 1326 1425 1103 1256 1164 1308 422 0 1284 1217 905 
1049 958 676 1170 1045 1658 1357 1112 954 926 1078 2116 2004 1104 936 1178 1000 989 1046 1162 1194 1349 0 1071 1250 
162 638 1168 1131 1031 857 1335 757 459 844 261 2110 1972 1046 680 472 292 449 142 375 1136 1291 1096 0 663 
607 975 1376 761 693 1362 979 209 935 520 471 1766 1547 698 1002 1060 794 970 642 895 789 957 1186 630 0 
0 546 1137 1112 944 960 1341 700 392 818 155 2114 1955 1016 609 478 229 378 74 492 1062 1198 1069 150 510 
573 0 876 1207 1012 810 1405 1099 187 975 677 2206 1993 1154 63 281 419 207 549 765 1200 1336 936 622 979 
1124 962 0 1550 1355 1703 1748 1421 1004 1317 1093 2568 2341 1484 935 1190 1045 1022 1102 1244 1530 1666 661 1137 1300 
983 1144 1521 0 378 1593 497 631 1029 524 906 1271 1136 397 1158 1250 935 1061 961 1115 430 431 1115 1006 736 
694 952 1313 561 0 1384 773 261 847 318 533 1490 1422 495 948 957 726 865 742 932 528 690 999 701 366 
1011 797 1605 1664 1485 0 1907 1499 862 1404 997 2641 2456 1588 779 568 823 844 966 664 1634 1770 1622 852 1362 
1124 1270 1658 485 523 1722 0 737 1160 669 1030 1207 895 675 1295 1391 1045 1194 1102 1244 708 783 1235 1137 858 
689 1024 1400 677 651 1417 804 0 936 479 520 1559 1422 656 1023 1059 858 971 744 983 689 851 1162 696 195 
419 180 883 1064 871 866 1258 977 0 829 523 2044 1876 1002 243 307 232 35 394 612 1056 1192 888 436 863 
468 650 993 637 550 1049 849 595 539 0 560 1657 1478 571 633 646 418 557 434 608 604 766 672 488 691 
232 682 1079 947 873 987 1176 593 528 681 0 1966 1765 878 704 572 389 514 287 529 912 1081 1083 244 417 
1782 1930 2370 1151 1191 2371 1017 1345 1823 1344 1698 0 1478 1323 1963 2084 1703 1857 1760 1914 1369 1505 1878 1795 1518 
1646 1784 2172 1012 1055 2222 877 1210 1685 1208 1562 1485 0 1184 1811 1925 1567 1719 1624 1766 1230 1366 1739 1659 1383 
970 1138 1521 370 363 1573 694 616 1029 509 888 1485 1301 0 1158 1250 935 1061 937 1095 89 338 1101 999 721 
626 63 840 1221 1026 806 1419 1115 240 992 730 2221 2029 1154 0 277 472 260 602 818 1200 1336 958 675 979 
596 292 1119 1376 1181 560 1574 1147 323 1118 620 2416 2143 1302 280 0 498 289 559 593 1348 1484 1192 407 979 
253 408 1054 1044 862 924 1258 912 228 820 371 2028 1854 1002 462 394 0 214 219 454 1056 1192 991 261 726 
420 199 933 1095 926 833 1316 1004 37 865 524 2084 1910 1045 262 273 233 0 395 630 1091 1227 907 437 879 
71 529 1119 1098 926 960 1316 749 373 837 204 2084 1910 1045 592 470 202 359 0 484 1091 1227 1052 142 559 
672 1000 1548 1552 1373 885 1766 1125 849 1257 591 2568 2341 1476 1049 821 706 835 656 0 1522 1658 1510 598 957 
996 1156 1548 406 399 1617 730 652 1049 545 917 1485 1344 95 1185 1286 969 1078 974 1139 0 335 1154 1032 757 
1100 1234 1622 431 491 1698 820 744 1141 637 1003 1657 1478 385 1259 1367 1021 1175 1078 1220 345 0 1242 1113 849 
970 1012 641 1112 926 1575 1341 1096 950 866 1027 2114 1955 1045 985 1187 935 980 946 1097 1091 1227 0 999 1220 
196 565 1147 1122 944 801 1341 764 441 882 220 2114 1955 1073 611 333 264 427 159 347 1119 1255 1083 0 574 
566 952 1313 791 720 1315 897 209 843 548 397 1657 1478 725 948 910 746 863 621 858 758 923 1254 573 0 
0 537 1130 1112 1022 999 1310 617 382 775 188 2023 1928 1007 605 561 228 392 67 477 1093 1244 1164 173 488 
644 0 862 1279 1151 799 1484 1101 221 1076 793 2206 2074 1207 77 278 449 210 632 797 1293 1455 978 635 982 
1243 1030 0 1598 1425 1756 1773 1444 1033 1369 1151 2541 2325 1525 1020 1242 1184 1055 1195 1353 1611 1773 681 1240 1389 
1061 1191 1522 0 347 1636 513 610 1087 513 887 1245 1067 375 1218 1278 1014 1120 1013 1167 440 361 1193 1054 747 
744 1000 1316 602 0 1471 855 263 892 319 540 1528 1422 525 1028 1068 763 930 781 978 590 744 978 747 400 
1007 798 1670 1741 1589 0 1956 1476 891 1512 1021 2682 2492 1668 851 597 855 857 1013 630 1754 1911 1692 826 1397 
1289 1402 1740 521 553 1907 0 743 1284 719 1110 1144 860 664 1436 1550 1270 1317 1281 1439 729 809 1343 1325 866 
740 1074 1379 665 663 1486 777 0 991 473 542 1501 1415 679 1079 1107 870 1013 777 1010 744 898 1144 743 219 
444 181 917 1141 1022 864 1337 985 0 877 593 2052 1976 1071 249 307 259 35 432 628 1157 1314 932 470 861 
531 681 1024 618 523 1163 871 561 584 0 550 1548 1436 541 712 791 455 618 507 656 606 760 661 551 698 
235 687 1049 944 888 1023 1188 521 532 633 0 1884 1771 881 732 641 396 542 269 527 968 1090 1110 248 396 
1963 2046 2448 1246 1218 2603 1044 1443 1951 1415 1800 0 1517 1335 2084 2187 1911 1986 1950 2098 1421 1507 1943 1974 1577 
1822 1911 2279 1098 1063 2467 856 1281 1788 1260 1645 1437 0 1186 1927 2074 1774 1828 1785 1962 1272 1363 1813 1822 1415 
1075 1223 1527 383 361 1643 733 624 1100 527 901 1437 1310 0 1223 1285 1016 1133 1027 1174 108 320 1206 1061 761 
699 98 836 1259 1150 834 1461 1101 276 1032 772 2186 2069 1184 0 313 506 267 687 854 1270 1432 952 692 974 
644 237 1075 1423 1254 557 1602 1112 330 1194 675 2333 2168 1350 290 0 470 296 610 603 1436 1598 1151 441 974 
227 410 1024 1083 981 892 1310 813 274 828 384 2023 1928 1007 469 416 0 253 203 385 1093 1244 1015 255 684 
462 182 933 1152 1036 830 1373 998 35 896 611 2082 2011 1101 245 273 247 0 450 622 1187 1349 951 458 880 
88 526 1120 1155 1061 960 1353 677 371 835 248 2063 1976 1071 594 522 207 381 0 456 1157 1314 1144 134 548 
670 1024 1561 1508 1430 870 1701 1024 854 1250 596 2449 2271 1424 1122 811 718 833 639 0 1510 1672 1549 576 896 
1135 1257 1595 438 416 1761 788 679 1140 582 962 1501 1415 98 1291 1403 1123 1173 1134 1292 0 375 1280 1171 816 
1227 1356 1694 475 517 1873 886 780 1238 683 1049 1640 1478 365 1390 1504 1224 1271 1235 1393 429 0 1359 1263 927 
1197 1000 662 1198 1022 1730 1364 1179 962 958 1151 2082 1976 1114 1048 1201 1138 984 1149 1307 1200 1362 0 1194 1311 
207 598 1170 1141 1075 856 1337 667 477 825 238 2052 1976 1071 651 394 299 456 175 349 1157 1314 1200 0 538 
586 896 1249 776 767 1309 888 192 820 554 388 1640 1478 760 934 979 716 849 623 868 825 963 1246 589 0 
0 533 1206 1056 977 925 1238 633 377 782 151 2047 1968 977 603 566 241 366 46 486 1032 1188 1175 151 530 
608 0 893 1361 1198 783 1547 1122 214 1077 731 2397 2271 1276 70 264 433 184 577 827 1331 1487 992 637 1033 
1543 1098 0 1677 1450 1678 1829 1709 1284 1533 1482 2611 2511 1601 1062 1190 1487 1297 1523 1704 1656 1815 679 1573 1687 
1086 1240 1678 0 382 1722 511 642 1142 559 921 1339 1056 408 1216 1411 1059 1171 1095 1276 464 474 1214 1097 769 
703 1051 1474 631 0 1448 839 260 939 368 532 1651 1445 529 1020 1180 852 968 744 1016 585 832 1071 715 387 
998 816 1711 1740 1576 0 1970 1496 893 1494 1044 2739 2619 1655 808 599 825 859 966 653 1710 1892 1659 799 1347 
1220 1402 1840 510 522 1894 0 776 1309 699 1059 1171 797 653 1378 1567 1215 1338 1251 1432 709 877 1299 1231 933 
729 1096 1542 721 646 1448 886 0 994 458 567 1674 1535 619 1074 1198 941 1021 770 1016 675 923 1175 741 226 
419 201 883 1162 1024 848 1362 976 0 957 542 2192 2082 1091 271 320 261 35 393 646 1146 1302 926 470 921 
567 701 1120 667 535 1134 875 572 582 0 577 1651 1492 565 676 809 498 607 541 704 621 868 696 572 699 
208 687 1139 934 841 947 1116 498 531 647 0 1868 1728 814 713 666 424 520 254 532 870 1017 1140 258 421 
1994 2211 2533 1257 1289 2699 1143 1504 2083 1494 1817 0 1609 1428 2258 2362 2057 2117 2040 2275 1483 1602 2075 2027 1629 
1738 1963 2274 1019 1039 2472 858 1262 1862 1244 1577 1505 0 1174 2010 2123 1775 1896 1798 1991 1229 1337 1796 1749 1387 
1066 1230 1668 407 360 1707 749 620 1120 537 892 1572 1422 0 1206 1396 1044 1149 1080 1261 115 365 1214 1077 747 
690 100 857 1329 1189 793 1515 1122 299 1049 788 2334 2232 1244 0 274 515 266 659 938 1299 1455 1003 719 1019 
663 306 1178 1468 1306 577 1654 1228 383 1215 742 2538 2353 1383 298 0 537 349 629 665 1438 1594 1223 482 1109 
239 390 1120 1133 976 886 1321 852 249 897 370 2152 2048 1061 460 383 0 228 199 449 1116 1254 1029 260 749 
424 187 921 1212 1024 814 1389 1018 35 984 547 2207 2108 1127 257 286 251 0 395 645 1182 1338 972 460 928 
56 510 1187 1133 1041 900 1292 681 354 830 199 2119 2007 1015 580 561 217 343 0 463 1078 1226 1127 158 578 
644 1024 1598 1506 1418 857 1692 1083 844 1215 571 2538 2394 1421 1073 775 688 833 610 0 1476 1632 1518 581 951 
1121 1278 1716 469 422 1760 811 682 1189 599 966 1651 1445 105 1254 1449 1097 1218 1133 1314 0 427 1244 1132 809 
1203 1364 1822 413 507 1860 830 767 1271 684 1042 1670 1504 417 1340 1529 1177 1300 1213 1394 381 0 1322 1214 894 
1144 1098 648 1212 1066 1678 1395 1134 1061 1018 1165 2236 2128 1127 1062 1190 1088 1079 1124 1305 1182 1338 0 1174 1255 
183 634 1206 1162 1066 837 1359 744 478 893 262 2192 2082 1091 704 415 279 467 149 400 1146 1302 1178 0 641 
544 935 1349 828 753 1264 962 212 836 565 387 1698 1550 726 911 1004 760 859 585 830 782 981 1277 556 0 
0 577 1264 1094 1191 958 1458 563 383 805 155 2022 2010 1085 615 512 225 377 64 505 1107 1272 1279 129 449 
594 0 933 1314 1333 752 1696 996 236 1011 695 2440 2328 1513 63 289 413 213 558 815 1535 1592 1066 610 905 
1489 1056 0 1650 1542 1613 2054 1685 1177 1514 1480 2764 2682 1674 1020 1105 1377 1196 1473 1671 1692 1780 646 1486 1618 
1156 1454 1872 0 378 1910 619 607 1324 636 986 1351 1256 470 1436 1585 1294 1357 1204 1443 485 358 1353 1193 697 
750 1148 1588 606 0 1545 1059 327 1017 408 587 1708 1621 607 1152 1226 930 1047 797 1122 622 733 1167 875 404 
934 809 1521 1842 1846 0 2239 1416 866 1562 997 2823 2772 2101 759 565 846 828 923 632 2085 2136 1619 790 1318 
1329 1712 2154 558 786 2083 0 729 1621 923 1186 1091 954 878 1691 1775 1518 1654 1374 1607 893 830 1673 1357 819 
646 1111 1588 765 814 1377 938 0 981 596 501 1592 1493 835 1152 1092 840 982 697 938 850 963 1366 728 155 
391 235 969 1236 1255 772 1631 900 0 938 492 2348 2275 1440 264 270 222 35 367 624 1462 1514 1033 419 786 
808 906 1292 646 694 1508 1022 582 789 0 659 1665 1556 647 911 1048 767 822 794 1058 662 773 808 864 659 
221 734 1293 983 1092 947 1277 457 540 686 0 1936 1854 981 772 710 401 534 268 521 983 1148 1366 327 355 
2208 2584 3084 1496 1652 2927 1170 1691 2473 1888 2101 0 1812 1765 2621 2681 2385 2507 2258 2533 1787 1708 2456 2278 1759 
1868 2264 2624 1103 1290 2583 973 1324 2172 1516 1729 1461 0 1372 2301 2330 2045 2187 1918 2196 1394 1371 2108 1927 1392 
1171 1457 1875 379 393 1910 837 720 1330 651 994 1592 1469 0 1436 1588 1294 1363 1220 1456 98 332 1353 1206 797 
622 63 896 1282 1301 733 1664 957 275 982 695 2440 2328 1482 0 281 441 241 586 843 1504 1560 1000 638 868 
546 268 1065 1451 1470 502 1842 996 301 1143 596 2513 2407 1637 218 0 383 263 525 596 1659 1729 1161 388 889 
214 402 1150 1228 1247 874 1599 745 228 923 337 2235 2156 1432 440 372 0 219 168 425 1454 1506 1202 220 631 
381 200 993 1273 1292 737 1655 890 47 982 482 2369 2328 1464 238 235 212 0 357 614 1486 1551 1060 409 776 
62 573 1255 1163 1242 958 1520 606 379 848 198 2136 2099 1187 611 502 220 373 0 495 1209 1351 1279 119 492 
637 985 1692 1550 1569 775 1894 996 844 1201 597 2513 2407 1706 1023 790 728 835 674 0 1728 1767 1771 576 890 
1217 1484 1840 427 441 1940 885 768 1395 699 1043 1592 1512 85 1463 1615 1360 1428 1262 1495 0 331 1336 1245 845 
1319 1592 1993 370 534 2041 869 861 1496 792 1155 1592 1497 328 1571 1723 1460 1529 1364 1597 389 0 1491 1347 940 
1253 1059 685 1226 1207 1653 1558 1156 1010 1003 1182 2303 2205 1287 1054 1145 1175 1038 1257 1464 1277 1450 0 1325 1239 
160 605 1325 1163 1251 843 1520 617 431 859 210 2136 2099 1187 601 383 226 422 162 376 1209 1351 1366 0 503 
529 1010 1454 904 1067 1231 1003 191 864 705 384 1592 1493 981 1040 1005 723 863 580 805 977 1128 1461 611 0 
0 452 1065 946 859 790 1164 508 327 559 146 1779 1701 917 490 402 172 323 46 429 945 1096 951 106 416 
454 0 789 1101 980 595 1333 858 169 832 554 1981 1876 1095 63 170 296 147 424 627 1130 1263 790 456 793 
1240 871 0 1470 1354 1396 1702 1448 940 1265 1246 2358 2231 1433 863 972 1120 959 1225 1410 1468 1601 562 1288 1408 
917 1138 1482 0 320 1545 514 507 1106 484 789 1176 1094 338 1186 1239 1007 1130 963 1202 371 317 1011 998 575 
593 868 1318 549 0 1296 820 247 803 308 469 1433 1355 512 911 976 723 827 639 894 545 706 934 675 327 
762 616 1404 1419 1303 0 1651 1230 695 1183 861 2313 2231 1375 619 452 679 661 756 525 1410 1543 1347 659 1156 
1126 1339 1695 485 538 1709 0 619 1270 702 1007 990 805 683 1349 1403 1171 1304 1172 1366 716 740 1191 1188 687 
533 841 1290 510 566 1212 705 0 776 360 424 1388 1246 590 878 890 696 800 579 814 623 784 1003 595 140 
334 179 843 973 844 676 1196 770 0 744 433 1810 1727 965 221 251 184 35 312 532 1001 1134 739 362 703 
596 671 1080 556 494 1170 839 523 634 0 549 1438 1355 531 708 761 531 658 580 776 564 725 638 629 533 
162 571 1038 827 776 854 1095 423 446 534 0 1687 1609 790 609 532 334 442 208 456 823 987 926 237 331 
1767 1875 2254 1092 1160 2238 977 1271 1800 1324 1643 0 1408 1278 1881 1948 1701 1835 1752 1902 1313 1394 1805 1784 1353 
1572 1673 2078 887 1005 2070 707 1075 1604 1134 1488 1283 0 1102 1683 1737 1505 1638 1556 1700 1137 1199 1607 1588 1157 
940 1168 1487 341 346 1578 719 593 1133 510 815 1388 1254 0 1212 1270 1040 1160 986 1235 113 266 1038 1031 673 
492 63 765 1077 980 633 1311 834 219 808 592 1923 1854 1064 0 208 334 185 462 665 1099 1232 785 494 769 
412 194 933 1107 1021 449 1339 873 262 884 511 1981 1879 1095 197 0 356 228 406 480 1130 1263 942 309 781 
172 296 917 864 737 723 1116 663 184 637 318 1738 1660 857 334 348 0 167 142 362 890 1056 823 192 588 
325 149 867 973 843 642 1196 769 35 743 425 1810 1727 965 187 217 167 0 295 515 1001 1134 763 345 695 
46 424 1050 973 844 778 1196 554 312 605 192 1810 1727 965 462 396 142 295 0 417 1001 1134 934 100 462 
578 864 1475 1371 1268 746 1553 925 768 1098 560 2204 2081 1320 906 713 643 751 577 0 1355 1488 1324 526 830 
996 1225 1519 396 401 1619 774 648 1180 565 870 1408 1355 85 1252 1313 1081 1212 1042 1276 0 321 1072 1076 728 
1050 1288 1593 321 453 1674 764 700 1235 617 924 1433 1355 266 1304 1368 1136 1264 1096 1331 305 0 1160 1131 780 
926 732 614 1026 930 1249 1263 992 695 806 874 1891 1812 1002 769 822 852 719 905 1092 1037 1170 0 965 1011 
106 450 1065 987 859 687 1216 566 359 665 204 1819 1740 965 488 299 189 342 100 326 1001 1134 951 0 474 
442 776 1218 576 632 1125 771 136 711 436 335 1398 1355 666 813 799 614 722 488 723 699 860 1085 504 0 
0 452 980 920 849 743 1116 508 319 519 146 1734 1583 890 492 402 172 325 46 407 921 1057 868 106 416 
453 0 760 1037 926 595 1263 818 165 752 552 1868 1715 1036 63 170 296 147 424 620 1071 1204 722 450 753 
974 784 0 1365 1238 1336 1570 1134 833 1067 928 2174 2025 1370 755 913 906 857 958 1106 1401 1538 562 986 1069 
857 975 1351 0 291 1315 449 502 887 439 744 1078 945 324 981 1029 788 923 841 999 351 317 956 873 570 
577 808 1178 514 0 1156 721 214 722 274 453 1377 1208 492 812 857 623 756 623 812 519 652 792 659 294 
749 595 1311 1397 1270 0 1602 1180 674 1132 812 2204 2069 1402 619 452 667 640 743 474 1433 1570 1257 646 1088 
1047 1160 1523 430 492 1516 0 584 1081 640 946 899 646 625 1164 1221 980 1115 1031 1184 652 705 1122 1072 652 
533 808 1178 491 514 1156 628 0 754 323 424 1258 1107 541 812 890 672 778 579 814 568 701 841 595 140 
320 165 793 920 788 676 1123 721 0 655 419 1734 1583 917 218 251 184 35 305 498 945 1080 696 362 656 
428 544 917 547 480 884 761 488 458 0 452 1377 1278 532 548 593 359 492 412 548 559 692 528 444 559 
162 567 933 797 748 797 1009 423 436 516 0 1623 1494 775 571 532 334 455 208 456 802 940 872 237 331 
1649 1759 2127 1010 1079 2120 866 1177 1683 1231 1550 0 1278 1194 1763 1843 1582 1717 1633 1783 1229 1307 1678 1671 1245 
1511 1621 1984 874 944 1980 659 1075 1545 1096 1415 1226 0 1062 1625 1682 1444 1579 1495 1645 1097 1177 1540 1533 1143 
909 1037 1415 349 341 1364 667 555 939 489 794 1309 1169 0 1047 1088 838 973 891 1032 85 304 1011 930 635 
492 63 736 1073 944 619 1286 833 218 767 591 1891 1738 1064 0 194 334 185 462 658 1099 1232 708 488 768 
406 173 889 1103 971 449 1308 865 252 830 503 1923 1760 1100 197 0 356 218 400 473 1135 1268 826 303 773 
172 296 853 848 723 674 1060 656 184 590 318 1668 1517 851 334 348 0 167 142 338 878 1011 742 192 588 
325 149 817 948 820 642 1165 753 35 687 424 1758 1607 965 187 217 167 0 295 491 977 1116 720 345 688 
46 424 969 963 834 727 1165 554 304 565 192 1768 1617 965 462 396 142 295 0 391 970 1096 853 100 462 
571 855 1415 1329 1227 711 1526 918 754 1059 553 2138 1994 1277 893 704 629 737 570 0 1312 1445 1250 519 823 
913 1037 1415 374 366 1383 692 580 943 514 819 1358 1177 85 1047 1088 843 977 896 1051 0 306 984 933 660 
992 1108 1487 321 426 1463 725 640 1023 574 879 1377 1278 265 1128 1168 930 1057 976 1131 305 0 1093 1019 720 
831 721 562 969 864 1249 1182 912 695 741 855 1784 1633 965 708 822 762 719 815 953 983 1116 0 847 991 
106 450 962 963 832 658 1165 566 359 625 204 1768 1617 965 488 299 189 342 100 322 977 1116 851 0 474 
442 745 1109 557 590 1064 694 136 691 399 335 1358 1177 617 749 799 614 715 488 723 644 777 917 504 0 
