25
15
3600
0
1167
960
1381
1415
1320
1467
920
1381
1152
1451
1424
1060
1458
1210
1437
1475
1275
946
1166
1387
1385
1128
1261
1298
0 945 533 497 327 1756 893 866 633 753 374 1097 222 339 1172 651 1372 648 1163 1865 329 916 1034 749 574 
898 0 1234 1198 1055 1565 403 913 661 1454 1061 917 766 672 986 772 1220 1353 987 1669 936 1050 847 1166 1275 
560 1292 0 255 528 2114 1213 1011 979 512 803 1459 663 787 1527 881 1712 740 1525 2220 770 1050 1389 487 219 
815 1480 255 0 783 2358 1416 969 1155 411 1066 1662 924 1055 1730 914 1956 998 1728 2423 1026 837 1592 401 200 
217 945 474 445 0 1733 867 754 623 701 398 1091 370 494 1149 539 1372 563 1157 1837 429 800 1012 689 522 
1658 1582 1977 1990 1802 0 1276 1720 1160 2246 1837 1021 1526 1432 656 1494 1378 2081 1087 578 1652 1766 922 1880 2067 
866 437 1198 1162 999 1255 0 851 387 1418 1040 639 734 640 702 698 946 1302 699 1347 884 987 569 1083 1239 
830 893 1042 981 919 1733 826 0 827 1036 1091 1091 913 818 1149 356 1372 1225 1157 1837 1043 436 1012 543 1088 
634 717 953 915 766 1163 411 838 0 1172 731 558 501 340 621 623 858 1074 618 1259 535 884 488 910 993 
1095 1637 532 388 1062 2368 1522 990 1316 0 1337 1768 1198 1322 1837 1025 2039 1277 1837 2478 1305 611 1698 566 417 
325 1106 770 748 325 1922 1053 1068 731 1029 0 1253 326 481 1321 842 1506 486 1319 2019 285 1121 1183 994 825 
1115 1064 1431 1395 1259 1072 735 1161 618 1651 1278 0 983 888 528 956 758 1550 262 1161 1117 1207 409 1355 1472 
225 811 656 620 506 1660 759 969 496 876 336 971 0 200 1076 710 1263 791 1024 1764 208 987 891 872 697 
336 718 803 767 663 1509 666 832 338 1029 485 849 203 0 916 617 1203 972 910 1613 324 878 779 870 844 
1041 975 1354 1318 1182 669 662 1109 545 1574 1207 421 913 815 0 873 771 1473 481 779 1042 1147 323 1268 1395 
614 748 885 849 701 1509 645 362 611 1076 871 847 696 602 916 0 1203 1012 910 1613 824 475 777 573 945 
998 916 1300 1264 1112 1022 606 1037 489 1520 1149 412 853 759 456 817 0 1403 472 1085 995 1121 207 1217 1341 
688 1402 738 894 471 2200 1310 1210 1079 1158 505 1556 819 943 1624 990 1825 0 1622 2310 790 1256 1486 1147 958 
1041 975 1354 1318 1182 1022 657 1087 540 1574 1199 267 905 810 450 868 680 1473 0 1081 1038 1147 331 1256 1395 
1787 1711 2107 2071 1936 581 1396 1869 1267 2327 1953 1091 1655 1561 717 1623 1441 2206 1157 0 1759 1950 976 2018 2148 
315 989 746 710 492 1733 920 1084 545 969 283 1056 216 335 1149 864 1372 738 1122 1837 0 1147 1012 995 787 
899 1044 1042 837 986 1787 938 404 896 629 1158 1145 981 887 1203 425 1398 1281 1211 1897 1113 0 1065 545 952 
998 925 1311 1275 1136 865 618 1048 501 1531 1168 424 865 771 347 829 600 1427 484 978 1002 1121 0 1232 1352 
788 1190 487 401 875 2018 1121 543 859 584 1045 1347 891 933 1415 571 1600 1169 1413 2108 1000 554 1277 0 556 
779 1516 219 200 747 2358 1433 1080 1191 397 1028 1679 882 1008 1747 1115 1956 961 1745 2438 991 999 1609 553 0 
0 1001 561 515 327 1850 939 1059 635 771 374 1198 226 339 1293 743 1377 642 1198 2044 331 1094 1083 765 592 
924 0 1387 1305 1148 1689 403 1012 683 1574 1083 1058 781 687 1134 852 1243 1449 1066 1847 952 1278 936 1258 1389 
583 1390 0 255 528 2268 1344 1140 1026 512 803 1581 677 797 1681 985 1754 740 1581 2469 799 1070 1471 487 219 
498 1301 255 0 618 2191 1228 1021 924 411 757 1497 592 712 1597 875 1670 918 1497 2398 714 837 1387 401 200 
217 1068 474 466 0 1922 980 988 691 722 398 1258 388 508 1358 645 1431 554 1258 2111 429 1014 1148 716 543 
1695 1640 2216 2201 2025 0 1317 1912 1168 2412 1867 1107 1558 1464 652 1698 1381 2328 1107 578 1729 1993 947 2100 2295 
873 437 1341 1259 1104 1321 0 877 396 1528 1040 700 738 644 751 794 949 1405 743 1457 888 1188 608 1199 1343 
1161 945 1092 981 1238 2002 920 0 963 1163 1386 1338 1089 995 1438 378 1511 1539 1338 2186 1260 534 1228 600 1147 
636 737 1063 986 832 1208 412 883 0 1255 730 592 500 339 643 764 825 1154 635 1353 534 1094 518 891 1070 
787 1582 532 388 919 2509 1541 1129 1237 0 1052 1789 881 1001 1925 1098 1970 1239 1789 2713 1004 616 1679 571 417 
325 1165 780 785 348 2002 1121 1283 731 1063 0 1338 326 481 1438 997 1511 478 1338 2211 285 1312 1228 1045 862 
1172 1133 1707 1625 1467 1138 774 1272 656 1897 1336 0 1035 938 565 1136 779 1768 280 1231 1149 1442 454 1540 1709 
225 857 684 638 506 1689 816 1069 496 894 336 1058 0 200 1134 839 1243 781 1066 1879 208 1188 926 888 715 
339 764 831 785 666 1497 703 1012 338 1063 485 883 203 0 944 746 1142 931 930 1679 324 1094 809 878 862 
1083 1023 1618 1536 1377 701 691 1177 573 1809 1249 447 950 852 0 1061 771 1678 490 808 1065 1367 347 1465 1620 
830 859 1098 1000 919 1689 800 391 716 1198 1091 1031 793 699 1134 0 1221 1231 1036 1847 961 603 906 617 1153 
1003 929 1489 1407 1242 1022 601 1076 483 1676 1159 425 856 762 462 985 0 1543 468 1119 975 1312 219 1322 1491 
740 1558 785 986 523 2468 1517 1501 1213 1237 499 1765 825 985 1878 1215 1956 0 1765 2669 784 1521 1655 1238 1005 
1083 1023 1618 1536 1377 1022 687 1174 569 1809 1242 292 943 848 478 1061 692 1678 0 1129 1065 1367 367 1465 1620 
1783 1728 2311 2296 2113 581 1405 1933 1256 2507 1957 1179 1646 1552 713 1786 1444 2426 1179 0 1817 2093 1025 2239 2390 
315 1068 774 728 492 1850 920 1256 545 986 283 1179 216 335 1270 985 1377 728 1179 2018 0 1312 1061 995 805 
1286 1266 1063 871 1377 2129 1204 451 1115 663 1486 1433 1189 1095 1533 466 1606 1678 1433 2322 1360 0 1323 575 987 
1016 945 1501 1419 1254 950 615 1091 497 1688 1168 439 870 776 359 986 600 1555 482 1012 995 1312 0 1409 1503 
744 1266 487 401 864 2161 1197 596 882 584 1007 1470 838 961 1570 617 1643 1211 1470 2347 964 603 1360 0 556 
644 1425 219 200 747 2324 1376 1267 1095 397 908 1632 738 858 1732 1061 1807 961 1632 2525 860 1005 1522 553 0 
0 1179 663 596 443 2147 1192 1130 871 873 418 1353 314 564 1487 888 1536 795 1388 2394 419 1227 1251 1040 679 
1203 0 1594 1548 1394 1922 538 1086 835 1781 1419 1092 1034 1005 1237 1057 1285 1717 1127 2160 1386 1354 1001 1504 1612 
801 1774 0 354 694 2670 1723 1404 1544 649 1033 1942 938 1185 2041 1250 2110 841 1942 2943 1114 1399 1806 724 294 
1109 2012 340 0 1048 2908 1922 1239 1688 504 1361 2140 1253 1513 2217 1362 2341 1201 2152 3160 1478 977 2041 530 334 
290 1344 587 520 0 2263 1313 988 1075 797 488 1498 496 746 1632 757 1681 654 1533 2510 554 1061 1396 927 603 
2024 1772 2346 2293 2155 0 1451 1989 1338 2543 2259 1165 1878 1707 736 1776 1440 2480 1200 788 2070 2013 1051 2297 2355 
1133 493 1559 1513 1359 1599 0 1017 534 1746 1347 751 962 926 887 1022 950 1682 780 1776 1314 1279 673 1445 1577 
1247 1095 1479 1302 1359 2192 1115 0 1196 1321 1514 1408 1391 1475 1542 522 1591 1682 1443 2439 1616 583 1306 792 1536 
863 816 1214 1168 1039 1467 503 1017 0 1401 969 647 654 451 783 775 844 1341 676 1635 795 1130 569 1137 1232 
1425 1927 681 458 1375 2847 1863 1172 1791 0 1692 2076 1569 1847 2143 1186 2305 1597 2088 3060 1794 665 1968 606 498 
397 1215 948 880 380 2192 1213 1363 864 1125 0 1380 340 561 1514 1149 1563 591 1415 2422 325 1442 1278 1311 982 
1498 1267 1827 1770 1616 1467 970 1431 820 1998 1669 0 1334 1207 791 1256 877 1952 355 1660 1521 1549 590 1724 1845 
287 916 837 770 631 1922 882 1058 600 1036 355 1069 0 265 1237 826 1261 868 1104 2160 258 1130 971 1168 853 
523 1007 1079 1035 846 1791 861 1163 385 1268 558 1011 287 0 1153 974 1200 1104 1042 2083 396 1255 935 1230 1099 
1294 1095 1650 1604 1450 842 793 1267 648 1840 1499 497 1125 1016 0 1080 788 1773 526 1099 1351 1354 432 1548 1668 
1018 1095 1316 1270 1121 1972 1071 500 943 1321 1278 1219 1156 1035 1344 0 1386 1446 1254 2249 1387 602 1108 836 1334 
1165 993 1594 1548 1394 1256 705 1127 560 1781 1383 481 998 950 620 980 0 1717 510 1466 1244 1256 248 1472 1612 
762 1774 858 986 472 2670 1723 1464 1497 1218 545 1942 885 1115 2041 1250 2110 0 1942 2943 870 1543 1806 1387 1049 
1337 1095 1693 1647 1493 1313 834 1288 689 1891 1530 381 1168 1045 660 1119 746 1818 0 1505 1382 1412 459 1587 1711 
2128 1909 2437 2384 2246 681 1566 2141 1453 2634 2370 1272 1961 1852 849 1856 1584 2571 1307 0 2127 2158 1189 2392 2446 
384 1095 948 889 570 2064 1102 1275 682 1142 292 1270 239 382 1404 1080 1453 805 1305 2311 0 1354 1168 1311 982 
1247 1374 1236 919 1359 2263 1319 519 1247 713 1514 1498 1391 1475 1632 519 1681 1682 1533 2510 1616 0 1396 703 1153 
1278 1047 1650 1604 1450 1196 772 1205 627 1840 1467 548 1109 998 548 1057 643 1773 577 1401 1319 1354 0 1523 1668 
1191 1738 775 607 1363 2670 1687 828 1482 751 1518 1925 1335 1564 2041 954 2110 1649 1912 2943 1560 814 1768 0 825 
1103 2087 293 229 985 2991 2004 1444 1773 459 1303 2232 1247 1507 2309 1463 2433 1161 2244 3239 1451 1141 2133 759 0 
0 1206 660 635 450 1922 1130 1074 911 888 467 1309 306 509 1340 758 1514 846 1337 2107 443 1077 1241 1027 668 
1094 0 1493 1428 1293 1696 539 1086 849 1809 1283 1096 913 975 1141 937 1301 1686 1124 1913 1223 1268 1015 1489 1511 
690 1580 0 375 800 2254 1437 1329 1198 670 1028 1683 856 1123 1714 1029 1903 1048 1711 2476 1004 1358 1615 716 298 
572 1471 345 0 797 2157 1321 1199 1063 499 899 1567 738 1009 1598 923 1772 1140 1595 2379 875 1109 1499 567 248 
331 1170 611 586 0 1850 1071 1001 808 839 552 1263 497 717 1294 642 1468 713 1291 2061 612 950 1195 891 619 
2059 1998 2382 2323 2157 0 1622 2060 1457 2636 2301 1346 1885 1820 879 1768 1648 2553 1374 925 2214 2134 1272 2360 2370 
1018 546 1387 1322 1192 1426 0 1052 522 1695 1160 785 815 829 854 845 1005 1585 779 1652 1100 1176 669 1399 1405 
1072 1170 1393 1309 1203 1972 1093 0 1060 1354 1417 1350 1175 1215 1381 479 1555 1596 1378 2157 1405 574 1282 778 1411 
761 859 1114 1049 919 1400 576 1074 0 1422 976 727 597 470 796 759 903 1280 721 1626 876 1077 611 1097 1132 
899 1790 625 454 1093 2536 1641 1273 1383 0 1256 1935 1015 1307 1979 1216 2122 1488 1938 2765 1245 761 1843 686 439 
433 1391 1009 1004 428 2088 1271 1343 1010 1323 0 1510 405 645 1541 1043 1715 697 1538 2322 345 1372 1442 1339 1033 
1305 1237 1642 1577 1442 1316 844 1357 775 1955 1519 0 1134 1151 693 1057 833 1852 332 1531 1378 1386 521 1601 1660 
275 910 801 776 664 1674 894 1096 676 1071 432 1083 0 279 1119 782 1301 983 1111 1896 348 1077 1015 1141 809 
468 859 982 959 856 1659 844 1061 437 1295 588 1035 254 0 1104 732 1233 1138 1071 1879 504 1077 922 1158 1005 
1198 1097 1539 1474 1339 887 729 1273 660 1858 1371 527 989 1051 0 957 800 1732 521 1120 1257 1302 417 1506 1557 
726 896 1067 1004 894 1659 829 460 743 1354 1050 1026 811 825 1104 0 1233 1247 1047 1879 1042 585 914 776 1087 
1066 984 1462 1397 1262 1170 617 1150 548 1770 1249 480 878 892 516 858 0 1655 474 1385 1165 1176 260 1411 1480 
871 1724 1102 1115 545 2417 1575 1445 1317 1488 578 1832 952 1215 1891 1145 2044 0 1875 2639 953 1474 1776 1477 1198 
1186 1079 1526 1461 1326 1193 714 1239 645 1844 1361 398 974 1051 563 956 703 1719 0 1405 1230 1268 391 1506 1544 
2059 1998 2382 2323 2157 783 1622 2060 1457 2636 2301 1346 1885 1820 872 1768 1648 2553 1374 0 2214 2134 1272 2360 2370 
421 1309 949 927 603 2011 1212 1329 829 1279 369 1422 347 468 1453 1029 1627 911 1450 2255 0 1358 1354 1277 985 
1072 1316 1278 982 1233 1972 1172 507 1086 716 1417 1367 1175 1215 1398 644 1572 1626 1395 2168 1405 0 1299 722 1142 
1186 1079 1526 1461 1326 1170 713 1239 644 1844 1352 576 974 1051 510 956 706 1719 570 1370 1230 1268 0 1506 1544 
993 1471 734 585 1117 2181 1351 760 1063 681 1338 1597 1096 1245 1628 725 1803 1510 1625 2403 1326 733 1529 0 797 
740 1627 290 244 958 2322 1478 1357 1220 486 1065 1746 908 1170 1777 1057 1956 1292 1774 2544 1061 1191 1678 782 0 
0 1242 663 593 478 1995 1140 1013 931 946 442 1389 334 533 1420 786 1603 814 1412 2190 438 1076 1277 972 649 
1131 0 1438 1344 1300 1685 523 1083 833 1616 1310 1158 913 845 1180 923 1400 1610 1181 1960 1187 1210 1038 1423 1433 
669 1513 0 343 756 2206 1422 1290 1125 716 1024 1620 830 1020 1651 1027 1849 1014 1643 2360 984 1312 1508 667 283 
1024 1810 334 0 1114 2544 1722 1254 1418 567 1346 1894 1124 1363 1975 1230 2111 1361 1940 2698 1285 1023 1800 492 259 
317 1133 584 514 0 1850 1017 879 819 870 541 1294 489 688 1325 656 1508 694 1317 2114 630 928 1182 847 570 
1844 1794 2171 2105 1998 0 1498 1911 1311 2394 2021 1182 1640 1622 736 1621 1498 2312 1205 804 1938 1955 1078 2113 2181 
1070 645 1383 1289 1231 1372 0 1046 525 1561 1227 807 837 772 819 863 1070 1541 840 1666 1104 1175 714 1359 1378 
1003 1133 1314 1220 1158 1922 1125 0 1063 1355 1319 1357 1103 1097 1388 480 1571 1470 1380 2168 1264 617 1245 810 1309 
734 879 1079 998 877 1278 577 986 0 1252 1024 707 597 471 719 743 926 1223 740 1572 887 1010 614 1023 1069 
1351 1891 706 462 1507 2544 1780 1207 1606 0 1673 1932 1451 1690 1975 1198 2168 1744 1987 2698 1612 751 1853 666 531 
438 1367 977 915 447 2086 1289 1324 1031 1180 0 1492 424 621 1523 1065 1706 666 1515 2248 361 1346 1380 1319 979 
1346 1289 1653 1559 1515 1209 965 1388 789 1831 1514 0 1115 1097 633 1129 858 1840 359 1477 1391 1410 540 1624 1648 
276 968 825 755 680 1708 927 1048 670 1075 424 1158 0 267 1203 815 1400 1028 1181 1972 382 1076 1060 1141 811 
470 870 1071 956 902 1612 823 986 511 1236 605 1066 267 0 1107 727 1284 1177 1089 1904 563 1010 981 1067 1053 
1209 1133 1516 1422 1378 749 805 1240 645 1694 1408 501 995 922 0 947 798 1688 534 1024 1285 1262 449 1463 1511 
666 916 995 927 809 1612 830 389 763 1195 1007 1086 819 754 1107 0 1290 1157 1109 1904 975 577 981 700 993 
1107 1034 1414 1320 1271 1072 704 1115 544 1592 1285 465 884 819 460 877 0 1581 498 1316 1162 1175 253 1359 1409 
890 1677 941 1104 574 2409 1594 1464 1290 1376 620 1784 1016 1247 1821 1205 1983 0 1810 2563 972 1486 1672 1464 1193 
1223 1173 1530 1436 1392 1072 815 1240 655 1708 1430 372 1007 943 499 980 724 1702 0 1345 1307 1262 406 1463 1525 
2044 1949 2363 2297 2166 727 1668 2097 1481 2586 2183 1353 1817 1792 913 1791 1668 2470 1376 0 2079 2106 1234 2257 2373 
520 1396 1079 998 743 1922 1308 1422 912 1248 425 1343 444 609 1374 1163 1557 1028 1366 2151 0 1444 1231 1445 1065 
1107 1319 1364 1033 1242 1995 1224 560 1149 794 1401 1415 1207 1198 1446 575 1629 1552 1438 2213 1368 0 1303 803 1204 
1158 1087 1465 1371 1327 1022 763 1188 603 1643 1368 524 943 878 399 923 681 1637 557 1260 1245 1202 0 1411 1460 
1003 1459 726 571 1158 2155 1388 744 1092 662 1319 1572 1103 1193 1603 768 1786 1470 1595 2310 1264 787 1460 0 759 
1024 1825 322 285 1090 2544 1726 1527 1436 574 1346 1894 1124 1363 1975 1326 2111 1361 1940 2698 1285 1159 1798 777 0 
0 1156 630 578 457 1859 1103 1033 828 926 467 1247 303 497 1285 726 1465 809 1275 2026 456 1018 1166 953 692 
1154 0 1478 1445 1277 1678 553 1073 785 1732 1275 1069 917 872 1104 914 1299 1595 1097 1878 1158 1205 993 1422 1504 
702 1536 0 322 730 2390 1444 1373 1163 714 1043 1655 851 1062 1693 1035 1905 1011 1683 2457 984 1318 1574 691 295 
631 1471 325 0 834 2327 1390 1295 1098 575 974 1575 780 995 1613 959 1793 1201 1603 2391 916 1009 1494 540 255 
325 1156 608 556 0 1859 1103 1012 775 893 569 1247 504 698 1285 666 1465 703 1275 2026 653 959 1166 929 670 
1798 1717 2117 2073 1915 0 1394 1869 1241 2374 1964 1140 1554 1553 673 1525 1417 2257 1168 721 1823 1855 993 2057 2146 
1103 559 1423 1390 1220 1402 0 1012 498 1677 1244 768 883 830 825 869 1005 1538 806 1594 1127 1179 675 1374 1449 
1020 1023 1325 1292 1145 1850 903 0 969 1328 1300 1229 1089 1088 1267 398 1447 1463 1257 2013 1276 569 1148 752 1351 
793 843 1121 1087 919 1240 515 1012 0 1374 965 624 641 446 681 709 828 1284 662 1427 789 1018 531 1148 1146 
999 1810 679 467 1147 2670 1716 1283 1435 0 1259 1937 1097 1336 2000 1176 2140 1499 1976 2737 1235 708 1853 682 539 
501 1290 1015 1007 400 2115 1219 1378 980 1262 0 1371 365 573 1409 1040 1589 612 1399 2173 366 1353 1290 1347 1043 
1329 1207 1649 1616 1448 1182 877 1352 712 1906 1470 0 1089 1088 629 1040 812 1766 310 1381 1353 1353 493 1562 1675 
303 957 820 768 680 1667 869 1117 643 1069 389 1069 0 297 1093 811 1267 911 1097 1861 304 1103 993 1168 882 
551 938 1076 1050 952 1667 852 1094 476 1337 630 1048 310 0 1093 794 1251 1190 1076 1861 526 1081 943 1178 1109 
1219 1098 1539 1506 1338 702 767 1209 602 1793 1376 492 983 963 0 937 785 1656 530 898 1259 1265 371 1474 1565 
749 957 1076 1042 873 1667 841 447 770 1328 1067 1024 887 834 1093 0 1230 1227 1047 1861 1032 589 914 768 1101 
1128 992 1448 1415 1247 1022 670 1137 505 1702 1266 452 916 861 497 860 0 1565 490 1240 1149 1179 225 1368 1474 
831 1671 991 1087 506 2533 1577 1480 1296 1374 549 1790 940 1163 1843 1142 2041 0 1819 2600 907 1455 1709 1429 1146 
1206 1098 1526 1493 1325 1095 765 1209 600 1780 1369 313 978 953 517 937 700 1643 0 1264 1252 1265 381 1474 1552 
1941 1885 2262 2218 2101 688 1546 1930 1393 2519 2079 1244 1706 1705 814 1677 1568 2442 1272 0 1947 1993 1172 2177 2291 
448 1228 968 952 643 2065 1173 1373 834 1236 407 1258 321 529 1296 1035 1476 946 1286 2040 0 1348 1177 1328 1040 
1128 1320 1330 1140 1247 2115 1221 587 1120 773 1408 1371 1169 1168 1409 570 1589 1565 1399 2173 1384 0 1290 760 1197 
1189 1053 1509 1476 1308 950 727 1209 562 1763 1331 509 953 930 431 914 617 1626 547 1183 1214 1213 0 1422 1535 
1040 1437 715 583 1165 2287 1378 738 1060 681 1320 1553 1158 1198 1591 718 1771 1483 1581 2369 1296 714 1472 0 838 
800 1639 299 238 991 2533 1545 1451 1264 532 1116 1758 964 1161 1796 1113 1972 1322 1786 2600 1092 1074 1677 778 0 
0 1195 629 538 449 1972 1104 969 815 871 390 1302 264 528 1396 717 1513 806 1347 2150 341 1008 1214 967 622 
1146 0 1517 1452 1269 1750 516 1063 816 1694 1304 1132 925 868 1200 959 1371 1621 1177 1946 1145 1255 1035 1440 1522 
664 1513 0 341 736 2273 1407 1230 1149 662 1023 1626 798 1093 1720 1000 1848 988 1671 2491 904 1305 1538 735 285 
552 1405 306 0 775 2153 1278 1123 1028 509 914 1497 686 973 1591 914 1708 1123 1542 2343 791 1013 1409 520 246 
318 1142 588 497 0 1850 1011 856 738 830 477 1195 454 718 1289 623 1406 675 1240 2051 519 918 1107 886 581 
1828 1757 2173 2105 1948 0 1416 1869 1249 2363 2020 1156 1618 1588 756 1591 1469 2299 1201 742 1852 1912 1041 2071 2183 
1066 563 1418 1353 1177 1325 0 1016 464 1595 1216 729 843 790 746 847 946 1529 777 1508 1056 1163 649 1332 1423 
911 992 1294 1192 1058 1850 963 0 930 1350 1241 1186 983 941 1283 374 1397 1395 1231 2051 1147 578 1101 686 1299 
737 869 1096 1039 919 1281 541 969 0 1281 895 692 581 467 709 691 900 1233 740 1481 772 1008 612 1121 1109 
880 1732 627 454 1074 2538 1630 1154 1361 0 1202 1860 1006 1281 2007 1167 2106 1448 1892 2764 1108 706 1761 650 452 
424 1346 981 859 436 2123 1253 1264 1001 1164 0 1472 421 633 1566 1037 1683 624 1517 2309 307 1339 1384 1269 982 
1314 1275 1685 1620 1437 1197 922 1329 755 1854 1497 0 1111 1109 642 1102 868 1789 371 1410 1339 1404 543 1585 1690 
271 893 785 694 661 1658 847 990 612 1041 391 1035 0 264 1108 752 1246 985 1085 1842 268 1071 953 1135 778 
493 928 1076 990 919 1704 869 996 458 1260 569 1060 262 0 1154 774 1285 1168 1105 1903 420 1071 991 1214 1088 
1146 1113 1517 1452 1269 741 757 1180 593 1694 1324 483 957 903 0 937 789 1621 531 942 1165 1255 421 1437 1522 
649 825 1014 898 816 1496 739 416 666 1210 992 932 727 674 959 0 1140 1136 992 1674 888 561 850 747 1027 
1066 1028 1418 1353 1177 1022 654 1053 490 1595 1223 443 852 799 450 838 0 1529 491 1195 1064 1163 209 1322 1423 
844 1655 890 1081 542 2396 1533 1363 1284 1323 575 1752 979 1212 1884 1136 1976 0 1797 2614 882 1438 1664 1435 1151 
1146 1088 1517 1452 1269 1022 732 1123 568 1694 1304 332 933 877 455 923 681 1621 0 1200 1145 1198 356 1410 1522 
1933 1853 2286 2218 2080 727 1519 1930 1352 2476 2088 1266 1721 1691 867 1694 1572 2433 1311 0 1948 2017 1147 2163 2296 
400 1235 933 838 621 1850 1135 1230 737 1147 287 1186 315 478 1270 1000 1397 857 1231 2024 0 1305 1088 1269 982 
1029 1219 1359 1054 1148 1972 1119 541 1033 779 1351 1302 1089 1087 1396 551 1513 1500 1347 2150 1257 0 1214 693 1242 
1090 1059 1461 1396 1213 950 680 1079 516 1638 1245 469 878 825 384 864 608 1565 517 1139 1091 1163 0 1351 1466 
911 1405 708 513 1058 2176 1284 676 1028 661 1241 1517 1034 1148 1611 698 1728 1395 1562 2385 1147 656 1429 0 758 
755 1603 289 300 967 2386 1486 1344 1232 491 1106 1705 889 1166 1799 1117 1962 1294 1750 2604 995 1078 1617 820 0 
0 1261 633 593 468 2006 1121 990 858 922 440 1409 264 572 1397 729 1591 833 1429 2163 376 1067 1309 977 689 
1161 0 1517 1417 1329 1717 510 1099 835 1730 1326 1178 953 897 1179 937 1388 1638 1198 1956 1202 1256 1078 1465 1511 
679 1511 0 349 760 2348 1407 1289 1192 651 963 1779 784 1057 1767 1025 1961 996 1799 2512 896 1314 1679 728 275 
577 1411 314 0 794 2254 1338 1182 1062 502 874 1669 682 968 1657 914 1908 1105 1689 2418 794 1040 1569 538 257 
281 1133 552 512 0 1797 1003 861 744 839 501 1271 420 728 1259 615 1453 705 1291 2023 532 907 1171 855 608 
1895 1786 2231 2181 2071 0 1440 1923 1320 2457 2076 1178 1687 1652 708 1661 1457 2456 1198 729 1856 1982 1079 2141 2238 
1123 494 1479 1379 1291 1339 0 1099 532 1692 1310 792 943 862 804 880 1003 1600 819 1591 1185 1193 722 1384 1473 
990 1039 1352 1252 1146 1956 961 0 997 1317 1303 1343 1136 1101 1331 413 1525 1455 1363 2059 1270 573 1243 743 1346 
772 845 1135 1039 930 1224 515 990 0 1352 891 681 612 372 693 698 868 1218 708 1496 700 997 611 1041 1133 
906 1727 620 450 1125 2553 1624 1237 1409 0 1221 2006 1078 1310 1995 1205 2190 1455 2014 2718 1188 732 1902 653 457 
403 1320 973 927 407 2145 1243 1292 950 1233 0 1572 390 626 1560 1057 1754 739 1592 2321 314 1317 1472 1295 1018 
1302 1205 1658 1558 1470 1163 821 1321 710 1875 1509 0 1136 1042 609 1057 819 1779 329 1387 1375 1346 525 1538 1652 
284 983 798 758 677 1694 891 1060 620 1054 394 1135 0 308 1156 801 1329 990 1155 1933 251 1113 1053 1123 854 
543 945 1139 1039 884 1621 855 1026 412 1352 596 1085 314 0 1083 765 1254 1146 1105 1872 405 1067 992 1116 1133 
1179 1080 1535 1435 1347 735 708 1231 597 1748 1367 503 1000 913 0 923 791 1656 530 975 1221 1256 429 1441 1529 
705 916 1058 957 851 1621 788 423 721 1286 989 1018 810 775 1083 0 1216 1164 1047 1872 923 548 944 742 1067 
1091 1004 1447 1347 1259 1022 619 1093 508 1660 1286 480 923 846 478 843 0 1568 507 1299 1145 1165 237 1344 1441 
827 1649 920 1039 546 2485 1546 1431 1331 1352 563 1931 950 1165 1927 1167 2105 0 1944 2649 877 1456 1832 1399 1133 
1198 1133 1554 1454 1366 1072 728 1231 617 1767 1390 369 1017 931 516 937 726 1675 0 1317 1241 1256 432 1465 1548 
2064 1948 2420 2370 2256 687 1602 2084 1482 2646 2214 1377 1850 1821 908 1823 1648 2641 1397 0 2083 2118 1300 2326 2427 
370 1238 912 866 597 1956 1126 1284 728 1183 309 1393 267 426 1381 1004 1575 918 1413 2139 0 1309 1293 1255 961 
1067 1279 1303 981 1214 2006 1155 543 1107 725 1380 1409 1190 1155 1397 539 1591 1523 1429 2163 1347 0 1309 688 1188 
1115 1016 1471 1371 1283 1022 639 1127 528 1684 1303 500 934 866 416 863 608 1592 527 1222 1174 1165 0 1371 1465 
969 1411 677 563 1122 2254 1338 650 1062 662 1262 1661 1119 1170 1649 722 1847 1433 1681 2418 1229 673 1561 0 789 
780 1602 281 261 985 2440 1499 1400 1284 494 1065 1885 885 1157 1874 1136 2044 1324 1897 2604 1007 1175 1770 799 0 
0 1207 622 572 448 1972 1161 1009 886 896 434 1360 335 527 1401 738 1594 804 1394 2150 391 1084 1288 1060 644 
1105 0 1492 1395 1257 1633 500 1087 772 1674 1229 1063 898 823 1095 890 1287 1582 1097 1816 1109 1217 1006 1489 1464 
710 1502 0 303 780 2271 1460 1313 1181 664 1007 1681 870 1102 1722 1056 1905 937 1715 2479 964 1367 1609 666 277 
1061 1755 334 0 1059 2528 1713 1225 1409 516 1350 1954 1185 1414 1985 1174 2197 1313 1974 2748 1284 1050 1871 507 264 
296 1137 582 532 0 1859 1098 980 799 856 478 1279 514 716 1320 651 1513 705 1313 2045 537 955 1207 1000 604 
1846 1690 2196 2137 2021 0 1405 1888 1252 2451 1965 1138 1622 1556 684 1603 1440 2300 1172 696 1791 1909 1061 2115 2194 
1084 571 1468 1371 1207 1368 0 1025 505 1650 1207 793 873 798 807 821 1019 1532 823 1551 1087 1138 724 1462 1440 
996 1029 1352 1246 1094 1859 989 0 998 1319 1285 1279 1093 1027 1320 412 1513 1419 1313 2045 1219 567 1207 765 1324 
758 822 1135 1020 919 1251 563 980 0 1299 937 672 642 427 686 699 887 1197 702 1434 751 1014 603 1136 1089 
1362 1975 686 490 1423 2750 1904 1382 1614 0 1651 2164 1486 1704 2182 1358 2412 1714 2172 2935 1585 860 2092 682 543 
417 1324 907 851 418 2096 1268 1279 961 1122 0 1487 367 554 1528 1024 1721 638 1521 2278 311 1333 1415 1363 945 
1403 1248 1764 1667 1529 1214 991 1403 799 1989 1516 0 1183 1117 673 1146 907 1859 397 1427 1396 1457 590 1759 1736 
295 994 776 726 698 1708 933 1101 645 1052 370 1138 0 233 1170 825 1400 911 1172 1899 257 1138 1058 1217 798 
476 916 1086 1013 919 1640 864 1039 453 1269 569 1077 248 0 1102 773 1311 1112 1111 1822 419 1084 1022 1217 1059 
1203 1111 1577 1480 1342 705 808 1226 616 1759 1325 498 1000 940 0 969 805 1667 528 990 1205 1280 446 1582 1549 
718 939 1086 1013 886 1622 821 390 745 1269 1013 1012 859 784 1084 0 1265 1167 1077 1808 970 554 973 742 1059 
1105 994 1502 1405 1267 1022 706 1121 514 1684 1229 453 913 834 455 853 0 1592 483 1259 1109 1190 219 1489 1474 
882 1669 977 1121 586 2431 1627 1474 1323 1400 635 1870 1023 1248 1893 1217 2155 0 1892 2639 946 1528 1767 1544 1190 
1213 1124 1591 1494 1356 1072 815 1226 623 1773 1351 349 1004 950 497 969 729 1681 0 1269 1231 1280 414 1582 1563 
2058 1910 2407 2348 2257 675 1630 2099 1477 2662 2222 1336 1858 1781 860 1829 1664 2567 1370 0 2095 2128 1286 2369 2405 
390 1199 874 824 643 1850 1161 1260 781 1110 285 1226 259 446 1267 990 1460 825 1260 1996 0 1314 1154 1317 896 
1061 1248 1263 981 1161 1972 1159 496 1050 749 1350 1360 1163 1097 1401 499 1594 1486 1394 2150 1284 0 1288 673 1136 
1156 1042 1538 1441 1303 950 755 1171 563 1720 1277 502 957 883 383 914 629 1628 532 1177 1157 1217 0 1541 1510 
996 1382 660 666 1112 2158 1336 740 1030 733 1285 1553 1120 1111 1594 731 1787 1437 1587 2366 1219 736 1481 0 738 
1036 1830 314 263 1045 2610 1787 1467 1483 535 1325 2022 1160 1389 2067 1379 2268 1295 2030 2827 1259 1369 1971 770 0 
0 1214 610 552 394 1972 1171 1025 885 824 426 1382 320 542 1424 766 1598 777 1433 2200 392 1091 1321 1019 635 
1058 0 1490 1433 1360 1719 485 1070 849 1684 1180 1096 874 801 1173 929 1323 1697 1147 1889 1060 1218 1035 1415 1489 
776 1676 0 281 819 2509 1614 1416 1381 590 1095 1887 926 1146 1981 1155 2105 992 1943 2713 1024 1356 1814 703 264 
1184 1861 423 0 1267 2636 1820 1275 1587 554 1512 2104 1345 1571 2108 1278 2288 1383 2160 2880 1448 1051 2028 560 365 
319 1169 579 521 0 1922 1122 986 798 793 532 1306 486 708 1348 679 1522 678 1357 2069 552 968 1245 913 604 
2066 1936 2599 2606 2432 0 1615 2138 1471 2793 2231 1338 1843 1826 909 1880 1651 2802 1389 900 2071 2218 1309 2428 2593 
1069 565 1497 1440 1367 1420 0 1033 533 1691 1185 775 881 808 896 914 1009 1704 817 1597 1065 1210 723 1398 1496 
985 1137 1349 1266 1216 1922 1094 0 1020 1354 1313 1283 1071 1059 1325 461 1499 1551 1334 2045 1249 537 1222 736 1348 
822 880 1162 1131 1035 1335 569 1033 0 1382 937 692 625 474 813 795 926 1377 734 1512 771 1091 640 1152 1187 
1321 1936 662 471 1527 2636 1838 1207 1734 0 1649 2104 1482 1708 2108 1184 2307 1608 2160 2880 1585 727 2028 654 553 
451 1270 973 891 400 2064 1235 1316 993 1170 0 1477 356 578 1519 1055 1693 634 1528 2279 312 1360 1416 1347 978 
1366 1270 1816 1763 1690 1279 943 1402 798 2051 1476 0 1154 1149 735 1141 864 2014 362 1454 1356 1446 554 1631 1845 
315 978 829 771 680 1719 921 1091 660 1029 383 1096 0 268 1173 817 1323 936 1147 1889 258 1110 1035 1234 854 
542 944 1095 1042 880 1680 900 1062 493 1293 583 1080 310 0 1134 798 1296 1170 1131 1860 428 1091 1035 1234 1098 
1195 1124 1675 1618 1545 709 785 1260 654 1869 1305 489 983 940 0 981 803 1875 531 908 1185 1304 444 1470 1674 
761 937 1095 1029 997 1652 842 445 800 1280 1065 1022 831 758 1106 0 1249 1303 1068 1832 1000 552 978 779 1085 
1069 1003 1497 1440 1367 1143 680 1139 549 1691 1189 442 883 810 618 891 0 1704 484 1332 1069 1183 233 1381 1496 
847 1693 931 1063 528 2509 1631 1451 1398 1314 585 1893 938 1164 1981 1190 2105 0 1959 2713 897 1495 1832 1477 1119 
1195 1124 1675 1618 1545 1118 786 1260 655 1869 1305 365 983 940 592 981 721 1875 0 1294 1185 1304 411 1470 1674 
2066 1936 2599 2606 2432 666 1615 2138 1471 2793 2231 1338 1843 1826 873 1880 1651 2802 1389 0 2071 2218 1309 2428 2593 
382 1145 862 804 581 1850 1122 1260 814 1087 288 1248 237 424 1290 990 1464 838 1299 2006 0 1304 1187 1264 887 
1091 1270 1303 1002 1318 1972 1189 564 1098 774 1419 1382 1173 1168 1424 556 1598 1655 1433 2200 1355 0 1321 747 1226 
1143 1077 1608 1551 1478 1102 739 1227 608 1809 1254 501 943 869 583 947 649 1818 543 1294 1134 1271 0 1455 1607 
1028 1447 661 505 1251 2226 1396 757 1147 689 1356 1650 1189 1224 1692 775 1906 1588 1701 2469 1292 730 1589 0 744 
1040 1986 277 209 1124 2750 1935 1508 1684 445 1368 2199 1201 1427 2212 1453 2402 1275 2255 2957 1304 1127 2132 769 0 
0 1381 677 712 447 2081 1249 1254 956 931 399 1524 264 487 1539 947 1718 899 1571 2253 356 1260 1451 1117 714 
1272 0 1797 1815 1672 1800 476 1206 822 2033 1343 1230 1028 973 1245 1040 1424 1919 1277 1949 1225 1434 1124 1663 1852 
717 1755 0 378 740 2522 1582 1383 1243 603 968 1871 771 1030 1972 1090 2105 949 1955 2691 913 1371 1832 760 282 
634 1689 354 0 772 2377 1463 1259 1132 434 878 1784 688 920 1799 1006 1988 1161 1830 2545 825 1040 1711 534 258 
298 1381 590 634 0 2114 1171 1067 914 846 480 1561 457 680 1576 797 1755 800 1608 2294 511 1093 1488 1052 636 
2302 2001 2872 2994 2687 0 1573 2347 1472 3150 2352 1379 2108 1860 916 2218 1666 2920 1426 721 2045 2521 1371 2668 2992 
1185 559 1722 1738 1597 1420 0 1171 455 1987 1274 837 943 881 916 1028 1058 1870 863 1564 1156 1349 784 1578 1771 
1267 1155 1451 1253 1454 2038 1122 0 1099 1348 1508 1464 1195 1213 1479 458 1658 1860 1511 2199 1390 567 1391 711 1486 
1036 910 1402 1418 1295 1325 515 1219 0 1633 1018 741 759 506 843 982 947 1599 767 1469 731 1294 688 1354 1451 
962 1970 653 422 1103 2669 1798 1176 1459 0 1180 2129 988 1228 2119 1189 2312 1442 2190 2839 1117 726 2058 654 466 
435 1521 996 1063 494 2038 1348 1536 981 1278 0 1468 343 523 1483 1243 1662 624 1515 2199 296 1542 1395 1461 1096 
1516 1241 2023 2164 1908 1190 900 1602 745 2314 1590 0 1277 1193 702 1362 838 2108 331 1344 1339 1661 544 1868 2153 
254 1075 926 979 656 1850 1007 1202 696 1160 356 1256 0 223 1271 923 1450 918 1303 1972 230 1208 1183 1271 973 
524 1090 1166 1190 953 1711 1017 1254 524 1405 574 1149 296 0 1156 929 1313 1137 1196 1856 413 1260 1068 1354 1223 
1459 1159 1969 2164 1849 716 836 1529 681 2262 1530 559 1220 1094 0 1268 857 2042 585 899 1258 1567 563 1796 2153 
995 984 1303 1271 1203 1850 877 427 859 1348 1256 1258 926 892 1273 0 1452 1615 1305 1972 1138 564 1185 749 1352 
1305 1029 1797 1815 1672 1097 681 1361 526 2033 1370 464 1069 963 610 1135 0 1941 490 1287 1126 1434 238 1663 1852 
919 2070 980 1235 609 2628 1892 1729 1551 1450 605 2084 950 1159 2078 1436 2274 0 2145 2797 904 1735 2017 1638 1264 
1372 1106 1893 1998 1769 1072 774 1468 619 2172 1419 355 1106 1058 576 1217 712 1987 0 1233 1191 1516 418 1745 1987 
2400 2061 2943 3053 2864 661 1683 2491 1582 3224 2462 1489 2206 1993 976 2372 1776 3021 1536 0 2222 2688 1430 2829 3045 
403 1295 1048 1063 608 1784 1115 1428 738 1278 283 1214 223 371 1229 1135 1408 844 1261 1929 0 1434 1141 1492 1096 
1325 1266 1255 981 1512 2107 1177 533 1152 783 1551 1543 1238 1256 1558 511 1737 1895 1590 2281 1433 0 1470 668 1140 
1327 1037 1848 1945 1718 1022 703 1390 548 2075 1383 486 1090 987 529 1137 615 1956 512 1192 1126 1436 0 1665 1893 
1053 1689 719 573 1221 2377 1463 738 1132 767 1329 1778 1136 1307 1793 806 1975 1562 1830 2545 1265 718 1705 0 798 
854 1900 304 290 1030 2619 1734 1482 1395 425 1111 2068 913 1166 2069 1258 2274 1234 2129 2788 1046 1106 1995 824 0 
0 1332 638 838 410 1997 1172 1232 860 1115 376 1457 241 423 1506 998 1652 795 1495 2127 331 1412 1336 1101 866 
1135 0 1710 1684 1505 1736 414 1193 769 1978 1258 1214 968 876 1257 1085 1409 1784 1252 1876 1130 1574 1087 1600 1761 
652 1552 0 401 682 2363 1437 1346 1113 608 887 1783 720 909 1831 1156 1986 787 1827 2479 830 1305 1662 760 295 
565 1470 281 0 747 2251 1366 1101 1035 425 800 1705 633 822 1754 1058 1906 998 1743 2367 743 885 1584 501 200 
228 1332 506 752 0 2038 1164 1043 874 1029 407 1487 426 615 1536 811 1682 662 1525 2163 436 1118 1366 1027 780 
2241 2035 2698 2672 2524 0 1697 2362 1561 2926 2300 1482 2078 1909 962 2160 1775 2810 1520 592 2104 2642 1440 2596 2745 
1080 473 1655 1629 1450 1360 0 1108 420 1893 1164 784 895 753 839 1013 1059 1690 858 1493 995 1473 699 1499 1706 
1272 1099 1348 1241 1494 2107 1093 0 1080 1276 1444 1566 1141 1065 1615 480 1761 1905 1604 2209 1316 572 1445 677 1405 
767 828 1350 1324 1105 1219 443 1148 0 1586 798 633 565 387 688 977 884 1341 707 1370 621 1378 548 1375 1401 
866 1839 571 444 1036 2610 1718 1090 1394 0 1102 2036 947 1116 2085 1137 2281 1330 2103 2729 1047 659 1934 592 417 
360 1395 825 1128 438 1997 1316 1410 890 1390 0 1457 326 487 1506 1175 1652 604 1495 2127 285 1590 1336 1344 1100 
1368 1175 1935 1934 1730 1138 827 1535 702 2182 1426 0 1211 1035 606 1379 839 1947 325 1283 1230 1794 480 1821 2003 
244 1099 812 951 594 1776 987 1151 644 1213 338 1248 0 207 1297 914 1443 852 1286 1914 208 1331 1127 1230 1028 
436 1127 993 1128 786 1669 920 1198 468 1390 497 1150 221 0 1190 954 1314 1012 1188 1808 344 1378 1021 1332 1205 
1298 1108 1868 1859 1666 685 746 1433 621 2107 1362 487 1141 960 0 1324 843 1901 561 831 1166 1739 410 1765 1928 
964 910 1328 1238 1125 1798 851 413 858 1276 1190 1270 895 808 1319 0 1465 1524 1308 1940 1062 585 1149 689 1385 
1187 992 1762 1736 1544 1022 611 1314 486 1998 1242 414 1000 819 461 1188 0 1768 488 1144 1058 1603 213 1629 1845 
798 1853 765 1048 570 2587 1737 1584 1411 1316 587 2016 915 1077 2062 1349 2281 0 2083 2708 871 1764 1912 1316 1017 
1264 1045 1841 1815 1617 1022 684 1391 559 2072 1313 291 1077 892 463 1245 696 1872 0 1148 1117 1660 337 1686 1893 
2221 1991 2680 2654 2506 600 1673 2317 1537 2909 2280 1461 2058 1886 923 2136 1751 2791 1499 0 2084 2618 1251 2572 2745 
343 1332 914 1026 578 1742 1131 1394 726 1288 283 1214 219 360 1263 1159 1409 797 1252 1881 0 1574 1093 1305 1103 
1298 1322 1123 853 1494 2160 1172 471 1123 644 1462 1630 1159 1083 1679 498 1826 1905 1668 2276 1334 0 1509 643 987 
1215 1012 1790 1764 1573 895 635 1327 510 2026 1271 438 1028 843 364 1195 633 1797 512 1046 1075 1610 0 1636 1845 
938 1449 774 662 1078 2211 1348 623 1011 584 1263 1681 1047 1102 1730 701 1906 1439 1719 2327 1154 654 1560 0 823 
747 1640 258 268 940 2408 1525 1355 1201 417 1007 1873 815 1015 1888 1200 2112 1043 1919 2524 929 1010 1750 769 0 
0 998 618 578 327 1738 920 969 641 817 374 1161 222 339 1213 683 1413 743 1304 1853 329 1059 1156 850 638 
935 0 1406 1421 1240 1592 403 1048 662 1652 1100 981 796 719 1067 802 1224 1558 1116 1702 964 1109 956 1250 1493 
572 1323 0 281 528 2061 1242 1080 993 512 803 1476 675 799 1528 898 1728 740 1619 2166 782 1109 1457 536 219 
852 1563 280 0 808 2358 1497 1020 1239 411 1097 1731 966 1087 1783 1063 2019 1020 1887 2468 1065 854 1712 450 223 
218 1019 517 520 0 1732 895 811 663 759 398 1150 385 509 1207 568 1402 648 1293 1848 429 990 1156 792 580 
1877 1765 2221 2237 2079 0 1457 1909 1340 2454 2038 1200 1743 1640 831 1685 1561 2397 1343 578 1850 1959 1191 2117 2275 
890 437 1360 1375 1191 1303 0 969 387 1606 1053 694 758 681 769 717 946 1509 753 1413 879 1059 673 1152 1447 
1022 945 1140 1025 1119 1732 895 0 861 1141 1269 1150 974 895 1207 394 1402 1437 1293 1848 1141 534 1156 625 1210 
633 737 1114 1150 951 1207 432 887 0 1381 730 613 500 339 688 644 859 1233 672 1320 534 1059 592 994 1222 
1097 1725 532 388 1073 2489 1652 1037 1401 0 1365 1890 1200 1352 2015 1143 2174 1277 1965 2599 1307 628 1872 566 417 
325 1156 777 835 333 1864 1073 1109 737 1087 0 1285 329 481 1337 883 1537 536 1428 1973 285 1187 1266 1097 895 
1167 1082 1522 1537 1353 1102 770 1210 642 1768 1332 0 1035 940 578 998 785 1671 282 1229 1136 1296 459 1432 1609 
231 859 746 706 512 1607 778 990 502 946 336 1022 0 200 1082 746 1291 823 1165 1717 208 1059 1013 983 766 
336 800 895 855 663 1506 719 969 344 1094 485 917 203 0 986 687 1207 982 973 1616 324 1059 892 1025 945 
1092 1019 1472 1487 1303 675 696 1161 568 1718 1258 446 958 865 0 923 793 1621 505 805 1065 1247 463 1373 1559 
772 786 1064 1025 862 1506 649 372 615 1141 1026 899 726 649 986 0 1207 1235 965 1616 893 594 878 631 1207 
998 910 1419 1434 1250 1022 596 1068 468 1665 1156 411 857 765 476 816 0 1568 470 1128 961 1161 213 1250 1506 
673 1427 745 951 455 2158 1328 1244 1102 1197 533 1562 822 951 1614 1037 1825 0 1705 2268 793 1330 1543 1219 970 
1088 998 1472 1487 1303 1022 690 1161 562 1718 1247 353 953 859 498 914 705 1621 0 1148 1065 1247 379 1373 1559 
1898 1783 2240 2256 2090 581 1475 1928 1358 2473 2059 1226 1761 1658 855 1703 1579 2408 1369 0 1875 1984 1209 2137 2294 
324 1064 839 799 498 1697 941 1123 551 1060 283 1150 216 335 1172 914 1376 770 1293 1808 0 1209 1124 1048 859 
1142 1193 1134 850 1250 1864 1053 499 1012 665 1410 1285 1162 1086 1337 544 1537 1568 1428 1973 1329 0 1266 625 998 
1011 916 1442 1457 1273 898 606 1068 478 1688 1167 421 867 775 381 826 599 1591 480 1028 975 1161 0 1263 1529 
816 1292 496 410 919 2002 1190 590 931 636 1087 1424 924 1041 1476 645 1676 1249 1567 2112 1027 639 1405 0 565 
791 1534 219 226 747 2260 1451 1166 1210 397 1028 1685 894 1021 1737 1137 1991 961 1832 2370 1006 1044 1666 602 0 
0 1054 535 499 327 1694 921 897 633 757 374 1144 222 339 1172 655 1370 714 1204 1808 329 951 1043 751 578 
924 0 1286 1240 1090 1503 413 1012 661 1493 1083 917 782 695 986 798 1200 1423 987 1613 952 1119 857 1218 1314 
568 1339 0 265 528 2002 1219 1054 979 512 803 1419 671 795 1479 891 1675 740 1479 2112 778 1064 1350 487 219 
508 1318 263 0 645 1972 1167 996 920 429 776 1367 611 735 1427 831 1623 961 1427 2067 718 837 1298 401 206 
229 1054 476 453 0 1685 920 793 636 711 400 1090 376 500 1163 551 1370 630 1150 1795 431 825 1034 705 532 
1656 1566 2042 1990 1856 0 1260 1690 1143 2246 1802 1021 1507 1433 652 1500 1376 2104 1081 578 1635 1786 953 1889 2067 
868 437 1221 1175 1040 1237 0 861 389 1428 1040 639 736 649 698 709 889 1371 705 1347 881 1008 579 1118 1249 
852 929 1042 981 951 1662 836 0 845 1054 1119 1090 928 847 1140 370 1370 1304 1150 1772 1065 456 1012 551 1088 
633 747 953 915 768 1161 433 865 0 1172 730 558 500 339 617 632 808 1103 624 1259 534 907 498 923 993 
775 1519 532 388 919 2218 1436 1020 1191 0 1052 1636 878 1012 1696 1042 1903 1274 1696 2328 986 611 1567 566 417 
325 1197 776 764 329 1850 1098 1078 731 1029 0 1241 326 481 1301 862 1497 527 1301 1934 285 1197 1172 1016 843 
1130 1064 1488 1442 1298 1072 757 1161 607 1695 1269 0 974 884 524 962 753 1631 262 1161 1100 1257 419 1366 1516 
225 939 658 622 506 1589 827 990 497 880 336 1021 0 200 1067 739 1254 856 1081 1699 208 1074 943 874 701 
343 857 812 776 670 1458 724 969 338 1058 492 849 210 0 916 672 1139 1007 919 1568 331 1008 789 944 855 
1050 998 1412 1366 1222 672 691 1109 541 1619 1201 424 905 818 0 878 769 1555 490 782 1038 1197 361 1290 1440 
628 816 904 865 722 1458 682 368 621 1126 892 857 701 623 916 0 1139 1059 927 1568 838 493 797 599 945 
952 910 1322 1276 1121 1022 601 1020 451 1529 1116 400 815 728 445 788 0 1457 466 1081 943 1119 207 1218 1350 
671 1405 738 877 442 2107 1308 1193 1075 1158 461 1508 787 927 1568 983 1764 0 1568 2201 746 1289 1439 1131 958 
1027 984 1412 1366 1222 1022 679 1084 529 1619 1190 267 893 806 446 866 675 1555 0 1081 1025 1197 341 1277 1440 
1752 1662 2147 2098 1945 581 1356 1786 1239 2354 1907 1090 1603 1529 715 1596 1439 2196 1150 0 1731 1887 1003 1981 2175 
315 1106 748 712 492 1662 938 1087 545 975 283 1055 216 335 1140 868 1311 803 1115 1772 0 1197 1012 995 791 
935 1106 1066 845 1040 1749 987 445 930 629 1200 1167 1005 927 1227 453 1423 1371 1227 1865 1154 0 1098 584 952 
966 925 1322 1276 1135 872 619 1037 469 1529 1129 418 833 746 350 806 595 1468 484 986 961 1119 0 1218 1350 
731 1262 487 409 868 1922 1136 612 859 584 1007 1333 834 938 1393 640 1589 1215 1393 2029 941 609 1264 0 557 
656 1405 219 208 747 2107 1308 1123 1075 397 937 1508 759 883 1568 998 1764 961 1568 2201 866 999 1439 553 0 
0 945 553 501 327 1685 886 990 633 757 374 1090 222 339 1163 663 1378 656 1150 1795 329 1050 1034 753 578 
924 0 1271 1229 1087 1503 403 1012 663 1485 1083 932 783 689 986 802 1205 1344 987 1613 952 1147 849 1213 1306 
564 1288 0 255 528 2002 1212 1020 979 512 803 1410 667 791 1470 897 1670 740 1470 2108 774 1050 1341 487 219 
479 1218 255 0 619 1922 1126 969 886 411 747 1331 582 706 1391 812 1591 931 1391 2029 689 837 1262 401 200 
220 953 477 456 0 1662 878 873 638 712 401 1090 377 501 1140 564 1378 574 1150 1772 432 907 1012 704 533 
1640 1565 1964 1926 1771 0 1261 1692 1151 2182 1808 1021 1508 1414 660 1482 1380 2044 1081 647 1643 1738 922 1872 2003 
869 437 1204 1162 1015 1237 0 1012 387 1418 1040 638 737 643 698 711 889 1274 698 1347 879 1059 569 1122 1239 
846 925 1042 981 957 1662 860 0 825 1119 1104 1090 913 839 1140 360 1315 1197 1150 1772 1056 496 1012 543 1088 
633 715 968 915 757 1161 411 969 0 1172 730 557 500 339 617 636 808 1049 617 1259 534 987 488 883 993 
768 1506 532 388 919 2366 1432 1020 1191 0 1041 1630 871 995 1690 1069 1903 1197 1690 2390 983 616 1561 571 417 
325 1106 770 762 328 1850 1053 1171 731 1029 0 1241 326 481 1301 870 1501 489 1301 1934 285 1239 1172 1014 839 
1106 1044 1425 1383 1241 1072 724 1245 607 1639 1269 0 974 880 524 956 753 1498 262 1161 1100 1291 409 1365 1460 
225 807 676 624 510 1589 752 1033 496 880 336 971 0 200 1067 721 1222 792 1011 1699 208 1069 881 876 701 
336 714 823 771 663 1458 659 969 338 1029 485 848 203 0 916 628 1144 951 910 1568 324 987 779 870 848 
1041 961 1383 1341 1199 676 655 1171 538 1597 1201 420 905 811 0 879 766 1456 480 779 1030 1239 323 1273 1418 
629 747 926 872 716 1458 643 385 608 1076 886 841 696 622 906 0 1144 1009 910 1568 839 480 772 609 952 
952 872 1306 1264 1104 1022 568 1091 451 1520 1116 394 818 724 445 792 0 1361 454 1081 943 1147 207 1201 1341 
710 1423 738 927 490 2137 1353 1245 1108 1181 491 1551 817 973 1611 1035 1825 0 1611 2247 776 1291 1482 1185 958 
1034 953 1360 1318 1176 1022 646 1171 529 1574 1192 267 896 802 446 870 675 1433 0 1081 1025 1239 331 1273 1395 
1737 1662 2070 2012 1870 581 1358 1789 1248 2268 1907 1090 1605 1511 715 1579 1443 2129 1150 0 1740 1889 982 1966 2089 
315 984 766 714 496 1662 920 1171 545 975 283 1055 216 335 1140 876 1315 739 1115 1772 0 1239 1012 1005 791 
964 1082 1066 853 1065 1756 992 451 952 645 1229 1174 1030 975 1234 475 1434 1325 1234 1866 1174 0 1105 592 973 
977 890 1306 1264 1117 872 586 1106 469 1520 1132 412 836 742 343 810 595 1374 472 978 961 1155 0 1229 1341 
725 1189 487 421 865 1922 1121 550 859 584 1007 1330 828 933 1390 608 1590 1147 1390 2029 939 554 1261 0 556 
625 1361 219 200 747 2061 1277 1080 1043 397 893 1475 728 852 1535 956 1735 961 1535 2173 835 999 1406 553 0 
