11
15
3600
0
2564
1964
2664
1816
2395
2112
2476
2468
1935
1841
0 558 858 672 1093 648 538 395 889 604 1105 
560 0 1187 815 1413 621 408 671 502 499 740 
457 744 0 824 711 859 575 145 1080 809 1291 
636 863 1231 0 1455 552 948 710 1062 753 784 
1098 1402 638 1481 0 1506 1223 783 1721 1457 1953 
644 694 1343 557 1568 0 847 829 557 280 498 
539 413 1046 975 1340 865 0 544 713 743 931 
401 688 489 768 708 803 519 0 1028 753 1220 
955 506 1580 1051 1844 557 745 1064 0 640 559 
605 571 1246 750 1467 279 724 725 640 0 666 
1133 1033 1729 784 1993 498 1184 1213 588 666 0 
0 643 966 800 1272 689 547 487 992 613 1196 
652 0 1219 954 1628 673 417 768 502 543 766 
581 849 0 992 742 950 585 153 1206 819 1424 
835 1195 1342 0 1751 552 1117 887 1064 832 809 
1215 1634 664 1715 0 1747 1291 817 1999 1651 2195 
734 732 1342 564 1751 0 861 877 557 280 498 
579 413 1023 1171 1404 872 0 557 729 746 944 
522 790 513 936 740 890 526 0 1182 760 1346 
1002 506 1593 1083 2063 557 759 1132 0 640 564 
675 659 1219 800 1613 279 784 754 640 0 666 
1169 838 1757 812 2209 498 945 1296 588 666 0 
0 890 1063 842 1422 908 747 593 1266 936 1351 
811 0 1514 1093 1892 859 539 1015 580 763 826 
675 1050 0 1002 936 1136 770 150 1409 1086 1475 
966 1240 1542 0 1924 762 1426 1043 1461 1123 929 
1297 1707 715 1775 0 1838 1557 865 2093 1813 2263 
1005 1094 1777 776 2138 0 1290 1278 771 446 605 
784 554 1063 1147 1422 1159 0 591 843 1086 1089 
633 1001 518 960 926 1089 728 0 1349 1054 1447 
1245 631 1957 1495 2308 776 1002 1450 0 809 654 
966 908 1688 1017 2102 382 1147 1189 836 0 843 
1366 1334 1957 912 2308 578 1555 1460 703 823 0 
0 735 996 844 1329 899 763 506 1112 872 1367 
711 0 1260 1044 1552 869 538 791 629 727 911 
559 869 0 1000 794 1094 633 185 1268 1079 1460 
792 1063 1303 0 1595 755 1157 847 1424 1160 1061 
1289 1584 722 1724 0 1794 1448 907 1954 1845 2195 
933 932 1500 757 1792 0 1124 1029 809 444 618 
681 549 1095 1181 1366 1106 0 613 860 1020 1128 
533 843 522 956 808 1074 607 0 1217 1065 1460 
1160 742 1710 1449 1994 822 988 1239 0 830 745 
980 857 1446 1129 1738 474 1037 975 935 0 936 
1368 1017 1901 1082 2201 675 1146 1428 717 894 0 
0 659 999 781 1228 733 732 480 1022 809 1252 
704 0 1309 1003 1515 767 510 780 631 711 868 
533 820 0 956 861 1018 643 157 1225 987 1433 
785 979 1396 0 1602 849 1174 883 1373 1051 1061 
1260 1531 711 1701 0 1770 1370 868 1928 1735 2157 
825 878 1507 772 1713 0 1072 1029 799 395 580 
753 524 1251 1217 1437 1082 0 681 857 978 1072 
477 764 521 886 831 919 587 0 1136 946 1348 
1136 681 1670 1437 1923 755 893 1192 0 835 734 
845 793 1420 1113 1626 355 961 942 924 0 841 
1320 1364 1847 1005 2066 596 1507 1362 760 866 0 
0 705 1004 763 1232 797 679 488 1127 787 1275 
700 0 1254 998 1525 875 549 793 659 760 886 
504 850 0 916 776 1053 645 149 1258 1038 1441 
740 1029 1290 0 1561 737 1162 830 1418 1054 966 
1246 1555 734 1617 0 1751 1380 883 1914 1697 2142 
742 883 1429 719 1700 0 1108 965 802 387 578 
643 595 1064 1056 1324 1056 0 545 946 987 1169 
451 797 543 856 787 999 592 0 1231 1005 1408 
1118 692 1738 1415 2095 786 968 1274 0 882 728 
800 786 1343 1001 1614 476 1016 869 946 0 943 
1313 1063 1909 922 2165 632 1190 1416 750 889 0 
0 622 875 756 1155 735 622 439 1015 756 1259 
682 0 1206 939 1524 773 519 759 631 742 842 
504 793 0 917 756 997 600 152 1218 968 1448 
717 949 1234 0 1552 680 1071 794 1338 968 1055 
1203 1483 679 1564 0 1665 1326 831 1916 1598 2090 
818 827 1442 674 1760 0 1019 973 817 411 597 
668 510 1052 1052 1327 1087 0 606 853 968 1105 
440 729 487 851 742 926 536 0 1105 942 1351 
1138 646 1678 1348 2058 791 913 1209 0 796 682 
767 676 1289 993 1607 330 884 838 873 0 850 
1290 994 1824 956 2210 591 1089 1347 769 845 0 
0 751 986 782 1217 808 623 483 1104 883 1274 
696 0 1232 934 1484 776 470 756 571 725 875 
528 880 0 912 756 1036 674 150 1238 993 1435 
763 1039 1344 0 1596 770 1203 842 1408 1076 1029 
1309 1621 737 1684 0 1761 1425 887 1999 1715 2170 
829 911 1454 686 1706 0 1110 967 734 416 563 
608 608 1114 1133 1381 1079 0 629 880 993 1145 
484 836 516 867 758 999 630 0 1223 936 1431 
1186 713 1780 1391 2063 811 885 1293 0 884 720 
809 778 1344 973 1596 369 954 836 761 0 848 
1403 1080 2053 1017 2293 582 1223 1561 759 912 0 
0 735 1035 834 1331 804 767 514 1130 826 1274 
750 0 1296 992 1567 821 533 791 616 680 893 
562 864 0 974 764 1069 672 182 1289 947 1441 
808 1045 1377 0 1648 807 1166 872 1438 1021 1033 
1273 1610 718 1637 0 1804 1373 900 1998 1689 2186 
802 878 1478 800 1749 0 1048 966 739 396 627 
711 547 1131 1113 1417 1082 0 630 845 947 1094 
498 800 530 899 771 982 608 0 1208 888 1349 
1189 739 1743 1376 2020 738 937 1231 0 885 727 
898 845 1442 1056 1713 369 1027 930 778 0 829 
1415 1412 2017 1047 2311 591 1508 1497 739 900 0 
0 770 980 815 1320 850 704 512 1105 889 1298 
760 0 1319 1021 1581 847 507 826 599 771 854 
571 926 0 994 863 1112 624 178 1254 1049 1468 
775 1033 1319 0 1581 745 1150 823 1396 1146 939 
1305 1698 700 1714 0 1803 1393 878 2091 1783 2178 
834 984 1589 773 1891 0 1136 1043 725 430 587 
725 549 1086 1152 1367 1154 0 607 824 1049 1071 
543 893 547 960 926 1081 596 0 1254 1049 1468 
1283 762 1939 1478 2210 791 970 1378 0 874 664 
869 865 1465 1100 1727 391 1049 919 792 0 882 
1335 1410 1963 1036 2221 606 1493 1415 714 932 0 
0 894 1226 837 1483 959 682 643 1274 843 1418 
888 0 1549 1099 1826 1004 513 1013 568 761 892 
786 1233 0 1175 799 1331 804 153 1634 1270 1778 
782 1291 1531 0 1788 733 1203 1012 1460 1072 1036 
1755 2139 872 2220 0 2265 1707 1080 2483 2166 2650 
933 985 1674 711 1948 0 1128 1146 771 427 647 
753 528 1218 1268 1475 1222 0 851 996 1100 1234 
721 1131 594 1123 926 1282 739 0 1532 1183 1726 
1237 658 1979 1448 2226 839 876 1417 0 860 663 
956 822 1562 1067 1826 501 978 1034 872 0 953 
1362 941 2200 963 2455 596 1065 1640 722 878 0 
0 815 1250 832 1465 805 635 731 1215 876 1329 
820 0 1506 1102 1721 947 459 928 527 837 1085 
832 1130 0 1221 755 1314 705 194 1557 1373 1806 
784 1344 1620 0 1836 683 1128 1044 1399 1038 892 
1637 2004 888 2053 0 2152 1613 1067 2319 2127 2524 
869 908 1637 674 1891 0 1014 1064 734 376 498 
715 473 1239 1268 1439 1207 0 806 877 1114 1272 
746 1062 547 1127 793 1209 641 0 1477 1239 1717 
1195 582 1846 1396 2060 759 802 1278 0 805 616 
880 770 1545 988 1760 400 863 981 726 0 730 
1268 967 2120 915 2316 524 1001 1515 622 783 0 
0 740 894 704 1155 759 572 415 1077 708 1190 
646 0 1208 849 1426 723 417 699 506 575 798 
499 938 0 849 764 950 600 148 1254 936 1341 
709 1079 1243 0 1481 559 1054 762 1062 839 833 
1180 1524 705 1557 0 1660 1325 853 1859 1601 2042 
765 737 1377 583 1615 0 871 915 566 280 542 
563 413 1054 1007 1286 935 0 563 774 770 1051 
437 864 506 787 782 887 538 0 1225 871 1317 
1033 516 1544 1172 1782 606 757 1074 0 640 559 
710 630 1267 844 1505 307 764 780 640 0 681 
1174 1053 1723 811 2021 498 1210 1253 596 666 0 
0 586 834 692 1104 648 538 400 914 609 1131 
577 0 1131 847 1393 673 412 688 502 510 748 
461 777 0 852 709 911 572 142 1104 811 1294 
674 923 1198 0 1457 585 1013 753 1103 853 803 
1092 1437 633 1475 0 1522 1205 775 1772 1444 1996 
648 718 1288 623 1547 0 853 850 557 280 498 
539 413 1022 1035 1297 902 0 585 715 748 938 
408 724 461 799 709 857 519 0 1062 758 1263 
965 506 1500 1117 1759 557 753 1066 0 661 559 
631 595 1198 853 1437 303 735 734 640 0 666 
1133 843 1644 793 1925 498 941 1210 588 687 0 
0 569 821 787 1093 689 538 389 914 604 1126 
552 0 1122 932 1359 633 412 678 502 511 753 
455 757 0 932 709 903 575 142 1104 812 1315 
641 883 1194 0 1401 552 977 712 1062 825 784 
1099 1375 633 1462 0 1502 1223 775 1706 1458 1917 
644 707 1274 564 1520 0 854 835 557 280 498 
539 413 970 1059 1219 867 0 536 717 745 933 
402 704 459 884 707 849 522 0 1062 759 1254 
942 506 1492 1059 1738 557 749 1058 0 640 564 
625 584 1200 840 1401 279 737 717 667 0 692 
1144 839 1641 831 1923 498 936 1207 588 677 0 
