25
15
3600
0
1167
960
1381
1415
1320
1467
920
1381
1152
1451
1424
1060
1458
1210
1437
1475
1275
946
1166
1387
1385
1128
1261
1298
0 1178 685 633 1018 809 418 982 1301 304 1330 731 488 1020 823 141 1233 744 934 1140 1162 470 499 597 710 
1177 0 611 675 479 691 870 1770 1362 911 413 1556 1307 1845 775 1042 2106 843 417 860 880 976 1134 808 616 
738 628 0 629 632 410 592 1256 1254 546 913 1014 763 1316 727 608 1555 765 315 754 774 693 767 665 229 
567 721 609 0 589 425 244 1165 926 379 894 916 658 1184 355 432 1399 168 598 705 727 304 526 210 447 
1005 575 609 512 0 528 707 1598 1141 747 551 1360 1111 1656 612 867 1917 680 393 609 629 808 979 645 453 
814 663 389 409 531 0 562 1418 1149 543 836 1188 939 1484 509 679 1723 577 483 690 710 663 816 542 183 
426 847 613 290 715 551 0 1091 1076 309 1020 831 588 1109 506 323 1324 401 724 856 878 139 304 285 499 
980 1742 1247 1161 1595 1419 1075 0 1868 847 1895 612 818 1184 1397 854 1377 1271 1548 1742 1762 1176 1210 1155 1343 
1270 1483 1344 978 1195 1160 971 1863 0 1082 1567 1649 1400 1947 715 1135 2196 931 1345 626 674 1016 1107 810 1182 
440 878 446 352 746 570 243 1071 1076 0 1085 804 561 1090 559 335 1299 463 692 896 918 344 462 316 471 
1348 462 921 859 551 875 1056 1971 1477 1094 0 1727 1478 2003 959 1213 2269 1039 726 1024 1044 1157 1310 999 800 
412 1178 692 619 1018 837 510 871 1296 291 1330 0 380 901 826 299 1115 730 959 1167 1189 601 630 583 738 
655 1417 936 862 1270 1089 753 545 1533 534 1569 243 0 784 1069 542 1001 1006 1202 1412 1434 844 873 826 986 
980 1742 1271 1161 1595 1419 1075 1166 1868 853 1895 854 611 0 1397 861 394 1271 1564 1742 1762 1176 1210 1155 1343 
824 818 706 389 629 522 523 1433 721 553 991 1188 939 1484 0 689 1723 350 695 402 424 506 657 243 544 
141 1021 562 510 881 686 295 885 1208 171 1196 639 396 935 700 0 1145 621 808 1015 1037 347 376 474 587 
1179 1950 1455 1365 1799 1607 1279 1380 2108 1061 2109 1055 810 395 1601 1066 0 1475 1729 1936 1958 1368 1397 1359 1508 
808 919 806 258 786 622 441 1409 968 620 1097 1149 899 1460 346 673 1723 0 795 696 718 416 654 255 644 
980 450 302 636 430 527 820 1551 1309 783 734 1320 1071 1609 736 836 1868 804 0 810 830 921 1021 769 385 
1148 1069 868 713 709 722 906 1769 626 877 1028 1555 1306 1845 413 1013 2106 695 911 0 48 851 1006 588 706 
1177 1090 890 735 729 744 929 1770 674 899 1053 1556 1307 1845 435 1042 2106 717 940 48 0 873 1035 610 728 
497 956 722 294 822 658 139 1203 1076 418 1128 950 697 1280 462 394 1499 371 831 812 834 0 238 273 608 
503 1127 808 532 971 806 304 1203 1208 544 1279 958 712 1280 660 400 1499 609 979 1010 1032 238 0 417 754 
619 913 735 295 781 617 324 1213 782 431 1097 953 710 1280 245 484 1499 259 790 595 617 315 414 0 639 
759 641 229 488 509 183 494 1365 1141 488 814 1118 855 1419 577 624 1650 615 340 613 633 595 748 583 0 
0 1267 700 739 1109 824 418 1017 1514 304 1463 783 528 1098 838 141 1398 926 954 1226 1244 470 501 700 725 
1331 0 611 765 559 820 1075 2108 1472 1112 449 1668 1392 2144 916 1171 2434 1062 417 971 991 1149 1379 1002 715 
740 628 0 615 632 410 633 1359 1270 546 932 1033 771 1453 727 626 1658 1015 315 770 790 752 795 783 229 
685 929 765 0 795 603 317 1346 968 513 1150 1016 753 1435 536 549 1640 375 806 895 918 342 571 228 619 
1138 576 611 514 0 569 831 1862 1141 817 551 1469 1193 1905 628 957 2235 889 395 614 634 856 1087 742 464 
825 684 389 365 554 0 653 1593 1207 555 891 1215 939 1597 509 689 1905 740 486 692 714 707 878 593 183 
475 1102 648 388 934 663 0 1187 1081 393 1298 888 633 1255 589 371 1494 506 875 1028 1046 149 325 351 573 
992 1935 1312 1351 1787 1504 1147 0 2132 851 2144 632 836 1300 1543 855 1574 1495 1578 1856 1881 1199 1287 1334 1355 
1524 1487 1301 999 1160 1221 1134 2338 0 1266 1573 1920 1625 2469 715 1388 2778 1041 1330 626 674 1044 1153 819 1123 
478 997 446 485 851 570 289 1113 1208 0 1220 833 578 1183 584 374 1452 705 692 912 935 408 474 439 471 
1565 474 929 928 593 978 1232 2338 1530 1266 0 1920 1626 2469 1080 1405 2778 1132 730 1024 1044 1289 1536 1206 865 
431 1311 704 778 1154 863 567 887 1549 314 1507 0 404 954 877 317 1224 1015 1001 1267 1285 619 650 732 764 
686 1577 963 1039 1507 1181 822 606 1795 569 1847 255 0 823 1241 572 1052 1217 1246 1522 1540 874 915 1002 1022 
1036 1935 1330 1382 1825 1504 1193 1290 2153 886 2192 865 610 0 1564 889 394 1516 1578 1877 1887 1245 1333 1355 1355 
846 942 768 343 656 596 580 1612 721 576 1073 1234 958 1634 0 710 1923 461 823 417 439 555 710 272 585 
142 1143 577 616 996 701 295 895 1306 171 1352 692 437 990 715 0 1296 797 823 1101 1119 347 378 577 602 
1256 2155 1547 1598 2065 1721 1385 1478 2372 1110 2404 1102 821 395 1780 1108 0 1732 1795 2093 2103 1437 1525 1571 1572 
918 1136 932 224 971 765 481 1647 1076 737 1332 1269 993 1647 480 773 1982 0 970 839 861 437 727 309 781 
1036 450 302 636 430 527 861 1731 1329 795 737 1353 1077 1722 780 867 2089 1019 0 826 846 987 1048 864 385 
1237 913 731 636 627 665 948 1956 626 900 993 1558 1282 2026 413 1057 2320 806 778 0 48 900 1096 617 560 
1242 929 751 656 647 685 973 1979 674 922 1022 1579 1303 2051 435 1071 2360 828 798 48 0 925 1105 639 580 
590 1214 762 340 1049 777 142 1346 1208 507 1410 1016 747 1429 589 486 1634 450 990 966 981 0 290 340 687 
566 1346 862 585 1189 927 306 1393 1232 625 1542 1075 808 1455 794 462 1766 695 1111 1161 1179 245 0 432 833 
786 1195 869 344 1004 842 418 1518 800 614 1391 1143 854 1520 362 650 1793 368 1049 668 690 365 438 0 810 
770 651 229 444 515 183 585 1518 1141 500 858 1143 864 1523 577 634 1793 819 343 629 649 704 816 672 0 
0 1527 1006 799 1372 1099 556 1212 1608 475 1756 860 555 1377 1087 201 1762 985 1248 1531 1575 620 596 772 992 
1420 0 665 997 683 1047 1294 2157 1694 1175 593 1761 1467 2306 1179 1277 2632 1223 417 1189 1226 1369 1441 1248 820 
850 697 0 758 714 480 734 1529 1480 620 1019 1173 868 1653 974 692 2037 949 338 924 949 834 810 731 278 
893 1132 1029 0 949 713 389 1529 1201 638 1361 1173 871 1653 500 695 2037 230 940 1040 1071 374 683 253 831 
1443 636 696 617 0 690 1027 2157 1303 1135 649 1766 1472 2306 860 1282 2632 847 426 746 775 993 1282 849 615 
1089 841 553 519 703 0 908 1767 1440 785 1116 1411 1117 1906 762 957 2265 749 623 891 919 893 1065 751 238 
605 1296 964 416 1120 874 0 1414 1247 501 1525 1039 734 1569 710 489 1950 566 1119 1250 1294 180 364 389 865 
1319 2243 1707 1589 2118 1870 1461 0 2386 1116 2497 803 1037 1605 1841 1170 1972 1760 2048 2241 2284 1525 1525 1500 1790 
1645 1902 1758 1221 1458 1549 1232 2315 0 1403 1809 1942 1655 2490 832 1465 2817 1277 1744 707 760 1268 1290 948 1517 
548 1211 646 421 1063 758 397 1341 1247 0 1440 976 669 1465 765 432 1867 595 873 1187 1231 532 508 394 654 
1857 533 1055 1018 639 1071 1401 2502 1694 1492 0 2131 1858 2615 1240 1662 2962 1244 817 1189 1226 1390 1679 1269 987 
459 1507 885 703 1352 1057 620 1046 1504 317 1736 0 404 1202 1052 304 1586 877 1188 1489 1533 684 660 676 945 
764 1728 1240 1037 1573 1345 989 650 1810 622 1969 305 0 1152 1332 609 1496 1208 1566 1764 1806 996 979 982 1273 
1262 2188 1641 1530 2067 1806 1402 1414 2329 1057 2442 1051 761 0 1789 1113 464 1701 1989 2199 2242 1468 1468 1441 1731 
1347 1392 1301 535 978 955 775 2086 961 1042 1609 1665 1371 2176 0 1181 2506 624 1230 642 663 729 938 436 1060 
224 1392 828 653 1237 955 410 1166 1433 274 1621 775 470 1269 941 0 1645 827 1058 1378 1422 474 450 626 836 
1442 2371 1845 1712 2246 1999 1584 1589 2493 1239 2625 1233 939 396 1955 1293 0 1860 2198 2371 2423 1648 1648 1623 1890 
1138 1320 1228 249 1163 898 574 1777 1276 887 1549 1421 1127 1917 580 966 2265 0 1150 1111 1155 553 872 405 999 
1089 496 356 792 492 665 990 1767 1507 865 807 1411 1117 1906 1052 957 2265 1055 0 993 1027 1078 1065 971 490 
1615 1439 1355 879 917 1062 1157 2315 715 1288 1256 1951 1662 2490 531 1472 2817 1072 1277 0 91 1097 1331 824 1114 
1650 1500 1355 925 960 1084 1190 2370 763 1323 1329 1984 1697 2512 562 1507 2840 1096 1338 48 0 1130 1366 855 1114 
701 1450 1177 389 1295 1047 191 1516 1323 681 1679 1160 865 1653 668 585 2037 524 1288 1201 1245 0 319 391 1058 
663 1622 1188 697 1467 1244 357 1480 1409 713 1871 1130 827 1605 917 547 1972 832 1447 1473 1517 308 0 542 1162 
988 1325 1188 340 1171 933 469 1641 926 726 1554 1287 993 1738 377 783 2120 409 1160 897 950 423 485 0 1009 
945 744 325 594 606 212 803 1589 1303 689 993 1233 939 1729 837 761 2118 824 413 749 778 930 879 800 0 
0 1508 909 785 1373 1103 694 1247 1599 477 1760 851 588 1272 1123 276 1532 891 1128 1442 1469 777 724 790 955 
1548 0 751 830 652 934 1150 2217 1712 1152 584 1823 1552 2276 1098 1291 2509 1048 462 1102 1129 1159 1442 1046 802 
976 827 0 742 867 498 763 1614 1575 656 1181 1226 958 1579 930 777 1886 890 389 956 978 905 979 789 321 
699 967 770 0 793 549 318 1393 1129 475 1181 986 716 1390 480 547 1650 182 790 911 953 371 647 234 539 
1325 736 817 614 0 704 906 2021 1315 938 747 1597 1329 1983 820 1068 2246 796 519 712 759 992 1253 818 586 
1068 810 548 381 655 0 669 1701 1359 656 1041 1313 1045 1671 605 851 1963 563 612 773 820 752 1015 585 240 
620 1100 777 373 970 710 0 1356 1225 451 1368 958 692 1370 646 473 1630 473 964 1078 1105 158 354 378 700 
1289 2043 1556 1365 1896 1695 1324 0 2197 1020 2332 706 939 1410 1654 1087 1670 1508 1834 2025 2093 1452 1486 1327 1599 
1715 1737 1516 1267 1419 1448 1317 2383 0 1388 1884 1992 1719 2416 911 1458 2649 1311 1531 781 849 1339 1441 1107 1308 
531 1083 527 354 952 691 333 1265 1210 0 1339 859 596 1341 705 384 1601 460 758 1063 1090 476 563 359 546 
1732 632 1159 1031 825 1140 1366 2420 1907 1336 0 2009 1747 2416 1289 1486 2649 1246 843 1292 1319 1341 1624 1223 1036 
468 1370 807 634 1241 995 613 1037 1447 306 1622 0 382 1061 984 301 1400 740 1043 1334 1361 756 719 639 826 
731 1638 1065 897 1503 1271 876 631 1725 569 1884 263 0 953 1253 564 1300 1034 1340 1596 1623 1002 1007 926 1116 
1250 2043 1549 1358 1894 1688 1317 1427 2197 1013 2332 1015 730 0 1647 1039 490 1501 1834 2021 2089 1414 1438 1320 1592 
1103 1100 949 423 931 707 692 1736 890 682 1368 1348 1080 1706 0 877 1991 486 949 623 674 638 825 342 697 
220 1265 670 547 1104 848 456 1103 1385 240 1517 718 455 1138 848 0 1451 653 911 1213 1240 539 486 552 689 
1475 2237 1773 1582 2118 1902 1541 1620 2450 1237 2528 1232 964 431 1899 1264 0 1725 2064 2263 2331 1639 1663 1544 1826 
1012 1108 962 253 983 720 515 1649 1246 728 1400 1261 993 1598 514 800 1894 0 985 998 1006 495 801 336 710 
1249 550 397 724 556 647 1016 1888 1598 920 883 1499 1231 1894 966 1010 2146 917 0 986 1008 1058 1219 926 514 
1456 1154 954 762 801 817 1092 2139 731 1060 1355 1740 1472 2166 538 1211 2367 896 974 0 68 1049 1261 752 699 
1512 1202 1033 794 833 849 1118 2191 796 1116 1390 1795 1527 2209 603 1266 2435 994 1008 65 0 1072 1304 817 731 
707 1225 915 334 1063 801 143 1482 1292 585 1477 1095 826 1483 579 560 1743 406 1043 1061 1069 0 306 323 791 
652 1508 987 630 1373 1116 380 1482 1385 684 1760 1074 804 1483 861 505 1743 702 1232 1339 1347 296 0 515 985 
774 1129 876 336 997 732 393 1473 968 550 1400 1071 791 1483 348 622 1743 309 996 830 881 393 483 0 722 
969 770 375 481 615 208 754 1595 1290 631 998 1207 939 1579 705 768 1886 663 436 690 737 852 949 685 0 
0 1357 869 793 1235 1015 547 1238 1572 423 1610 888 616 1221 1021 239 1546 959 1139 1430 1476 580 671 708 884 
1465 0 840 779 606 856 1055 2085 1598 1089 580 1704 1436 2050 1012 1236 2276 1014 492 1082 1128 1124 1366 972 787 
1011 842 0 721 863 501 779 1619 1477 663 1235 1285 1017 1583 934 769 1926 1014 442 966 1034 878 979 792 309 
770 853 740 0 745 522 312 1405 1018 444 1120 1067 799 1423 502 535 1755 245 707 873 891 314 593 204 523 
1260 719 821 596 0 673 897 1901 1290 885 721 1541 1273 1843 831 1073 2121 841 517 743 761 921 1168 789 604 
1071 811 546 441 703 0 742 1698 1391 664 1072 1364 1096 1662 676 847 2022 686 664 831 849 755 1034 634 233 
638 1039 823 401 919 707 0 1399 1248 428 1324 1036 770 1339 634 441 1671 484 892 1082 1128 145 377 367 708 
1297 1970 1524 1345 1865 1653 1266 0 2137 1010 2242 689 900 1287 1659 1092 1619 1475 1785 2032 2060 1349 1431 1311 1542 
1534 1759 1575 1163 1434 1452 1124 2155 0 1221 1970 1773 1505 2135 859 1305 2327 1196 1597 735 793 1158 1252 958 1356 
581 1017 532 414 892 669 316 1292 1245 0 1272 950 666 1287 667 384 1619 580 814 1082 1128 419 544 329 547 
1720 662 1257 1043 800 1135 1310 2374 1767 1336 0 1968 1691 2386 1293 1491 2571 1248 915 1297 1343 1378 1621 1228 1075 
564 1280 812 694 1143 949 596 1024 1485 307 1533 0 451 1053 945 354 1383 860 1107 1359 1405 646 737 609 827 
836 1567 1127 974 1433 1219 868 644 1765 579 1826 272 0 915 1223 626 1225 1104 1388 1614 1660 923 1021 881 1140 
1244 1941 1497 1318 1848 1626 1239 1411 2113 983 2218 982 710 0 1632 1040 469 1448 1758 2032 2060 1322 1378 1284 1515 
1071 1017 905 408 906 685 668 1677 911 649 1294 1355 1087 1653 0 832 1997 540 870 633 649 607 842 410 686 
255 1139 655 579 1017 802 333 1101 1364 227 1398 737 465 1071 817 0 1383 745 941 1218 1264 366 457 494 670 
1493 2181 1756 1577 2108 1907 1498 1633 2325 1242 2467 1255 987 497 1881 1289 0 1707 2019 2256 2284 1581 1627 1543 1774 
1071 1024 928 263 912 700 513 1642 1286 707 1294 1343 1075 1641 536 798 1987 0 885 1009 1042 461 740 375 701 
1243 566 459 705 544 620 1000 1855 1524 911 963 1491 1223 1789 928 1004 2105 959 0 1001 1054 1029 1207 898 525 
1446 1304 1188 846 945 876 1117 2078 824 1048 1432 1692 1424 2026 565 1224 2276 989 1125 0 58 1056 1296 843 969 
1446 1304 1188 846 945 876 1117 2078 839 1048 1446 1692 1424 2026 565 1224 2276 989 1125 58 0 1056 1296 843 969 
674 1139 945 366 1017 803 152 1437 1248 534 1398 1073 806 1423 586 477 1755 436 992 1057 1090 0 279 343 804 
727 1357 1047 672 1235 1015 348 1481 1377 657 1610 1135 859 1434 850 530 1766 742 1195 1352 1385 306 0 512 1029 
836 1024 905 324 912 698 370 1481 898 510 1294 1135 865 1434 340 601 1766 318 883 828 844 309 432 0 699 
990 806 350 551 693 192 769 1611 1332 622 1072 1293 1025 1591 781 759 1949 796 460 784 802 865 979 744 0 
0 1432 980 759 1303 1062 578 1256 1594 395 1643 916 625 1343 1079 281 1475 927 1224 1450 1479 649 694 763 968 
1415 0 794 800 587 899 1084 2154 1646 1088 511 1787 1488 2070 1065 1265 2350 1012 482 1087 1122 1163 1365 987 758 
874 798 0 690 831 510 659 1541 1518 570 1074 1167 851 1559 816 643 1698 884 367 1003 1038 792 839 725 315 
763 955 825 0 750 545 316 1405 1076 443 1144 1047 724 1440 497 516 1579 221 731 931 975 322 566 229 532 
1224 787 823 618 0 717 908 1961 1352 939 749 1599 1300 1935 816 1077 2160 839 483 774 799 952 1173 815 576 
1001 900 562 447 709 0 733 1726 1410 736 1115 1345 1046 1751 645 830 1887 668 648 885 912 769 1006 644 227 
559 1104 818 282 912 704 0 1317 1208 404 1288 962 676 1416 579 359 1555 445 890 1087 1122 140 323 356 691 
1196 1957 1533 1327 1865 1643 1249 0 2114 985 2189 748 1009 1488 1661 1058 1627 1421 1747 2016 2029 1333 1441 1292 1493 
1560 1697 1505 1137 1353 1372 1164 2271 0 1305 1809 1888 1598 2168 873 1375 2461 1166 1542 729 771 1179 1272 972 1262 
563 1104 559 364 912 708 302 1214 1208 0 1321 849 571 1260 621 363 1433 527 825 1087 1122 435 528 368 569 
1675 669 1189 1063 737 1121 1343 2402 1884 1348 0 2052 1748 2305 1305 1525 2598 1233 867 1297 1332 1367 1605 1249 1011 
555 1348 823 628 1185 993 566 978 1397 302 1559 0 384 1044 885 334 1250 791 1108 1368 1403 651 696 632 833 
833 1590 1175 952 1461 1260 844 649 1712 580 1802 278 0 972 1266 612 1120 1046 1389 1619 1654 931 979 901 1128 
1184 1957 1523 1317 1856 1633 1239 1447 2114 975 2189 1047 724 0 1651 1046 439 1411 1737 1988 2001 1323 1429 1282 1483 
978 1087 978 401 885 695 617 1700 862 656 1288 1318 1019 1724 0 800 1868 450 881 596 607 548 747 315 682 
266 1218 691 536 1046 840 332 1027 1332 206 1429 702 424 1073 793 0 1266 699 959 1239 1274 403 448 540 701 
1419 2196 1769 1563 2073 1915 1485 1620 2356 1221 2451 1238 939 465 1891 1281 0 1657 1982 2248 2261 1569 1664 1528 1729 
946 1087 978 194 881 676 447 1603 1208 637 1276 1238 939 1634 502 710 1773 0 862 954 983 408 652 317 663 
1079 572 429 792 545 700 926 1792 1604 835 861 1427 1128 1835 1065 924 1993 1012 0 1070 1105 1045 1166 984 557 
1390 1190 1005 788 794 853 1067 2153 703 1088 1313 1762 1463 2061 595 1240 2324 927 997 0 65 1027 1230 785 712 
1466 1250 1047 863 869 930 1129 2196 788 1139 1354 1866 1539 2168 669 1316 2461 1017 1076 85 0 1089 1309 859 787 
626 1163 894 315 985 780 139 1405 1214 480 1367 1051 743 1467 613 426 1606 416 987 1062 1091 0 244 325 767 
616 1389 921 560 1248 1007 304 1405 1301 545 1600 1047 733 1447 858 416 1586 661 1220 1327 1356 245 0 498 945 
831 1133 980 296 919 735 386 1472 926 511 1355 1102 792 1559 398 584 1698 312 940 844 855 342 432 0 722 
937 817 359 499 626 212 704 1577 1315 615 1012 1195 896 1634 697 688 1773 720 498 743 768 821 884 696 0 
0 1301 834 735 1195 994 537 1125 1543 390 1617 831 552 1129 1045 234 1419 856 1083 1342 1366 615 604 721 879 
1431 0 753 788 616 928 1025 2101 1582 1093 561 1713 1459 2131 1035 1209 2403 1006 469 1044 1064 1142 1293 971 809 
877 710 0 713 759 505 666 1541 1451 620 1131 1193 939 1547 936 686 1875 876 350 929 959 781 849 741 288 
633 829 713 0 684 516 260 1248 968 365 1112 950 666 1266 518 431 1580 170 661 861 906 357 560 196 544 
1245 739 814 619 0 754 859 1934 1258 922 695 1554 1300 1916 825 1023 2250 789 504 720 764 988 1160 795 640 
1035 836 526 531 691 0 771 1711 1364 690 1123 1355 1101 1718 759 850 2052 701 607 842 886 886 1021 707 222 
553 956 681 323 803 635 0 1208 1076 333 1239 916 634 1204 605 399 1512 444 780 986 1006 145 304 309 663 
1159 1890 1457 1303 1774 1610 1198 0 2108 976 2155 752 958 1340 1602 1003 1654 1416 1732 1941 1951 1315 1366 1281 1452 
1455 1621 1460 1093 1321 1389 1049 2125 0 1204 1850 1737 1483 2131 798 1233 2422 1163 1502 678 732 1149 1217 904 1298 
523 984 503 359 839 671 270 1172 1208 0 1272 881 602 1161 654 367 1470 480 737 1044 1064 385 495 345 548 
1681 614 1148 1049 734 1172 1295 2348 1773 1343 0 1991 1729 2406 1273 1479 2709 1230 872 1235 1255 1395 1563 1240 1063 
481 1228 765 621 1120 950 532 951 1376 306 1544 0 410 1025 916 333 1279 742 1008 1276 1300 647 661 607 810 
760 1496 1074 900 1390 1233 811 623 1720 585 1832 279 0 915 1221 612 1152 1049 1349 1565 1585 933 949 886 1066 
1100 1813 1388 1234 1705 1541 1129 1319 2057 908 2090 928 649 0 1533 944 408 1347 1663 1893 1906 1246 1300 1212 1383 
992 985 917 383 844 683 616 1670 847 655 1284 1288 1034 1651 0 794 1983 474 828 612 653 653 823 379 711 
208 1100 631 532 985 808 334 1027 1301 209 1416 705 426 1040 827 0 1304 653 865 1177 1201 412 401 518 676 
1392 2134 1701 1547 2021 1865 1442 1619 2352 1220 2411 1199 945 409 1873 1236 0 1660 1975 2212 2234 1559 1599 1525 1696 
809 956 861 176 802 634 436 1473 1208 541 1239 1101 842 1438 527 607 1752 0 779 986 1006 473 722 333 662 
1188 494 396 722 511 679 961 1921 1451 912 864 1508 1254 1876 959 972 2198 892 0 949 979 1071 1148 898 548 
1359 1040 891 720 755 819 961 2037 738 1022 1302 1641 1387 2031 533 1137 2327 890 887 0 54 1071 1229 827 692 
1402 1092 950 759 794 858 1023 2084 800 1064 1353 1687 1433 2088 593 1183 2379 940 940 84 0 1132 1291 887 731 
634 1040 791 333 918 745 148 1355 1208 443 1345 1026 744 1289 701 497 1603 454 890 1098 1118 0 249 369 773 
608 1228 909 582 1132 950 323 1383 1273 596 1544 1064 780 1340 849 471 1654 703 1101 1271 1295 249 0 443 978 
713 1021 793 266 859 691 340 1355 831 445 1284 1026 746 1295 408 511 1609 290 836 887 929 346 444 0 719 
893 737 316 507 577 217 649 1554 1258 562 988 1193 939 1569 735 702 1901 677 469 720 764 764 865 683 0 
0 1311 870 704 1175 988 552 1156 1540 408 1605 848 576 1245 1020 191 1471 879 1135 1402 1424 569 610 683 852 
1426 0 718 744 531 840 1079 2168 1563 1047 557 1827 1540 2147 967 1226 2390 1006 435 1084 1106 1078 1315 935 780 
991 746 0 760 798 553 789 1577 1563 706 1185 1271 993 1650 964 743 1856 1006 382 1017 1039 887 979 818 327 
732 857 747 0 707 532 319 1332 1105 457 1156 1018 742 1405 522 494 1616 230 689 913 936 305 558 214 596 
1299 708 786 599 0 695 896 2014 1295 900 734 1661 1383 2024 814 1069 2253 829 471 718 753 905 1171 788 635 
1098 819 558 446 669 0 743 1728 1400 738 1129 1422 1144 1850 659 872 2017 676 634 869 909 751 1032 635 261 
591 1001 812 325 842 667 0 1228 1210 384 1271 950 669 1341 661 416 1587 487 824 1084 1106 146 313 315 731 
1318 2099 1608 1419 1953 1721 1390 0 2251 1079 2367 790 1014 1535 1732 1141 1727 1525 1881 2133 2181 1482 1517 1405 1622 
1689 1721 1579 1195 1418 1462 1225 2467 0 1392 1930 2116 1839 2441 874 1552 2691 1266 1574 729 769 1215 1301 1016 1321 
581 1044 593 372 878 703 322 1179 1237 0 1330 878 606 1295 692 358 1482 547 846 1096 1118 420 558 351 575 
1713 658 1135 1059 791 1146 1386 2469 1811 1334 0 2116 1839 2418 1276 1512 2668 1227 867 1301 1323 1391 1641 1242 1005 
522 1305 846 638 1150 988 588 997 1461 310 1599 0 402 1096 965 326 1296 813 1123 1369 1391 660 701 617 841 
794 1560 1098 933 1424 1242 860 635 1769 582 1847 272 0 1071 1219 598 1177 1039 1374 1617 1639 933 979 889 1136 
1202 2012 1516 1327 1870 1629 1298 1433 2161 987 2294 981 702 0 1640 1025 511 1433 1777 2010 2058 1388 1401 1313 1530 
964 942 849 369 803 634 645 1588 863 599 1237 1271 993 1662 0 733 1856 516 791 550 572 589 797 350 698 
243 1165 716 550 1018 841 398 1025 1350 217 1459 722 450 1144 815 0 1350 725 981 1230 1272 415 456 529 698 
1533 2337 1835 1648 2221 1950 1619 1714 2434 1308 2605 1309 1031 424 1993 1356 0 1754 2087 2329 2377 1711 1732 1634 1836 
985 1044 948 243 890 715 502 1588 1274 700 1354 1271 993 1675 594 737 1867 0 872 1089 1128 451 704 388 779 
1230 492 404 714 494 666 1039 1851 1529 947 940 1507 1229 1908 936 984 2121 940 0 1001 1023 1037 1213 927 541 
1381 1061 872 720 753 781 1039 2091 711 1000 1262 1748 1470 2081 536 1156 2323 940 911 0 60 1037 1233 781 721 
1389 1111 917 759 792 820 1079 2115 768 1010 1321 1778 1500 2099 555 1186 2349 1006 949 57 0 1072 1247 800 760 
681 1119 930 331 976 801 180 1425 1237 531 1412 1102 816 1489 648 506 1727 430 965 1131 1173 0 253 334 865 
648 1273 968 588 1148 959 347 1375 1350 606 1567 1066 796 1489 875 473 1727 687 1134 1347 1389 257 0 490 972 
795 1044 918 301 897 722 375 1390 877 520 1354 1102 805 1489 385 557 1727 327 879 825 847 319 447 0 786 
932 772 326 538 622 228 714 1552 1349 562 1070 1223 945 1631 753 696 1825 768 453 779 814 812 919 727 0 
0 1476 974 800 1322 1119 654 1263 1636 436 1731 923 654 1447 1106 279 1543 946 1182 1515 1536 714 694 783 924 
1473 0 747 783 585 869 1097 2131 1591 1116 519 1755 1487 2165 1007 1229 2385 1015 470 1063 1128 1167 1398 968 801 
1025 702 0 719 792 540 776 1631 1476 688 1109 1262 994 1713 966 767 1809 927 357 964 1030 897 979 824 342 
777 856 811 0 759 548 295 1414 1096 465 1199 1042 781 1514 476 540 1610 201 769 883 946 341 589 214 606 
1349 693 856 665 0 751 931 2042 1303 976 660 1641 1373 2021 882 1115 2272 866 557 762 802 1054 1231 848 683 
1043 757 603 427 660 0 691 1665 1394 620 1109 1296 1028 1768 644 786 1868 628 670 821 864 768 979 610 274 
527 1091 836 380 953 724 0 1292 1228 417 1340 950 685 1447 651 345 1543 517 949 1120 1136 139 315 379 782 
1309 2064 1551 1398 1969 1760 1406 0 2229 1059 2309 736 983 1494 1743 1098 1590 1530 1799 2140 2165 1452 1454 1384 1589 
1599 1758 1588 1163 1453 1428 1215 2251 0 1312 1890 1858 1589 2229 848 1331 2497 1255 1612 681 741 1262 1332 1001 1360 
552 1069 571 374 933 689 309 1253 1228 0 1340 889 624 1381 703 370 1453 511 802 1096 1119 430 534 357 555 
1761 590 1190 1071 773 1192 1364 2430 1861 1383 0 2040 1768 2420 1301 1510 2688 1261 889 1326 1391 1443 1683 1256 1034 
530 1337 839 642 1183 1011 577 1020 1459 306 1592 0 403 1085 1007 333 1259 779 1075 1391 1407 698 689 625 823 
795 1599 1100 929 1445 1269 842 625 1760 571 1846 265 0 960 1261 598 1145 1061 1326 1638 1703 998 979 890 1082 
1254 2042 1542 1359 1932 1721 1356 1396 2191 1020 2287 997 727 0 1704 1043 449 1491 1760 2072 2097 1397 1399 1345 1550 
1074 1086 975 434 826 709 652 1718 865 655 1340 1349 1081 1815 0 821 1936 524 940 509 552 591 794 354 767 
244 1199 702 553 1067 820 407 1054 1386 214 1454 720 455 1158 834 0 1303 690 934 1255 1271 467 447 536 686 
1495 2291 1768 1586 2117 1963 1594 1627 2381 1247 2536 1258 990 450 1958 1284 0 1718 1998 2287 2312 1638 1640 1572 1777 
1025 1069 966 224 931 701 450 1656 1228 689 1340 1287 1019 1759 501 764 1856 0 940 920 962 461 726 342 759 
1239 482 385 711 513 677 1019 1896 1476 915 846 1504 1236 1896 966 990 2144 917 0 950 1014 1095 1204 894 516 
1494 1368 1180 884 944 981 1105 2146 713 1116 1320 1776 1508 2165 603 1250 2409 1015 1218 0 75 1095 1311 822 957 
1494 1382 1188 891 961 988 1116 2146 752 1116 1356 1776 1508 2165 610 1250 2409 1015 1226 55 0 1106 1323 829 984 
601 1190 958 344 1034 821 139 1402 1228 522 1445 1025 759 1494 599 419 1590 481 1047 1030 1046 0 265 334 879 
611 1404 974 606 1250 1090 375 1402 1350 571 1659 1033 769 1499 844 429 1595 743 1192 1330 1346 262 0 480 930 
833 1086 958 301 948 715 351 1469 878 521 1340 1113 837 1585 371 596 1681 368 940 778 821 347 440 0 773 
1025 747 344 544 650 239 765 1656 1323 608 1109 1287 1019 1759 759 774 1856 745 476 780 820 885 979 727 0 
0 1523 893 834 1362 1129 646 1219 1624 464 1789 868 600 1335 1181 300 1534 962 1138 1533 1558 704 703 812 936 
1517 0 741 830 646 921 1169 2194 1620 1192 580 1898 1611 2207 1121 1339 2537 1171 479 1122 1189 1210 1454 1050 781 
932 704 0 723 743 548 781 1611 1449 646 1060 1239 958 1599 974 747 1798 927 333 941 1003 926 915 776 323 
778 963 784 0 772 538 332 1396 968 479 1175 1015 738 1481 530 530 1680 204 772 952 1009 372 631 216 565 
1318 741 790 628 0 717 960 2013 1263 950 704 1690 1409 2050 867 1137 2355 832 502 747 770 993 1219 816 579 
1073 843 529 469 672 0 791 1749 1359 677 1082 1377 1096 1732 708 876 1974 673 615 852 875 841 1055 657 209 
601 1149 759 377 941 705 0 1396 1180 450 1361 982 709 1402 728 418 1601 486 941 1122 1189 164 341 355 732 
1237 2166 1539 1427 2035 1777 1411 0 2210 1059 2462 718 939 1481 1786 1059 1680 1700 1776 2110 2120 1479 1445 1407 1591 
1630 1836 1558 1187 1422 1512 1226 2296 0 1352 1855 1963 1681 2315 890 1409 2657 1351 1610 749 783 1216 1293 974 1374 
605 1149 502 394 952 714 377 1300 1208 0 1361 923 653 1340 746 422 1539 535 745 1122 1189 511 543 372 552 
1756 604 1114 1076 757 1171 1410 2430 1849 1430 0 2129 1859 2452 1331 1578 2763 1407 878 1294 1361 1437 1667 1263 1038 
555 1414 777 669 1218 1021 636 1040 1460 312 1645 0 413 1069 1062 347 1302 810 1029 1399 1424 694 693 647 827 
823 1689 1067 956 1547 1268 916 614 1718 580 2006 268 0 979 1293 615 1184 1229 1304 1651 1676 963 985 930 1117 
1165 2117 1470 1358 1988 1708 1339 1414 2172 990 2413 973 701 0 1717 987 448 1631 1707 2029 2039 1407 1373 1338 1522 
1054 1149 932 447 945 716 674 1733 852 659 1361 1364 1083 1719 0 858 1950 464 952 595 606 637 845 361 743 
289 1298 644 585 1084 856 397 1085 1336 254 1517 733 465 1153 888 0 1368 726 887 1267 1329 455 454 563 694 
1440 2420 1744 1632 2253 1999 1614 1641 2429 1264 2732 1269 988 446 1995 1262 0 1918 2031 2312 2322 1682 1648 1612 1796 
1005 1127 946 227 929 695 489 1629 1208 706 1361 1274 993 1609 537 757 1809 0 941 996 1021 461 762 315 722 
1162 506 374 776 514 678 1017 1830 1506 858 858 1489 1208 1845 1062 963 2146 1115 0 991 1058 1124 1129 970 510 
1473 1469 1265 887 940 994 1197 2168 709 1147 1299 1850 1567 2205 601 1295 2516 1022 1247 0 73 1138 1331 858 1081 
1518 1500 1297 923 960 1021 1233 2194 772 1192 1299 1915 1612 2207 636 1340 2537 1115 1278 74 0 1174 1377 893 1113 
711 1306 908 390 1084 852 188 1509 1232 597 1517 1148 856 1504 717 528 1703 456 1092 1186 1211 0 301 385 879 
702 1536 932 691 1320 1104 364 1509 1324 679 1747 1148 850 1504 926 519 1703 757 1184 1398 1423 312 0 505 979 
860 1184 870 295 982 739 411 1475 839 561 1395 1098 820 1500 423 612 1699 294 979 898 912 374 484 0 766 
977 857 325 601 664 225 823 1657 1348 636 1110 1285 1004 1634 840 789 1853 805 468 819 842 956 985 789 0 
0 1561 950 944 1551 1190 636 1303 1728 441 1912 950 664 1253 1283 262 1514 1121 1189 1629 1639 711 716 897 991 
1736 0 749 1017 605 1012 1317 2240 1790 1363 597 1899 1593 2276 1237 1536 2428 1274 509 1278 1309 1393 1652 1260 879 
1103 715 0 898 732 599 925 1596 1656 769 1068 1195 904 1576 1076 922 1737 1151 338 1123 1154 1046 1126 976 341 
764 1276 924 0 1028 743 329 1597 1076 540 1487 1285 994 1571 563 597 1791 205 1017 1051 1061 365 656 240 739 
1522 749 746 732 0 790 1042 2149 1296 1087 685 1899 1593 2198 952 1268 2428 964 472 759 804 1121 1377 976 630 
1086 944 477 487 719 0 810 1888 1476 645 1170 1505 1214 1862 698 845 2078 692 567 922 934 852 1115 695 212 
628 1463 880 388 1171 887 0 1501 1208 502 1674 1230 939 1537 769 526 1737 511 1142 1219 1229 159 340 364 883 
1211 2282 1539 1717 2247 1913 1506 0 2455 1132 2609 723 939 1408 2027 1087 1569 1934 1919 2303 2341 1566 1558 1710 1748 
1718 1770 1371 1177 1324 1328 1207 2463 0 1450 1766 2230 1903 2540 843 1518 2715 1218 1454 676 741 1238 1306 983 1225 
701 1250 618 561 1206 838 517 1523 1357 0 1593 1285 994 1565 894 599 1809 684 883 1308 1318 633 762 537 640 
1915 647 1122 1224 685 1207 1524 2649 1861 1593 0 2341 2014 2683 1455 1774 2837 1481 895 1320 1351 1600 1879 1467 1104 
493 1565 839 944 1495 1172 692 1125 1728 385 1912 0 413 1051 1283 372 1233 1083 1193 1629 1639 767 772 877 996 
766 1836 1154 1176 1777 1429 985 629 1976 658 2144 273 0 1025 1556 645 1115 1353 1475 1879 1917 1045 1050 1169 1288 
1247 2327 1607 1762 2344 2001 1535 1510 2519 1193 2654 1077 801 0 2121 1116 412 1995 1964 2350 2388 1595 1587 1755 1815 
1127 1376 1016 489 836 797 683 1888 859 694 1438 1524 1233 1889 0 894 2078 528 1110 566 586 643 867 372 778 
236 1400 751 726 1335 985 441 1206 1527 264 1743 852 579 1125 1070 0 1403 849 1028 1405 1415 516 521 702 773 
1643 2692 2004 2215 2771 2360 1926 1888 3008 1589 3057 1500 1209 422 2547 1512 0 2408 2329 2783 2793 1984 1988 2211 2203 
1127 1512 1185 302 1219 949 518 1888 1208 842 1723 1524 1233 1889 590 899 2078 0 1228 1059 1069 478 806 375 963 
1279 528 360 845 495 752 1064 1888 1588 992 890 1525 1234 1889 1076 1079 2078 1121 0 1060 1091 1195 1317 1067 500 
1612 1354 949 831 753 883 1137 2243 657 1180 1217 1995 1688 2336 613 1361 2573 1044 981 0 65 1142 1362 856 741 
1643 1388 964 862 784 917 1161 2278 735 1211 1276 2027 1719 2336 646 1392 2573 1057 1016 78 0 1178 1390 889 772 
718 1605 1032 399 1311 1050 165 1588 1241 659 1831 1311 1020 1565 727 616 1845 494 1283 1206 1216 0 328 375 1061 
671 1700 1067 704 1495 1241 377 1503 1316 746 2010 1285 994 1537 918 569 1769 799 1328 1393 1403 305 0 485 1134 
845 1497 987 317 1178 941 393 1672 895 621 1648 1347 1056 1664 432 678 1868 352 1213 912 906 353 495 0 930 
1083 801 265 632 633 258 876 1882 1401 663 1144 1470 1179 1835 805 863 2010 837 424 850 895 1000 1078 840 0 
0 1396 814 892 1396 995 608 1182 1714 420 1767 916 626 1253 1225 178 1400 1006 1083 1572 1591 655 640 881 899 
1481 0 673 929 540 926 1187 2118 1735 1197 479 1850 1561 2222 1091 1352 2365 1106 457 1215 1230 1296 1481 1147 797 
991 675 0 843 678 482 867 1477 1600 683 1001 1191 904 1526 1026 870 1696 1041 326 1085 1100 1007 1079 934 309 
758 1136 864 0 923 667 289 1591 1084 604 1431 1305 1018 1614 563 636 1784 272 940 962 962 374 629 308 664 
1279 617 635 687 0 675 976 2017 1346 969 564 1757 1470 2087 916 1122 2213 940 397 831 853 1074 1271 944 547 
1016 850 468 493 650 0 765 1710 1402 656 1108 1443 1156 1752 732 843 1926 765 507 931 929 867 1096 748 183 
558 1331 886 414 1129 873 0 1433 1222 582 1626 1147 865 1464 720 477 1634 600 1111 1145 1182 147 340 404 790 
1164 2079 1451 1609 2096 1806 1480 0 2423 1140 2405 720 939 1339 1946 1074 1509 1708 1752 2266 2286 1544 1546 1622 1630 
1515 1622 1331 1116 1228 1291 1091 2332 0 1343 1658 2052 1777 2406 832 1384 2549 1111 1368 644 692 1136 1236 923 1166 
708 1167 598 571 1138 753 506 1469 1357 0 1512 1183 884 1490 916 598 1660 757 819 1280 1299 620 775 560 641 
1814 519 1060 1184 679 1157 1442 2463 1673 1496 0 2233 1958 2573 1336 1651 2720 1361 858 1144 1159 1551 1736 1402 1032 
461 1373 752 942 1434 1142 772 982 1767 426 1744 0 414 1025 1277 378 1200 1041 1060 1638 1657 819 804 934 974 
740 1650 1036 1204 1711 1377 1046 572 2108 705 2032 279 0 893 1534 657 1098 1303 1337 1876 1917 1110 1093 1217 1206 
1209 2125 1492 1632 2136 1827 1518 1343 2443 1163 2451 1099 822 0 1966 1112 394 1731 1793 2293 2315 1582 1584 1645 1653 
1033 1183 932 492 768 686 640 1736 772 679 1277 1470 1183 1779 0 866 1949 524 998 507 517 608 795 330 727 
197 1295 744 780 1289 899 496 1070 1612 266 1666 774 495 1121 1091 0 1285 940 967 1436 1455 543 528 769 787 
1630 2533 1920 2048 2535 2193 1929 1754 2876 1573 2885 1498 1211 400 2327 1505 0 2181 2220 2612 2634 2004 1976 2038 2061 
1028 1287 1007 258 1093 834 456 1840 1084 783 1582 1584 1297 1902 572 894 2052 0 1114 968 977 469 746 331 831 
1211 486 324 825 464 601 1026 1830 1633 912 813 1533 1246 1845 1026 1069 2013 1012 0 1113 1128 1167 1320 1074 461 
1369 1196 841 821 704 783 1083 2113 652 1057 1088 1860 1572 2193 563 1212 2365 1012 860 0 48 1109 1283 820 655 
1401 1198 856 836 719 798 1114 2149 690 1089 1124 1897 1604 2222 575 1244 2365 1041 875 50 0 1131 1295 832 670 
650 1440 1023 411 1243 985 169 1531 1233 736 1735 1245 958 1558 753 569 1728 571 1257 1104 1124 0 277 366 957 
614 1546 987 719 1539 1209 349 1512 1357 738 1929 1226 939 1526 1008 533 1696 879 1233 1310 1329 308 0 545 1043 
804 1362 950 337 1171 921 384 1662 910 650 1645 1376 1089 1685 465 682 1856 384 1174 849 859 352 465 0 875 
976 755 285 594 574 212 776 1678 1474 643 1050 1392 1105 1701 833 827 1874 866 387 959 975 890 1051 849 0 
0 1314 746 684 1256 878 495 1038 1362 345 1565 793 535 1120 984 177 1299 821 1001 1237 1259 549 594 653 771 
1226 0 611 676 510 737 925 1840 1474 981 450 1680 1339 1865 890 1091 2068 899 417 944 961 1015 1180 867 657 
757 628 0 617 638 423 629 1334 1356 580 946 1158 819 1382 831 638 1588 840 315 822 842 746 872 710 229 
614 991 733 0 755 536 285 1276 968 457 1135 1000 734 1278 503 479 1484 223 764 810 833 347 567 256 550 
1049 646 610 496 0 557 740 1650 1180 790 551 1486 1145 1668 697 914 1874 719 394 657 677 843 1021 687 477 
830 805 396 403 572 0 647 1493 1240 557 953 1335 994 1487 617 695 1693 626 486 715 738 750 915 594 186 
485 1102 640 329 883 659 0 1165 1076 352 1265 887 629 1189 605 374 1389 466 871 958 981 147 323 306 572 
1022 1856 1285 1204 1691 1484 1120 0 1976 899 2010 618 813 1189 1534 909 1391 1345 1586 1858 1881 1231 1268 1204 1378 
1318 1596 1401 1051 1241 1275 1023 1938 0 1159 1565 1772 1431 1974 763 1183 2159 1013 1455 626 674 1082 1154 873 1239 
482 1035 469 374 925 601 262 1134 1076 0 1291 860 602 1155 668 347 1359 511 715 943 961 379 520 343 494 
1416 465 963 863 561 927 1124 2034 1558 1157 0 1872 1529 2143 1040 1281 2256 1073 759 1024 1044 1198 1379 1069 844 
408 1295 683 639 1196 866 527 893 1306 300 1505 0 396 999 936 295 1159 776 981 1221 1243 644 694 608 759 
666 1520 945 897 1368 1144 785 542 1597 558 1677 258 0 881 1178 553 1049 1006 1244 1499 1521 905 979 866 1018 
1045 1865 1339 1235 1722 1516 1151 1244 1976 928 2035 928 667 0 1565 932 400 1376 1631 1895 1917 1262 1297 1235 1410 
896 1081 824 408 643 651 597 1551 764 623 1047 1375 1034 1557 0 761 1763 417 862 416 439 562 751 317 646 
141 1153 587 539 1078 719 336 951 1208 193 1411 701 443 1037 825 0 1206 676 833 1064 1086 390 435 508 612 
1374 2214 1663 1564 2068 1849 1480 1562 2279 1257 2373 1328 987 403 1896 1261 0 1705 1962 2225 2245 1581 1611 1564 1739 
817 1134 887 245 912 690 439 1469 1076 660 1291 1280 939 1478 502 682 1684 0 940 796 819 411 664 304 704 
1005 450 302 616 436 540 860 1614 1412 811 768 1445 1104 1627 830 869 1852 839 0 876 896 956 1090 807 385 
1215 1160 892 735 709 733 948 1851 644 944 1028 1688 1347 1879 467 1080 2084 783 940 0 48 924 1122 683 735 
1235 1185 916 757 729 755 983 1882 692 968 1047 1710 1369 1898 489 1100 2106 805 960 48 0 951 1149 705 757 
593 1188 749 374 996 768 139 1276 1076 461 1345 1000 738 1296 650 483 1502 446 981 958 977 0 254 346 681 
558 1348 890 617 1196 978 346 1326 1208 638 1505 1158 814 1382 839 455 1588 689 1143 1138 1160 243 0 470 879 
645 1160 776 302 935 734 340 1326 784 488 1317 1034 765 1301 374 510 1507 268 962 668 691 335 434 0 721 
786 694 229 478 531 196 601 1446 1219 513 913 1280 939 1455 692 651 1661 701 340 683 703 718 859 669 0 
0 1173 698 660 1045 822 418 1006 1379 304 1399 739 490 1031 841 141 1233 776 954 1167 1189 470 499 629 723 
1232 0 611 686 511 743 925 1817 1412 968 455 1553 1311 1882 828 1097 2045 841 417 913 928 992 1179 869 662 
738 628 0 592 632 410 633 1276 1260 565 957 1015 763 1356 732 625 1499 747 315 756 776 734 861 717 229 
556 788 659 0 646 512 257 1179 968 368 1035 897 648 1243 417 421 1386 155 655 731 779 286 511 202 497 
1026 584 609 487 0 544 725 1638 1141 764 551 1358 1116 1696 629 889 1856 642 393 609 629 773 979 670 463 
814 685 389 382 543 0 562 1446 1212 543 932 1181 939 1515 523 679 1658 537 483 697 717 663 816 565 183 
426 876 622 323 734 589 0 1117 1076 313 1123 842 593 1149 528 323 1345 386 743 881 912 139 304 292 499 
980 1788 1221 1156 1673 1444 1076 0 1878 847 2010 612 812 1243 1407 854 1369 1292 1522 1754 1776 1181 1210 1167 1354 
1349 1446 1267 998 1170 1169 1049 1938 0 1159 1545 1670 1428 1990 715 1214 2159 1018 1305 629 677 1107 1186 909 1105 
468 919 446 365 776 570 250 1091 1081 0 1170 814 565 1121 581 338 1296 481 692 918 954 351 490 334 471 
1406 462 921 857 551 921 1106 1991 1491 1139 0 1727 1485 2041 1015 1271 2214 1032 726 1024 1044 1182 1360 1052 833 
401 1173 676 621 1044 826 506 861 1349 280 1399 0 370 891 837 288 1115 737 954 1173 1195 590 619 590 727 
650 1449 928 870 1334 1075 755 543 1548 529 1675 249 0 790 1096 537 1001 1026 1202 1412 1434 839 868 839 987 
980 1788 1247 1156 1673 1444 1076 1154 1878 845 2010 859 610 0 1407 853 394 1292 1548 1754 1776 1181 1210 1167 1354 
824 846 717 345 666 570 527 1457 721 553 1061 1181 939 1521 0 689 1681 399 713 416 464 500 738 313 555 
141 1069 575 536 919 699 295 898 1258 171 1300 645 396 935 718 0 1145 652 821 1050 1072 347 376 505 600 
1177 1969 1452 1356 1854 1604 1276 1372 2108 1056 2153 1071 814 395 1607 1064 0 1492 1724 1936 1958 1366 1395 1367 1514 
707 894 765 151 752 618 382 1326 968 519 1144 1055 799 1387 421 572 1585 0 761 735 783 343 581 283 603 
1015 450 302 605 430 527 843 1572 1313 793 779 1313 1071 1630 747 876 1800 760 0 812 832 891 1091 788 385 
1163 929 727 634 631 670 872 1765 626 889 983 1504 1262 1853 433 1028 1998 761 765 0 48 862 1104 675 565 
1181 956 747 654 651 690 892 1773 674 899 1006 1512 1270 1859 443 1046 2015 771 785 48 0 872 1120 685 585 
505 980 724 284 836 691 139 1216 1076 415 1227 950 695 1293 523 402 1454 342 845 837 885 0 238 298 601 
503 1126 824 522 996 844 304 1216 1232 552 1352 963 712 1293 761 400 1454 580 1003 1082 1104 238 0 438 754 
644 965 765 260 818 684 343 1276 836 456 1209 995 736 1316 330 509 1474 269 827 644 692 299 426 0 661 
759 652 229 451 510 183 494 1398 1141 488 896 1112 866 1451 582 624 1596 606 340 615 635 595 748 590 0 
0 1154 699 592 1044 823 453 982 1418 304 1333 730 488 1020 840 141 1233 719 954 1167 1189 505 545 623 724 
1219 0 611 658 488 735 891 1794 1381 944 421 1532 1289 1815 802 1073 2045 824 417 883 906 934 1171 844 635 
752 628 0 587 636 410 591 1256 1255 546 913 1015 763 1291 727 607 1499 752 315 758 778 692 806 675 229 
572 722 622 0 602 447 233 1147 968 368 902 880 638 1184 445 421 1369 166 611 769 784 276 512 206 460 
1031 563 609 483 0 560 716 1621 1141 762 551 1349 1106 1627 627 884 1852 649 393 612 632 759 979 669 460 
844 699 403 406 579 0 576 1433 1213 557 878 1182 939 1450 550 693 1658 572 483 723 743 677 831 592 183 
442 850 630 265 730 575 0 1091 1081 310 1034 822 580 1102 534 323 1309 389 739 897 912 139 305 296 499 
980 1697 1221 1133 1577 1413 1075 0 1868 847 1877 612 807 1184 1402 854 1369 1269 1522 1736 1756 1181 1210 1155 1343 
1282 1434 1281 943 1160 1160 971 1863 0 1082 1553 1595 1352 1889 715 1136 2084 962 1319 626 674 1016 1115 834 1113 
454 882 449 297 762 573 244 1071 1199 0 1085 797 555 1076 581 335 1296 424 695 925 935 345 499 328 474 
1381 462 921 838 551 920 1077 1971 1472 1139 0 1694 1451 1976 984 1235 2298 1006 726 1024 1044 1165 1331 1050 815 
415 1151 676 553 1018 829 500 861 1372 280 1330 0 370 891 837 288 1115 680 954 1167 1189 601 665 584 730 
657 1382 918 795 1262 1075 742 542 1612 522 1561 242 0 783 1078 530 1001 927 1195 1401 1423 843 915 826 975 
980 1697 1247 1133 1577 1413 1075 1154 1868 845 1877 852 610 0 1402 853 394 1269 1548 1736 1756 1181 1210 1155 1343 
840 819 719 346 629 544 527 1418 721 553 1006 1182 939 1450 0 689 1658 401 708 420 430 506 729 312 557 
157 1029 576 468 912 700 330 885 1296 171 1209 638 396 935 717 0 1145 595 822 1032 1054 382 422 499 601 
1177 1905 1449 1322 1766 1592 1264 1372 2108 1046 2083 1056 811 395 1591 1054 0 1458 1714 1926 1948 1356 1385 1344 1493 
723 830 730 151 710 555 341 1294 968 519 1020 1032 789 1310 553 572 1518 0 719 790 800 384 622 298 568 
980 450 302 604 430 527 819 1551 1308 782 734 1314 1071 1592 748 835 1800 770 0 814 834 880 1048 790 385 
1168 888 721 625 627 664 858 1764 626 881 991 1502 1259 1780 413 1024 1998 746 759 0 48 851 1088 656 559 
1192 913 741 645 647 684 878 1767 674 906 1020 1505 1262 1783 435 1046 1998 768 779 48 0 873 1109 678 579 
513 965 739 284 839 684 139 1203 1076 419 1155 950 689 1246 643 394 1454 342 848 855 865 0 238 283 608 
534 1119 837 521 996 831 305 1216 1208 560 1298 972 727 1251 790 415 1459 580 997 1082 1104 238 0 451 755 
638 916 754 256 795 640 323 1213 786 434 1097 950 704 1246 484 487 1454 265 804 656 666 298 417 0 639 
775 629 229 446 509 183 494 1365 1141 488 808 1093 845 1377 577 624 1585 602 340 617 637 595 749 594 0 
