11
15
3600
0
2564
1964
2664
1816
2395
2112
2476
2468
1935
1841
0 714 1078 434 515 711 1295 1681 885 211 1805 
653 0 1426 388 749 1064 1621 2066 1226 641 2180 
1051 1376 0 1091 865 446 1131 1554 1133 1141 1676 
435 391 1220 0 522 838 1400 1824 1016 423 1998 
534 754 935 554 0 563 1131 1464 1024 597 1586 
604 930 614 646 419 0 734 1067 674 691 1177 
1294 1632 1220 1347 1070 796 0 751 1339 1381 771 
1635 1984 1568 1688 1439 1148 776 0 1693 1722 437 
914 1235 1103 945 995 732 1265 1659 0 991 1781 
211 710 1220 430 622 847 1407 1842 1016 0 2010 
1635 1984 1568 1688 1439 1148 773 434 1693 1722 0 
0 734 1169 457 529 787 1379 1842 1028 211 2090 
714 0 1591 394 756 1231 1841 2376 1533 688 2602 
1107 1540 0 1252 880 453 1212 1701 1236 1254 1849 
462 398 1357 0 522 1002 1594 2082 1227 436 2323 
535 754 1000 554 0 623 1147 1612 1255 602 1753 
620 1035 662 748 427 0 758 1142 908 772 1272 
1379 1774 1266 1552 1063 804 0 801 1570 1534 791 
1792 2198 1662 1963 1525 1197 761 0 1981 1959 437 
1114 1601 1248 1309 1163 931 1499 1974 0 1223 2220 
211 718 1320 441 636 980 1542 2030 1154 0 2289 
1778 2198 1648 1940 1511 1183 758 434 1966 1949 0 
0 835 1493 550 720 1108 1820 2291 1128 285 2382 
837 0 1856 492 871 1435 2146 2616 1639 812 2717 
1401 1716 0 1434 1209 546 1420 1884 1408 1472 2006 
552 487 1462 0 592 1064 1790 2227 1336 527 2318 
699 847 1066 628 0 660 1420 1862 1226 754 2006 
849 1228 735 957 682 0 926 1404 862 985 1615 
1631 1966 1395 1664 1420 882 0 1014 1653 1702 1059 
2048 2375 1856 2063 1797 1294 964 0 2091 2122 737 
1345 1660 1429 1378 1577 1032 1781 2221 0 1416 2312 
376 843 1705 558 882 1320 2012 2458 1371 0 2549 
2019 2328 1759 2016 1753 1250 904 535 2038 2085 0 
0 906 1291 558 682 943 1503 1901 1133 316 2084 
874 0 1750 498 983 1351 1992 2375 1536 850 2509 
1399 1787 0 1418 1214 676 1433 1827 1520 1507 1955 
596 534 1482 0 664 1083 1696 2087 1283 565 2230 
754 993 1127 699 0 752 1367 1746 1298 839 1865 
713 1117 709 788 570 0 892 1303 885 832 1418 
1491 1916 1417 1510 1371 896 0 976 1573 1599 1004 
1975 2322 1883 2000 1806 1379 998 0 2030 2033 682 
1127 1527 1335 1158 1278 943 1503 1901 0 1253 2084 
282 935 1417 593 801 1033 1661 2052 1249 0 2196 
1872 2247 1788 1907 1717 1291 915 632 1963 1964 0 
0 929 1317 604 755 881 1652 1887 1108 326 2070 
832 0 1683 518 1026 1266 2034 2266 1494 847 2416 
1175 1553 0 1252 1055 508 1386 1669 1306 1246 1795 
539 493 1395 0 714 970 1740 2001 1221 554 2161 
733 1012 1121 778 0 717 1464 1713 1254 854 1866 
669 1047 695 712 534 0 847 1239 788 792 1365 
1467 1885 1395 1544 1351 927 0 957 1527 1538 997 
1832 2190 1765 1922 1718 1272 915 0 1937 1915 688 
1056 1417 1317 1116 1312 900 1633 1877 0 1127 2070 
278 896 1399 573 882 990 1740 2001 1221 0 2161 
1814 2188 1747 1915 1700 1254 893 559 1909 1896 0 
0 887 1262 582 694 818 1540 1867 1057 297 2083 
834 0 1669 462 1055 1237 1963 2341 1455 768 2511 
1248 1569 0 1284 1078 503 1355 1678 1294 1325 1831 
630 524 1472 0 698 1040 1734 2080 1256 564 2250 
780 930 1131 684 0 661 1368 1701 1220 873 1831 
732 1120 688 788 550 0 882 1175 783 845 1329 
1482 1807 1368 1518 1329 869 0 873 1492 1559 997 
1896 2262 1866 1955 1806 1346 897 0 1960 2041 712 
1149 1469 1338 1184 1311 894 1549 1904 0 1217 2083 
376 923 1441 602 865 1006 1703 2063 1242 0 2217 
1853 2186 1765 1891 1733 1278 881 570 1860 1934 0 
0 797 1212 475 632 832 1397 1824 1025 326 2026 
808 0 1692 546 922 1309 1892 2333 1453 835 2449 
1198 1498 0 1244 993 502 1309 1678 1238 1257 1822 
568 437 1458 0 669 1075 1656 2128 1210 490 2198 
663 867 1093 628 0 706 1316 1717 1188 814 1848 
658 1008 682 690 491 0 871 1166 753 809 1290 
1442 1742 1364 1488 1268 881 0 924 1471 1501 1029 
1928 2217 1869 1933 1717 1330 956 0 1893 1977 574 
1028 1355 1247 1101 1138 837 1397 1824 0 1103 2026 
289 858 1399 536 815 1030 1607 2041 1168 0 2154 
1928 2217 1869 1933 1717 1330 948 567 1893 1977 0 
0 863 1227 544 653 847 1512 1906 1038 268 2055 
850 0 1647 517 922 1312 2059 2373 1472 803 2512 
1279 1603 0 1292 1073 520 1346 1736 1284 1331 1893 
553 470 1378 0 657 1001 1737 2067 1146 506 2205 
794 982 1108 670 0 741 1383 1736 1230 819 1893 
741 1100 706 750 521 0 796 1243 776 787 1376 
1487 1807 1335 1500 1252 857 0 900 1464 1539 1025 
1973 2317 1757 1977 1741 1308 915 0 1938 2025 535 
1115 1454 1305 1143 1283 937 1525 1906 0 1198 2055 
372 881 1439 562 856 1104 1832 2162 1230 0 2301 
2017 2362 1835 2022 1798 1365 932 552 1989 2057 0 
0 929 1318 624 797 944 1576 1948 1119 354 2066 
894 0 1698 508 949 1354 1953 2314 1479 857 2447 
1246 1610 0 1283 1036 517 1305 1656 1294 1352 1789 
642 422 1452 0 686 1108 1699 2060 1239 605 2199 
760 870 1124 661 0 749 1379 1687 1239 797 1821 
796 1083 716 758 567 0 896 1203 816 836 1309 
1523 1892 1394 1560 1313 898 0 898 1526 1629 1020 
1901 2287 1760 1967 1708 1287 924 0 1979 2039 571 
1115 1463 1295 1136 1249 930 1529 1867 0 1233 2023 
399 871 1452 577 922 1108 1737 2115 1294 0 2222 
1901 2287 1760 1967 1708 1287 908 518 1979 2039 0 
0 947 1270 584 678 899 1575 1971 1159 308 2056 
887 0 1772 504 928 1389 2052 2494 1591 872 2563 
1321 1674 0 1393 1028 518 1361 1739 1386 1422 1851 
613 521 1486 0 655 1103 1776 2192 1319 598 2261 
704 896 1151 631 0 768 1458 1786 1358 779 1926 
777 1182 713 820 492 0 925 1299 821 852 1419 
1590 1977 1407 1688 1308 893 0 871 1610 1717 917 
1992 2354 1774 2160 1702 1284 923 0 1947 2115 652 
1165 1591 1323 1233 1250 942 1575 1971 0 1262 2041 
347 956 1500 614 838 1117 1799 2211 1358 0 2280 
2030 2401 1861 2231 1759 1341 931 539 1993 2204 0 
0 1037 1386 723 672 971 1643 2075 1101 350 2115 
897 0 2111 552 924 1520 2161 2490 1753 821 2530 
1481 1756 0 1540 1104 501 1229 1787 1400 1632 1877 
701 479 1766 0 626 1225 1820 2143 1506 602 2183 
850 807 1232 645 0 871 1308 1690 1415 883 1786 
983 1280 881 1063 602 0 1019 1467 940 1129 1563 
1814 2119 1479 1911 1350 968 0 933 1865 1937 921 
2522 2753 2186 2558 1987 1600 1096 0 2562 2713 576 
1220 1807 1297 1444 1283 942 1713 2075 0 1468 2115 
359 930 1773 622 890 1249 1938 2345 1415 0 2385 
2440 2669 2113 2477 1905 1519 1030 490 2485 2626 0 
0 945 1418 644 610 975 1649 1925 1125 252 2058 
856 0 1795 472 829 1380 2078 2355 1651 768 2447 
1437 1678 0 1475 1051 517 1433 1671 1426 1522 1749 
607 459 1576 0 582 1161 1826 2102 1473 519 2194 
681 824 1299 604 0 838 1327 1572 1342 753 1650 
877 1166 964 957 549 0 1092 1363 963 1002 1441 
1724 1918 1539 1713 1227 966 0 831 1779 1813 864 
2363 2622 2195 2425 1926 1652 1005 0 2435 2468 451 
1343 1799 1318 1511 1227 975 1804 2102 0 1449 2194 
343 778 1556 483 747 1141 1871 2179 1375 0 2271 
2376 2627 2195 2430 1933 1662 982 501 2443 2492 0 
0 797 1152 466 525 794 1429 1687 960 211 1767 
690 0 1499 404 752 1177 1762 2066 1275 684 2138 
1177 1553 0 1264 951 489 1283 1565 1188 1293 1645 
451 408 1271 0 522 957 1529 1786 1074 445 1867 
550 754 1001 554 0 645 1201 1492 1119 617 1572 
689 1082 660 850 459 0 852 1114 725 825 1194 
1426 1772 1302 1483 1161 880 0 770 1426 1512 829 
1889 2234 1750 1943 1638 1334 874 0 1876 1975 437 
1059 1455 1193 1166 1104 818 1415 1687 0 1195 1767 
238 777 1302 444 673 957 1552 1824 1102 0 1956 
1889 2234 1750 1943 1638 1334 780 434 1876 1975 0 
0 736 1153 450 515 759 1318 1632 899 211 1709 
698 0 1482 387 749 1118 1666 2001 1275 672 2087 
1149 1512 0 1243 961 512 1204 1529 1226 1280 1606 
455 395 1297 0 522 932 1440 1769 1037 429 1849 
534 759 1038 554 0 655 1131 1411 1101 608 1488 
626 970 721 681 442 0 768 1067 704 726 1155 
1302 1645 1221 1376 1063 800 0 751 1336 1413 771 
1660 2012 1569 1738 1438 1149 761 0 1679 1775 437 
995 1281 1180 1012 1058 797 1353 1652 0 1075 1729 
211 719 1297 433 628 932 1440 1769 1037 0 1849 
1660 2012 1569 1738 1438 1149 758 434 1679 1775 0 
0 702 1068 433 515 712 1287 1718 1016 211 1696 
680 0 1449 395 749 1099 1644 2001 1310 658 2055 
1088 1418 0 1149 891 460 1163 1591 1193 1195 1569 
451 385 1218 0 522 863 1423 1853 1133 429 1833 
534 754 935 554 0 564 1131 1510 1143 597 1488 
627 945 621 671 431 0 724 1067 810 721 1141 
1292 1598 1218 1329 1063 798 0 751 1335 1375 771 
1630 1943 1564 1667 1445 1152 771 0 1680 1713 490 
944 1236 1103 965 1014 736 1265 1696 0 1011 1674 
213 698 1218 429 631 858 1423 1842 1133 0 1821 
1630 1943 1564 1667 1445 1152 760 434 1680 1713 0 
