11
5
10800
0
2015
2076
2293
2589
2646
2287
2070
1829
2456
2690
0 184 826 1412 189 1232 330 618 1030 339 628 
201 0 933 1490 366 1310 429 717 1138 438 727 
879 920 0 1377 977 1197 601 617 1051 723 558 
1322 1358 1350 0 1403 243 1033 806 1222 1086 1014 
190 374 933 1490 0 1310 433 721 1138 442 731 
1123 1159 1135 240 1204 0 830 621 1030 892 826 
278 315 665 1225 371 1045 0 455 862 178 467 
487 524 510 952 580 768 209 0 620 271 205 
985 1021 1032 1201 1092 1021 729 520 0 791 725 
453 490 620 1166 546 986 175 398 831 0 391 
622 659 604 1128 715 948 344 371 744 445 0 
0 281 1041 1581 263 1374 432 726 1273 432 703 
264 0 1161 1769 470 1562 589 883 1459 589 860 
1157 1168 0 1638 1273 1431 772 778 1378 964 852 
1472 1483 1481 0 1588 275 1111 884 1388 1266 1184 
279 509 1161 1769 0 1562 590 884 1459 590 861 
1287 1298 1287 281 1403 0 918 670 1163 1078 975 
376 408 799 1371 479 1164 0 502 1018 205 489 
610 642 625 1088 713 880 241 0 770 389 307 
1217 1228 1253 1355 1333 1148 869 628 0 993 884 
619 651 764 1342 722 1135 243 477 1057 0 454 
795 827 764 1302 898 1095 426 434 943 518 0 
0 276 1033 1570 240 1365 441 721 1247 442 718 
324 0 1194 1723 432 1518 597 877 1426 598 874 
1085 1110 0 1599 1178 1394 742 754 1281 872 723 
1447 1472 1506 0 1543 291 1112 877 1398 1230 1097 
259 465 1194 1723 0 1518 571 851 1398 572 848 
1199 1224 1286 257 1295 0 861 641 1151 986 863 
325 356 757 1336 448 1131 0 489 986 192 487 
540 571 588 1041 663 830 220 0 687 325 222 
1165 1190 1286 1365 1261 1160 852 632 0 959 854 
550 581 694 1279 673 1074 225 427 935 0 424 
696 727 720 1176 819 966 376 332 820 468 0 
0 272 1062 1765 242 1545 499 798 1299 510 807 
357 0 1196 1950 528 1687 644 965 1449 655 967 
1123 1172 0 1626 1190 1406 706 783 1254 872 747 
1645 1687 1521 0 1712 293 1186 930 1383 1336 1277 
273 534 1195 1922 0 1667 628 930 1449 639 940 
1448 1489 1340 307 1515 0 969 727 1174 1123 1073 
440 497 764 1394 515 1174 0 494 1004 206 512 
662 719 602 1130 737 926 239 0 806 389 336 
1293 1334 1256 1437 1360 1217 863 624 0 985 888 
661 718 733 1378 736 1158 221 538 1040 0 481 
842 899 755 1315 920 1095 419 437 908 569 0 
0 206 879 1549 192 1365 355 668 1096 366 630 
225 0 980 1633 389 1449 463 776 1225 474 738 
1111 1141 0 1558 1181 1374 687 686 1139 792 617 
1428 1458 1411 0 1498 252 1092 863 1262 1224 1077 
190 386 1017 1657 0 1473 490 803 1231 501 765 
1223 1253 1211 259 1293 0 892 648 1051 1000 864 
409 462 721 1383 492 1199 0 502 928 203 472 
648 701 536 1028 731 819 244 0 653 349 216 
1170 1200 1125 1346 1240 1162 789 545 0 886 761 
613 666 670 1329 600 1145 204 457 910 0 421 
851 908 647 1170 936 986 447 380 811 505 0 
