21
15
3600
0
1163
1029
1260
1105
1222
1146
1414
1304
1182
988
971
1016
1269
1491
1195
1279
1215
1151
1139
1015
0 1707 506 1738 1740 1668 1705 664 1531 1714 825 2133 1339 1526 1386 829 1687 1210 1416 1456 897 
1783 0 1395 1814 1836 1722 1780 1740 1606 1789 1535 2202 1449 547 1382 971 1762 971 2182 1452 1236 
528 1325 0 1347 1357 1282 1314 604 1140 1323 410 1752 949 1152 1002 452 1304 826 996 1075 520 
1874 1868 1472 0 936 383 407 1824 326 28 1612 405 781 1635 1070 1094 866 993 2260 1078 1134 
2190 2132 1781 994 0 1258 1290 2200 1017 960 1959 1399 1173 1937 750 1403 415 1178 2582 681 1430 
1793 1711 1405 383 965 0 228 1750 285 358 1545 667 471 1530 1025 1029 892 952 2198 1035 998 
1796 1771 1408 407 936 228 0 1753 261 408 1548 589 623 1590 1002 1030 868 929 2198 1012 1070 
675 1773 604 1814 1809 1742 1774 0 1600 1783 384 2202 1389 1592 1455 888 1756 1279 1012 1525 959 
1559 1525 1171 337 705 311 364 1516 0 309 1311 706 513 1344 782 814 652 712 1959 792 850 
1845 1795 1456 28 891 358 435 1809 301 0 1596 433 756 1614 1038 1078 838 975 2246 1048 1106 
866 1429 386 1463 1465 1389 1430 378 1256 1439 0 1869 1053 1256 1108 556 1412 950 777 1178 624 
2274 2221 1873 405 1327 734 592 2218 725 433 2015 0 1192 2035 1467 1495 1274 1401 2600 1477 1535 
1453 1445 987 770 855 466 631 1338 533 745 1133 1147 0 1266 993 759 802 922 1779 1003 614 
1511 547 1123 1575 1577 1485 1542 1468 1368 1551 1263 1983 1212 0 1242 731 1524 996 1912 1312 1005 
1481 1487 1116 1103 757 1029 1039 1441 881 1079 1236 1500 972 1311 0 749 434 435 1890 78 912 
945 968 503 1090 1094 1021 1034 848 874 1066 638 1495 744 779 753 0 1057 478 1237 823 380 
1874 1772 1486 914 422 1159 1191 1848 934 886 1626 1319 1033 1635 434 1101 0 826 2288 365 1121 
1286 968 833 1004 1040 942 954 1180 791 980 973 1409 881 996 438 494 829 0 1604 508 730 
1476 2075 996 2101 2114 2025 2045 1030 1892 2076 713 2460 1679 1896 1746 1189 2062 1570 0 1823 1253 
1559 1561 1171 1103 688 1043 1082 1516 891 1079 1311 1508 981 1380 78 819 365 505 1959 0 918 
1003 1267 548 1124 1130 989 1103 893 911 1100 683 1529 614 1078 916 364 1075 740 1276 982 0 
0 1729 506 2046 2010 1680 1866 661 1779 2024 835 2322 1406 1616 1612 833 1888 1267 1535 1687 894 
1844 0 1420 2177 2120 1781 1966 1922 1894 2155 1657 2413 1507 547 1509 1007 1989 974 2460 1568 1283 
528 1345 0 1574 1558 1290 1467 604 1335 1556 422 1869 938 1229 1217 454 1461 845 1036 1227 515 
2053 1972 1597 0 986 383 407 2155 327 28 1856 405 781 1850 1166 1253 906 1219 2650 1129 1266 
1985 1898 1542 998 0 1029 1075 2093 882 960 1790 1405 924 1780 750 1198 415 1110 2628 681 1210 
1800 1790 1390 426 1068 0 228 1893 292 426 1629 641 471 1677 1138 1048 966 1219 2407 1148 998 
2053 1972 1578 429 1080 228 0 2135 310 457 1831 588 648 1824 1156 1234 1019 1219 2650 1166 1200 
673 1868 604 2141 2088 1766 1957 0 1894 2119 375 2396 1492 1728 1697 914 1973 1371 1041 1772 976 
1713 1686 1303 337 771 311 364 1750 0 309 1551 697 513 1573 879 943 716 857 2333 889 968 
2053 1972 1582 28 955 358 435 2139 302 0 1831 433 756 1824 1138 1238 878 1219 2650 1100 1251 
876 1508 410 1793 1723 1434 1611 369 1554 1775 0 2051 1088 1378 1333 590 1610 982 806 1408 651 
2549 2429 2170 409 1424 734 592 2724 731 437 2344 0 1211 2316 1573 1746 1332 1676 3199 1543 1751 
1423 1508 1025 813 873 466 631 1440 533 813 1252 1085 0 1398 1031 767 818 1028 1969 1030 614 
1597 547 1187 1839 1794 1499 1676 1634 1595 1817 1390 2120 1225 0 1475 754 1702 996 2168 1546 1020 
1688 1591 1278 1157 757 1179 1216 1725 1046 1119 1517 1564 1123 1543 0 906 434 473 2303 78 937 
919 968 555 1256 1263 1033 1162 868 996 1238 661 1536 759 787 905 0 1168 480 1336 947 380 
1857 1868 1433 878 422 914 920 1945 769 850 1681 1285 810 1693 434 1065 0 866 2460 365 1101 
1366 992 979 1310 1287 1179 1216 1351 1085 1292 1163 1590 1025 1035 481 570 916 0 1850 559 834 
1513 2089 1050 2429 2368 2077 2261 1014 2142 2407 709 2682 1775 1992 1998 1196 2245 1629 0 2057 1257 
1688 1591 1278 1127 688 1153 1190 1725 1046 1089 1536 1534 1053 1543 78 918 365 543 2310 0 943 
978 1285 599 1276 1263 989 1182 924 1009 1258 705 1556 613 1117 942 371 1171 762 1412 952 0 
0 1743 622 2119 2048 1971 2010 742 1881 2093 1054 2491 1675 1686 1690 891 2011 1386 1870 1779 996 
1844 0 1487 2260 2180 2120 2154 1958 2011 2234 1701 2636 1927 644 1759 1077 2159 1226 2496 1815 1407 
669 1395 0 1745 1711 1573 1612 706 1493 1710 663 2119 1284 1320 1285 525 1660 953 1483 1382 624 
2393 2308 2029 0 1148 533 495 2432 357 28 2202 429 1060 2224 1439 1650 1097 1399 3027 1444 1613 
2664 2515 2246 1207 0 1526 1609 2724 1253 1159 2488 1658 1654 2504 977 1901 480 1489 3374 907 1983 
1856 1781 1515 487 1148 0 319 1977 367 475 1729 804 528 1724 1322 1144 1108 1240 2553 1327 1135 
2090 1986 1716 509 1309 243 0 2215 464 537 1967 671 702 1954 1474 1345 1258 1420 2766 1479 1312 
794 1868 789 2225 2158 2085 2119 0 1982 2199 452 2601 1767 1818 1792 1025 2137 1488 1385 1891 1089 
2052 1986 1692 386 955 493 577 2156 0 348 1936 815 679 1954 1149 1321 868 1034 2721 1154 1312 
2393 2308 2029 38 1121 561 533 2432 329 0 2202 467 1017 2224 1439 1650 1084 1399 3027 1444 1553 
962 1492 513 1814 1784 1646 1685 475 1566 1783 0 2206 1347 1420 1368 618 1733 1064 1095 1456 717 
2600 2508 2182 410 1503 728 643 2654 676 438 2424 0 1303 2427 1669 1851 1452 1615 3300 1674 1874 
1583 1492 1222 919 1121 475 686 1658 667 890 1436 1199 0 1435 1347 853 1084 1057 2272 1352 756 
1754 618 1393 2171 2158 2029 2063 1857 1917 2145 1607 2545 1849 0 1735 984 2137 1247 2424 1828 1313 
1947 1771 1593 1591 1079 1566 1605 2053 1486 1543 1836 2081 1659 1862 0 1222 640 636 2619 83 1505 
1000 1066 613 1562 1517 1316 1429 1074 1310 1527 818 1913 1075 966 1039 0 1466 639 1646 1151 463 
2282 2199 1926 1091 530 1458 1535 2370 1146 1043 2140 1542 1553 2147 579 1571 0 1162 3021 511 1664 
1494 1086 1151 1504 1467 1332 1371 1567 1252 1469 1345 1869 1484 1212 661 726 1236 0 2190 744 996 
1681 2250 1230 2583 2509 2443 2477 1236 2326 2557 876 2952 2145 2170 2125 1393 2488 1861 0 2219 1470 
2052 1800 1692 1520 1022 1519 1558 2156 1439 1472 1936 1984 1603 1954 80 1321 569 716 2721 0 1543 
1070 1274 695 1474 1433 1157 1328 1144 1222 1439 886 1820 760 1204 1147 422 1382 869 1694 1152 0 
0 1868 587 1998 1907 1839 1909 775 1692 1965 928 2400 1546 1699 1546 876 1901 1268 1730 1623 950 
2098 0 1666 2239 2167 2056 2131 2053 1989 2206 1782 2628 1910 631 1611 1216 2145 1062 2508 1688 1524 
617 1412 0 1630 1568 1467 1560 697 1350 1615 547 2056 1180 1287 1190 488 1495 912 1375 1267 557 
2289 2221 1878 0 1286 590 501 2297 398 44 2018 489 1091 2087 1506 1432 1213 1297 2748 1512 1501 
2153 2097 1742 1270 0 1237 1314 2128 1103 1236 1881 1763 1219 1970 1078 1306 580 1153 2599 998 1398 
2098 1989 1659 535 1286 0 324 2053 387 516 1775 834 680 1875 1413 1223 1213 1178 2495 1419 1210 
2141 2085 1732 588 1198 322 0 2118 329 569 1871 713 836 1943 1383 1296 1123 1153 2599 1389 1365 
809 1892 722 2084 1978 1901 2004 0 1768 2051 415 2478 1627 1793 1622 985 1975 1344 1329 1699 1035 
1876 1868 1471 404 900 454 584 1859 0 361 1587 893 723 1708 1082 1035 898 912 2309 1088 1102 
2251 2181 1828 43 1286 546 544 2225 354 0 1930 532 1031 2011 1453 1377 1206 1234 2646 1459 1446 
974 1530 503 1743 1681 1596 1673 479 1463 1728 0 2174 1289 1433 1311 619 1608 1035 1116 1388 688 
2633 2547 2222 490 1657 840 661 2630 777 534 2351 0 1449 2444 1875 1794 1584 1650 3131 1889 1876 
1798 1779 1420 1124 1150 641 831 1824 761 1109 1536 1390 0 1676 1383 1011 1078 1153 2270 1389 837 
1975 687 1583 2133 2020 1934 2027 1975 1876 2100 1699 2542 1795 0 1700 1133 2012 1325 2430 1777 1441 
1701 1616 1323 1463 1093 1316 1393 1724 1183 1448 1439 1893 1354 1627 0 955 659 566 2184 91 1143 
1064 1070 629 1384 1301 1196 1314 1107 1103 1369 800 1820 942 922 1010 0 1228 645 1613 1091 496 
2102 2035 1681 1233 551 1171 1248 2085 1047 1199 1797 1726 1148 1894 638 1245 0 1073 2525 562 1318 
1365 1070 1026 1295 1220 1148 1225 1420 1014 1280 1135 1720 1176 1214 603 626 1147 0 1900 694 883 
1698 2309 1262 2463 2380 2280 2355 1291 2221 2430 878 2901 2153 2202 2041 1388 2388 1755 0 2144 1439 
1825 1773 1445 1463 991 1316 1393 1853 1183 1448 1561 1893 1374 1741 88 1011 580 654 2303 0 1143 
1080 1330 695 1409 1337 1239 1339 1162 1111 1394 866 1869 833 1251 1156 455 1264 871 1637 1175 0 
0 1868 592 1979 1876 1815 1931 794 1714 1971 876 2399 1640 1706 1557 923 1879 1314 1687 1657 986 
1949 0 1558 2072 1963 1913 2016 1970 1837 2064 1657 2475 1701 647 1559 1140 1983 980 2343 1659 1407 
617 1417 0 1555 1473 1393 1444 767 1296 1544 473 2021 1211 1282 1161 523 1450 873 1315 1261 611 
2142 2106 1776 0 1165 495 545 2201 413 42 1889 495 1051 2026 1459 1388 1128 1293 2546 1477 1428 
2379 2366 2038 1310 0 1534 1585 2431 1340 1263 2102 1869 1521 2274 955 1634 468 1539 2785 885 1688 
1979 1966 1617 542 1207 0 295 2032 390 510 1716 858 605 1840 1384 1229 1184 1222 2386 1402 1278 
2049 1994 1680 522 1165 387 0 2098 356 564 1779 684 822 1904 1345 1292 1130 1197 2448 1363 1332 
815 1966 727 2086 1989 1938 2032 0 1867 2078 450 2475 1730 1840 1678 1039 2024 1435 1335 1778 1106 
1778 1698 1394 449 855 394 532 1759 0 406 1493 920 694 1576 1045 987 819 859 2215 1041 1072 
2089 2087 1741 43 1117 480 588 2141 371 0 1852 538 1041 1985 1429 1353 1048 1258 2546 1447 1398 
944 1549 512 1687 1603 1525 1576 478 1428 1676 0 2147 1360 1428 1294 652 1580 1045 1054 1394 740 
2562 2560 2183 515 1699 872 704 2629 809 557 2300 0 1386 2469 1889 1818 1676 1720 2962 1930 1891 
1806 1746 1420 1161 1207 653 845 1785 809 1150 1519 1489 0 1624 1443 1014 1184 1215 2215 1461 849 
1732 659 1348 1894 1812 1735 1786 1713 1638 1886 1447 2329 1545 0 1520 933 1790 1189 2173 1620 1193 
1751 1585 1367 1424 1090 1262 1313 1732 1165 1413 1466 1869 1314 1576 0 949 630 540 2196 121 1153 
1073 1070 632 1313 1271 1151 1202 1028 1062 1302 715 1745 976 945 891 0 1248 608 1539 1007 508 
2089 2087 1736 1257 534 1433 1484 2141 1287 1210 1852 1789 1484 1956 604 1348 0 1213 2546 503 1382 
1522 968 1085 1203 1143 1023 1079 1466 911 1192 1200 1640 1108 1128 567 612 1083 0 1971 666 936 
1730 2311 1259 2424 2348 2277 2358 1279 2211 2416 868 2810 2079 2188 2016 1388 2331 1784 0 2132 1457 
1844 1767 1451 1424 994 1262 1313 1839 1165 1413 1550 1869 1336 1689 117 1063 543 646 2238 0 1171 
1073 1334 646 1313 1271 1151 1202 1028 1062 1302 729 1745 782 1235 1092 471 1248 821 1539 1158 0 
0 1789 587 1896 1886 1761 1803 772 1630 1888 900 2300 1480 1700 1513 891 1869 1246 1616 1586 938 
1895 0 1415 2075 2004 1888 1946 1900 1768 2067 1585 2460 1592 621 1579 1075 2006 1014 2302 1658 1346 
623 1476 0 1589 1553 1459 1500 733 1328 1581 518 2025 1195 1367 1211 548 1510 915 1220 1272 595 
2199 2084 1729 0 1153 476 499 2168 400 49 1911 586 1000 2001 1376 1386 1123 1235 2610 1385 1439 
2093 2031 1655 1241 0 1206 1247 2095 1075 1203 1831 1733 1110 1935 962 1312 505 1186 2589 892 1365 
1963 1888 1487 572 1190 0 281 1940 363 509 1657 886 595 1783 1317 1144 1147 1186 2380 1326 1201 
2104 2084 1687 547 1190 335 0 2152 361 554 1874 747 805 1960 1336 1344 1147 1196 2589 1345 1397 
819 1966 759 2075 2030 1897 1982 0 1785 2067 456 2460 1636 1824 1668 1035 2020 1401 1220 1741 1097 
1848 1766 1367 453 898 422 461 1824 0 381 1537 969 683 1677 1045 1028 850 888 2238 1054 1095 
2199 2084 1729 72 1105 487 571 2168 354 0 1911 658 1000 2001 1392 1386 1062 1246 2610 1401 1439 
906 1542 487 1658 1622 1528 1569 449 1397 1650 0 2093 1287 1453 1286 628 1579 1013 907 1365 675 
2476 2431 2096 548 1597 837 678 2499 802 597 2250 0 1368 2325 1711 1719 1554 1584 2947 1720 1772 
1706 1721 1225 1102 1121 629 791 1688 781 1094 1395 1382 0 1632 1317 962 1100 1167 2121 1326 784 
1749 656 1268 1836 1787 1693 1734 1731 1562 1833 1438 2239 1392 0 1479 850 1744 1191 2162 1552 1173 
1732 1699 1251 1431 1025 1301 1342 1714 1170 1423 1421 1869 1257 1610 0 918 574 526 2145 80 1097 
919 1078 581 1328 1257 1198 1239 976 1067 1320 696 1734 948 925 936 0 1214 591 1407 1015 457 
2022 1966 1552 1154 545 1116 1157 2005 1016 1116 1722 1646 1000 1824 543 1209 0 1050 2446 462 1264 
1394 988 962 1237 1157 1094 1150 1415 992 1229 1122 1645 1069 1144 575 532 1123 0 1845 655 833 
1728 2233 1190 2456 2353 2274 2330 1221 2209 2448 829 2804 1990 2147 1987 1376 2354 1731 0 2069 1418 
1848 1794 1367 1401 980 1271 1312 1824 1140 1393 1537 1807 1243 1705 98 1004 511 619 2238 0 1097 
992 1391 638 1377 1312 1199 1288 1032 1116 1369 753 1783 768 1296 1138 470 1269 841 1456 1154 0 
0 1870 546 1905 1862 1728 1749 753 1631 1906 860 2293 1465 1650 1490 890 1777 1248 1574 1563 925 
1850 0 1429 2029 1960 1815 1862 1946 1715 2030 1638 2364 1535 660 1604 1069 1905 971 2372 1676 1290 
666 1387 0 1516 1443 1333 1354 722 1236 1492 459 1888 1063 1244 1113 489 1390 857 1156 1183 523 
2110 2101 1657 0 1111 486 527 2196 381 43 1898 486 969 1937 1375 1291 1055 1189 2592 1372 1375 
1996 2002 1588 1253 0 1119 1147 2120 999 1209 1797 1690 1005 1830 973 1222 454 1105 2582 897 1287 
1972 1968 1552 516 1164 0 259 2080 410 511 1761 821 518 1768 1365 1186 1132 1170 2493 1362 1152 
1996 2050 1590 540 1122 274 0 2120 360 548 1799 680 728 1854 1285 1224 1078 1170 2582 1282 1323 
741 1968 688 2107 2041 1902 1967 0 1811 2108 490 2460 1641 1784 1664 1027 2000 1422 1245 1737 1090 
1720 1721 1309 390 859 405 501 1775 0 366 1518 876 635 1563 992 924 802 853 2239 990 1015 
2110 2101 1657 40 1072 479 567 2196 338 0 1898 526 960 1937 1370 1291 1024 1189 2592 1367 1375 
919 1542 443 1667 1586 1484 1505 474 1387 1643 0 2047 1204 1386 1261 635 1533 1009 961 1334 669 
2574 2556 2155 484 1627 874 704 2614 842 527 2326 0 1325 2497 1859 1806 1574 1700 3082 1856 1869 
1527 1688 1116 988 1072 517 700 1582 629 964 1325 1319 0 1530 1285 906 1024 1105 2062 1282 663 
1707 583 1296 1879 1772 1670 1691 1762 1573 1880 1481 2234 1395 0 1468 885 1719 1141 2229 1541 1124 
1639 1572 1228 1364 998 1172 1202 1694 1082 1340 1437 1745 1132 1487 0 853 561 557 2173 78 1022 
945 1066 527 1309 1252 1126 1147 948 1029 1285 675 1690 866 924 889 0 1199 519 1397 953 443 
1931 1968 1506 1201 503 1058 1091 2030 926 1157 1715 1634 948 1767 577 1140 0 1049 2436 515 1231 
1295 1066 857 1136 1098 999 1042 1287 869 1112 1012 1544 966 1092 564 497 1024 0 1724 642 792 
1677 2258 1208 2469 2373 2252 2306 1255 2207 2470 899 2843 2015 2188 1973 1363 2335 1747 0 2046 1442 
1720 1615 1309 1364 974 1181 1202 1775 1082 1340 1518 1745 1141 1571 78 932 491 635 2239 0 1024 
1015 1379 574 1329 1252 1146 1167 985 1057 1305 722 1710 733 1244 1103 442 1199 838 1446 1138 0 
0 1744 551 1997 1891 1787 1858 797 1688 1971 877 2775 1560 1657 1507 882 1884 1294 1619 1588 967 
1977 0 1519 2141 2022 1934 2009 1950 1837 2115 1673 2775 1670 674 1671 1150 2014 1170 2426 1728 1414 
605 1342 0 1608 1507 1415 1471 717 1316 1578 481 2405 1146 1265 1106 486 1515 865 1259 1187 571 
2260 2120 1823 0 1164 554 536 2274 468 42 2016 506 1011 1986 1364 1385 1155 1258 2724 1379 1472 
2160 2007 1731 1227 0 1151 1226 2161 1047 1188 1895 1710 1048 1886 1038 1294 463 1195 2612 975 1381 
2079 1888 1638 507 1156 0 291 2063 385 492 1792 823 536 1793 1283 1201 1155 1195 2520 1298 1215 
2125 1973 1695 532 1133 296 0 2148 358 544 1858 660 730 1856 1258 1258 1124 1195 2591 1273 1345 
757 1868 686 2141 2022 1934 2009 0 1837 2115 439 2775 1648 1780 1640 1012 2014 1427 1259 1721 1065 
1791 1654 1329 384 844 389 508 1809 0 335 1483 890 612 1567 983 949 800 837 2251 998 1022 
2221 2063 1778 49 1120 512 585 2206 426 0 1948 555 969 1946 1314 1341 1115 1214 2657 1329 1428 
949 1499 467 1728 1627 1535 1591 499 1436 1698 0 2536 1291 1414 1253 627 1635 1021 984 1334 712 
2660 2525 2235 468 1640 847 679 2652 861 510 2394 0 1318 2392 1800 1806 1648 1708 3170 1823 1904 
1716 1600 1254 1040 1080 527 747 1731 671 1010 1408 1322 0 1513 1253 889 1102 1130 2147 1268 673 
1825 655 1354 1964 1891 1781 1858 1824 1682 1938 1508 2775 1539 0 1534 987 1872 1216 2251 1615 1249 
1780 1572 1318 1417 1080 1224 1280 1795 1125 1387 1472 1764 1229 1599 0 932 629 576 2251 98 1117 
997 1066 564 1368 1278 1175 1231 1044 1050 1338 710 1715 922 918 912 0 1286 600 1465 993 465 
2082 1888 1640 1192 543 1069 1142 2063 960 1153 1794 1626 960 1795 599 1203 0 1116 2520 525 1289 
1402 988 962 1266 1168 1058 1121 1433 951 1236 1110 1605 1040 1134 563 578 1183 0 1862 661 870 
1789 2365 1268 2606 2499 2390 2484 1317 2363 2580 895 3057 2100 2240 2090 1466 2492 1872 0 2195 1550 
1950 1615 1475 1417 997 1224 1280 1914 1125 1387 1629 1764 1229 1634 88 1045 531 664 2360 0 1117 
1091 1321 653 1368 1278 1109 1231 1144 1050 1338 799 1715 666 1230 1066 439 1286 826 1542 1081 0 
0 1767 574 2031 1971 1861 1925 800 1768 1994 874 2376 1567 1671 1570 907 1962 1315 1586 1656 972 
2207 0 1775 2413 2285 2207 2313 2197 2164 2376 1918 2769 1910 919 1988 1371 2266 1561 2590 2081 1638 
591 1395 0 1627 1550 1426 1497 727 1381 1605 478 2024 1145 1281 1204 525 1537 900 1251 1290 593 
2266 2102 1829 0 1178 526 529 2273 449 40 2010 462 1004 2018 1471 1409 1161 1320 2715 1467 1453 
2608 2466 2128 1305 0 1633 1652 2544 1333 1263 2281 1791 1507 2382 994 1740 510 1566 3037 909 1791 
2025 1888 1607 527 1198 0 267 1975 478 505 1730 829 524 1789 1387 1192 1185 1208 2425 1383 1116 
2155 1999 1702 564 1165 335 0 2095 422 552 1825 739 735 1911 1360 1284 1117 1182 2562 1356 1326 
774 1986 704 2187 2091 2005 2087 0 1921 2150 488 2537 1686 1823 1735 1079 2072 1480 1261 1823 1124 
1880 1752 1457 428 960 472 528 1830 0 395 1580 890 678 1656 1095 1039 915 912 2286 1091 1126 
2221 2102 1803 33 1135 505 562 2197 409 0 1918 495 987 2018 1442 1383 1111 1281 2615 1438 1453 
949 1493 476 1733 1656 1533 1603 449 1487 1711 0 2110 1252 1399 1290 634 1643 1028 1002 1376 702 
2619 2466 2139 530 1636 848 700 2555 876 570 2292 0 1345 2382 1816 1751 1623 1649 3037 1823 1803 
1605 1647 1199 986 1036 499 666 1599 699 964 1322 1277 0 1551 1261 924 1050 1103 1999 1257 726 
1740 712 1334 1940 1842 1737 1792 1734 1676 1903 1457 2289 1456 0 1528 873 1840 1212 2150 1614 1188 
1819 1746 1406 1419 1012 1270 1289 1824 1173 1397 1529 1782 1236 1650 0 979 586 579 2237 88 1106 
1056 1086 614 1365 1319 1189 1235 1029 1104 1343 736 1728 922 965 959 0 1306 618 1448 1042 447 
2207 2078 1769 1168 535 1468 1487 2152 1196 1126 1885 1654 1347 1977 574 1351 0 1127 2583 507 1395 
1428 1086 1016 1248 1178 1100 1124 1399 1008 1226 1122 1617 1065 1132 623 551 1092 0 1815 711 867 
1781 2323 1319 2618 2485 2425 2518 1272 2369 2581 877 2952 2093 2250 2161 1478 2466 1882 0 2254 1505 
1880 1727 1457 1413 960 1264 1283 1830 1167 1391 1580 1776 1228 1631 89 1039 520 658 2286 0 1106 
1015 1328 591 1341 1281 1192 1211 1022 1104 1319 713 1704 846 1225 1122 465 1268 843 1426 1118 0 
0 1799 593 2222 2086 1827 2059 763 1993 2176 1040 2606 1545 1707 1585 924 2040 1342 1717 1672 982 
1952 0 1537 2253 2153 1859 2064 1946 2035 2207 1683 2637 1576 667 1692 1129 2107 1189 2431 1779 1392 
590 1416 0 1750 1649 1377 1552 655 1490 1741 651 2162 1097 1300 1179 520 1645 913 1330 1266 581 
2261 2179 1901 0 1169 528 531 2259 429 45 2022 475 1026 2070 1444 1452 1142 1293 2746 1440 1578 
2667 2508 2286 1253 0 1613 1707 2651 1282 1209 2414 1681 1554 2399 1046 1792 492 1565 3097 959 1899 
2045 1966 1626 494 1199 0 327 2053 375 489 1772 768 584 1818 1385 1197 1195 1211 2496 1381 1188 
2140 2032 1740 568 1120 344 0 2129 313 563 1886 736 729 1915 1339 1311 1142 1175 2613 1335 1316 
758 1994 836 2330 2204 1965 2122 0 2128 2284 506 2707 1665 1885 1735 1100 2158 1492 1236 1825 1132 
1942 1782 1501 415 870 377 479 1915 0 383 1647 884 653 1690 1072 1072 849 889 2387 1068 1166 
2218 2110 1855 32 1120 483 562 2248 384 0 2011 507 987 1993 1405 1410 1115 1235 2723 1401 1536 
965 1513 483 1915 1774 1535 1710 473 1615 1869 0 2297 1255 1424 1298 651 1770 1052 934 1385 712 
2788 2565 2382 476 1649 823 679 2748 785 521 2510 0 1322 2456 1841 1846 1645 1680 3191 1856 1960 
1647 1615 1211 1005 1008 527 726 1646 648 996 1357 1263 0 1523 1275 916 1011 1095 2026 1271 734 
1806 642 1366 2101 1977 1719 1910 1809 1861 2055 1512 2488 1439 0 1528 924 1945 1189 2238 1615 1221 
1875 1757 1463 1524 1008 1351 1431 1870 1264 1515 1609 1943 1296 1690 0 1063 579 627 2347 99 1188 
1065 1066 603 1421 1323 1148 1323 1095 1161 1412 828 1869 871 924 991 0 1319 599 1491 1078 502 
2218 2110 1855 1180 506 1526 1617 2248 1209 1136 2011 1608 1443 1993 630 1410 0 1177 2723 554 1536 
1444 1066 977 1307 1267 1150 1214 1431 1078 1298 1142 1723 1081 1206 619 625 1254 0 1820 709 908 
1799 2338 1308 2807 2657 2421 2578 1264 2626 2779 890 3501 2081 2246 2200 1458 2611 1888 0 2285 1495 
1945 1757 1517 1510 912 1351 1431 1928 1264 1466 1663 1943 1296 1726 91 1088 490 695 2387 0 1188 
1065 1366 602 1426 1351 1122 1297 1095 1166 1417 827 1869 687 1279 1163 498 1347 900 1491 1159 0 
0 1966 604 2518 2393 2011 2193 712 2232 2517 1016 2769 1586 1885 1930 932 2255 1509 1639 2003 990 
2090 0 1676 2484 2544 1977 2159 2046 2198 2494 1842 2769 1686 595 1640 1115 2178 1040 2508 1739 1397 
547 1401 0 2073 1874 1511 1694 666 1698 2041 603 2318 1126 1347 1424 481 1846 1026 1212 1523 535 
2509 2587 2111 0 1201 533 570 2493 448 58 2278 884 1063 2493 1630 1683 1148 1529 2907 1558 1630 
2374 2366 1926 1201 0 1265 1448 2323 1257 1164 2108 1751 1084 2272 1051 1453 489 1289 2758 979 1461 
1984 2192 1587 620 1328 0 248 1962 396 573 1720 1084 506 2083 1649 1336 1280 1455 2390 1639 1106 
2205 2366 1764 532 1309 298 0 2178 315 538 1948 1084 675 2272 1561 1509 1261 1378 2588 1551 1283 
749 2108 691 2640 2544 2133 2315 0 2354 2650 500 2903 1712 2006 2074 1058 2405 1641 1171 2149 1099 
2104 2132 1723 388 1019 501 606 2119 0 341 1890 1084 661 2083 1316 1242 935 1094 2535 1306 1242 
2457 2472 2059 56 1133 504 609 2441 398 0 2226 920 1017 2493 1588 1634 1106 1480 2865 1516 1584 
999 1614 562 2235 2223 1715 1910 450 1949 2245 0 2476 1376 1532 1636 688 2030 1225 920 1735 742 
2844 2788 2439 462 1708 848 669 2802 797 520 2606 0 1356 2692 2012 2033 1629 1863 3231 2011 1952 
1558 1759 1148 980 1309 467 645 1536 640 986 1281 1376 0 1677 1496 1047 1261 1206 1942 1533 666 
1806 607 1391 2266 2290 1754 1941 1779 1987 2283 1524 2507 1470 0 1696 894 2162 1169 2205 1795 1132 
1991 1681 1596 1468 1055 1514 1564 1968 1390 1431 1729 1906 1343 1873 0 1095 571 644 2418 78 1118 
1087 1099 703 1747 1631 1285 1468 1120 1414 1753 854 2119 1008 984 1188 0 1502 703 1474 1287 458 
2205 2132 1809 1076 473 1132 1298 2249 1124 1039 2034 1626 960 2132 617 1326 0 1134 2680 541 1334 
1613 988 1203 1679 1531 1470 1520 1591 1346 1676 1302 2078 1225 1270 623 703 1220 0 2008 701 982 
1874 2624 1410 3108 3099 2600 2798 1352 2783 3098 962 3363 2178 2530 2671 1566 2919 2184 0 2752 1604 
1991 1781 1596 1468 944 1514 1564 1968 1390 1431 1729 1906 1343 1915 86 1097 503 711 2418 0 1118 
1046 1401 627 1550 1652 1072 1255 1040 1281 1556 810 1893 666 1347 1424 491 1544 1044 1401 1420 0 
0 1986 533 2141 2136 1757 1925 722 1877 2116 854 2467 1387 1824 1816 882 2085 1480 1468 1889 896 
2054 0 1620 2182 2136 1817 2012 2007 1935 2157 1820 2533 1540 736 1620 1085 2020 1155 2356 1667 1361 
534 1486 0 1883 1841 1381 1546 643 1532 1854 466 2141 1018 1333 1427 496 1787 1054 1107 1505 510 
2370 2389 1996 0 1051 546 444 2365 392 47 2124 461 936 2269 1380 1562 1019 1443 2734 1310 1482 
2218 2167 1802 1112 0 1169 1300 2234 1139 1084 1993 1553 960 2061 996 1330 488 1266 2592 926 1333 
1944 1972 1526 497 1299 0 260 1919 418 477 1715 760 488 1800 1378 1243 1250 1337 2268 1377 1052 
2140 2167 1716 460 1299 245 0 2099 383 478 1873 638 670 2018 1403 1396 1250 1337 2457 1402 1241 
684 2098 651 2229 2260 1889 2080 0 1995 2204 399 2603 1512 1915 1902 1027 2209 1600 1084 1968 1033 
2054 1986 1623 337 1094 421 476 2007 0 309 1820 798 604 1824 1227 1155 1057 1138 2357 1226 1154 
2370 2349 1986 28 1017 531 472 2355 345 0 2114 489 924 2242 1380 1532 1019 1423 2715 1310 1471 
1017 1714 537 2003 2055 1580 1745 480 1731 1978 0 2295 1210 1561 1647 726 2004 1277 827 1725 740 
2744 2634 2320 481 1522 791 642 2724 823 528 2475 0 1307 2541 1811 1906 1443 1781 3079 1734 1837 
1525 1778 1130 976 1254 477 650 1516 698 975 1319 1225 0 1625 1357 985 1205 1196 1890 1356 655 
1756 553 1361 2012 1980 1606 1771 1747 1757 1987 1550 2331 1330 0 1647 870 1928 1176 2124 1725 1100 
1944 1629 1545 1376 1000 1452 1471 1954 1385 1348 1734 1820 1230 1574 0 994 596 519 2296 78 1086 
974 1175 565 1699 1539 1188 1353 970 1339 1677 721 1917 866 1072 1171 0 1490 738 1356 1249 392 
2114 2031 1705 989 441 1099 1211 2099 1068 961 1873 1430 877 1885 584 1233 0 1087 2457 486 1236 
1514 1102 1119 1640 1474 1402 1434 1505 1348 1612 1308 2003 1129 1142 559 639 1127 0 1880 637 857 
1819 2568 1320 2791 2779 2442 2607 1331 2552 2766 847 3144 2072 2475 2391 1552 2735 2094 0 2464 1590 
1950 1672 1555 1308 938 1411 1453 1954 1335 1280 1744 1749 1159 1650 106 1065 527 614 2296 0 1086 
982 1395 576 1548 1533 1038 1202 976 1197 1547 732 1760 666 1240 1326 405 1484 998 1356 1377 0 
0 1694 530 1799 1836 1695 1761 732 1578 1774 920 2311 1325 1524 1432 827 1757 1233 1440 1510 884 
1819 0 1411 1949 1965 1789 1884 1785 1722 1924 1542 2460 1516 547 1497 1009 1919 980 2137 1575 1268 
536 1313 0 1497 1512 1285 1450 629 1276 1472 507 1999 924 1135 1069 440 1434 839 1051 1147 497 
1917 1868 1505 0 965 409 407 1885 334 28 1636 421 814 1687 1197 1147 894 1093 2246 1185 1193 
2186 2167 1769 988 0 1265 1299 2141 1018 960 1954 1718 1193 1943 799 1411 415 1309 2491 730 1445 
1787 1753 1381 410 1049 0 228 1755 323 385 1512 735 477 1583 1187 1068 1019 1054 2107 1192 1006 
1874 1868 1452 422 1040 228 0 1830 272 419 1583 609 629 1632 1112 1094 956 1018 2176 1122 1137 
694 1799 621 1904 1940 1785 1856 0 1673 1879 449 2415 1415 1629 1527 914 1856 1328 1031 1605 969 
1632 1623 1226 337 789 330 421 1600 0 309 1357 758 514 1453 899 878 735 783 1951 919 918 
1903 1868 1485 28 936 384 435 1870 309 0 1616 449 789 1664 1184 1127 866 1054 2225 1154 1173 
906 1481 451 1584 1599 1440 1546 399 1363 1559 0 2097 1088 1311 1214 594 1542 1018 807 1292 651 
2270 2207 1861 426 1366 747 592 2219 686 454 2046 0 1169 2035 1505 1503 1309 1428 2588 1515 1541 
1471 1509 1038 804 936 467 631 1426 533 779 1183 1482 0 1339 1112 786 873 986 1776 1067 620 
1632 547 1226 1758 1773 1619 1720 1600 1537 1733 1357 2282 1346 0 1391 822 1716 1078 1951 1469 1066 
1603 1572 1197 1117 773 1211 1245 1571 1062 1089 1328 1967 1054 1453 0 838 450 517 1925 85 971 
956 968 551 1283 1289 1053 1229 924 1062 1258 770 1967 769 781 815 0 1166 526 1298 893 393 
1944 1868 1536 914 422 1200 1245 1901 934 886 1667 1644 1058 1687 483 1169 0 976 2260 414 1193 
1319 988 909 1244 1249 1164 1206 1330 1016 1219 1087 1967 981 1015 521 541 968 0 1680 599 767 
1728 2286 1264 2429 2393 2273 2389 1205 2213 2404 866 2843 1907 2100 2008 1403 2337 1820 0 2069 1466 
1661 1572 1255 1117 697 1187 1221 1629 1037 1089 1386 1967 1024 1495 78 918 374 595 1984 0 983 
974 1267 567 1305 1318 989 1169 948 1050 1280 786 1967 613 1078 984 380 1185 774 1325 1057 0 
0 1662 506 1814 1768 1626 1696 687 1549 1778 815 2172 1287 1547 1372 792 1718 1186 1406 1444 876 
1754 0 1361 1914 1898 1745 1818 1729 1667 1889 1492 2269 1472 547 1423 971 1834 973 2086 1495 1236 
528 1307 0 1390 1361 1262 1283 609 1136 1365 413 1795 909 1206 1003 420 1311 814 1004 1076 504 
1934 1888 1511 0 936 383 407 1888 338 28 1642 421 781 1768 1139 1184 866 1113 2246 1078 1231 
1856 1868 1461 988 0 1049 1062 1830 886 960 1592 1393 893 1724 756 1134 416 1052 2182 686 1170 
1765 1773 1372 436 998 0 229 1740 309 411 1503 747 471 1658 1117 1074 956 1028 2107 1126 998 
1812 1868 1418 407 979 228 0 1786 261 419 1549 594 623 1691 1084 1091 921 1016 2144 1111 1121 
682 1740 671 1879 1836 1695 1764 0 1617 1854 366 2217 1365 1625 1451 863 1786 1258 996 1523 950 
1609 1625 1216 337 753 319 368 1584 0 309 1347 758 513 1510 859 870 698 777 1941 869 903 
1882 1868 1483 28 893 358 435 1870 310 0 1614 449 756 1747 1120 1156 838 1108 2225 1051 1190 
875 1418 424 1569 1534 1382 1462 376 1315 1544 0 1977 1053 1322 1145 552 1484 950 780 1213 636 
2186 2167 1780 405 1338 651 588 2139 618 433 1921 0 1089 1988 1435 1453 1288 1381 2516 1436 1481 
1371 1551 987 823 859 466 631 1361 533 798 1124 1218 0 1436 1037 760 804 967 1714 1028 614 
1664 547 1271 1775 1740 1607 1668 1639 1521 1750 1402 2159 1334 0 1398 830 1690 1088 1997 1470 1096 
1575 1572 1182 1145 759 1067 1082 1550 911 1117 1313 1550 983 1469 0 838 434 520 1904 78 912 
892 968 504 1194 1130 1033 1082 847 913 1169 635 1599 757 856 777 0 1076 478 1237 855 386 
1755 1773 1362 869 424 931 947 1730 772 841 1493 1276 779 1658 439 1032 0 912 2086 369 1070 
1286 988 861 1131 1049 1002 1018 1257 834 1106 1006 1505 922 1072 474 506 910 0 1591 552 764 
1487 2031 1025 2124 2136 1999 2064 1030 1916 2099 711 2470 1651 1873 1732 1162 2083 1556 0 1808 1231 
1626 1572 1233 1117 690 1077 1082 1601 913 1089 1364 1522 996 1539 78 888 365 598 1959 0 918 
944 1267 548 1194 1130 989 1082 891 922 1169 679 1599 613 1176 942 364 1076 759 1276 985 0 
0 1660 506 1683 1697 1618 1623 663 1481 1658 813 2017 1287 1488 1354 790 1644 1198 1406 1439 859 
1791 0 1399 1831 1865 1745 1767 1735 1625 1811 1530 2176 1472 547 1403 1003 1788 974 2137 1488 1281 
528 1307 0 1339 1353 1262 1279 604 1137 1314 406 1669 909 1123 985 420 1300 814 996 1070 489 
1845 1868 1452 0 936 383 407 1788 321 28 1583 405 781 1654 1108 1122 866 1046 2176 1118 1166 
1845 1868 1452 988 0 1004 1018 1788 862 960 1583 1393 886 1654 750 1122 415 1046 2176 681 1166 
1751 1696 1359 383 965 0 228 1695 280 358 1490 652 471 1524 1047 1029 921 1012 2086 1057 998 
1781 1762 1389 407 965 228 0 1725 260 408 1520 588 623 1590 1025 1059 891 994 2137 1035 1097 
673 1738 604 1753 1767 1688 1693 0 1551 1728 366 2086 1365 1566 1424 863 1714 1258 996 1509 936 
1574 1551 1182 337 727 311 358 1518 0 309 1313 711 513 1379 808 842 674 755 1904 818 876 
1819 1795 1424 28 891 358 435 1760 296 0 1555 433 756 1623 1070 1094 838 1024 2151 1080 1134 
866 1418 386 1455 1469 1382 1395 366 1253 1430 0 1785 1040 1256 1117 549 1416 970 777 1202 618 
2250 2228 1852 405 1327 727 592 2238 726 433 2035 0 1192 2069 1492 1522 1274 1453 2723 1489 1568 
1370 1441 987 770 859 466 631 1329 533 745 1124 1085 0 1266 1002 758 806 970 1714 1012 614 
1532 547 1140 1591 1605 1526 1531 1476 1389 1566 1271 1937 1255 0 1285 742 1552 1009 1864 1370 1010 
1508 1509 1116 1103 757 1037 1040 1452 893 1078 1247 1452 987 1338 0 779 434 471 1838 78 912 
889 968 501 1103 1117 1029 1034 837 884 1078 632 1452 758 776 769 0 1063 524 1237 839 380 
1750 1722 1358 877 422 891 896 1694 749 849 1489 1282 773 1550 434 1010 0 906 2086 365 1048 
1248 988 847 1049 1065 974 978 1225 824 1024 1006 1395 922 996 485 517 915 0 1568 555 746 
1476 2031 996 2073 2114 1999 2013 1020 1877 2048 711 2403 1660 1860 1723 1164 2061 1558 0 1812 1233 
1574 1572 1182 1112 688 1053 1062 1518 911 1087 1313 1452 996 1406 78 845 365 541 1904 0 918 
974 1267 575 1112 1130 989 1062 924 899 1087 706 1452 613 1078 935 364 1075 760 1303 952 0 
