21
10
5400
0
1082
1388
1388
1366
1295
1282
1158
1423
1441
1067
1063
1117
1247
1196
1043
1023
1464
1076
1074
919
0 838 391 886 524 365 1088 363 1054 792 752 989 1215 155 1200 875 1059 1059 60 980 510 
918 0 890 450 497 1063 652 894 253 1492 286 1739 2005 1019 764 43 331 1812 919 1713 1208 
420 847 0 895 566 436 1152 635 1054 824 729 1026 1241 528 1264 884 1085 1096 435 1011 581 
954 505 934 0 521 1112 365 945 254 1561 483 1868 2076 1058 477 538 675 1881 958 1762 1257 
569 520 561 513 0 715 715 530 710 1196 257 1373 1589 673 827 494 736 1443 573 1349 860 
386 970 408 1022 660 0 1224 601 1174 604 888 839 1013 489 1336 1007 1181 912 401 801 284 
1303 829 1313 378 879 1453 0 1323 572 1922 841 2160 2378 1412 300 866 1005 2230 1312 2105 1598 
308 817 584 865 503 558 1068 0 1035 997 731 1186 1402 328 1180 854 1036 1256 312 1171 703 
1086 257 1079 255 699 1239 573 1069 0 1706 536 1958 2195 1190 732 294 433 2028 1090 1911 1384 
792 1391 820 1428 1074 610 1630 1035 1595 0 1302 1085 1290 914 1742 1428 1602 1155 807 1066 707 
811 313 722 454 266 958 656 772 562 1414 0 1639 1866 926 768 275 569 1709 815 1611 1106 
971 1560 1004 1597 1250 775 1799 1203 1764 1126 1478 0 264 1086 1911 1597 1771 180 988 339 765 
1174 1760 1198 1797 1450 956 2052 1389 1971 1288 1678 265 0 1289 2164 1797 1985 199 1189 485 940 
155 945 516 999 628 490 1201 329 1149 924 856 1131 1347 0 1313 981 1158 1201 104 1101 635 
1420 1083 1438 615 1116 1570 311 1444 809 2086 1078 2238 2456 1529 0 1120 1239 2308 1429 2225 1715 
943 43 880 481 456 1089 683 935 290 1532 245 1779 2048 1048 795 0 368 1861 948 1739 1234 
1089 315 1079 632 709 1239 834 1099 436 1706 578 1958 2195 1196 951 352 0 2028 1096 1911 1384 
1084 1632 1106 1669 1322 850 1872 1299 1849 1196 1550 180 199 1177 1990 1669 1848 0 1099 292 840 
60 842 441 890 528 415 1152 367 1054 842 756 1042 1255 100 1264 879 1059 1112 0 1028 560 
971 1560 1004 1597 1250 776 1799 1203 1764 1126 1478 317 484 1086 1911 1597 1771 288 988 0 661 
564 1164 586 1201 838 283 1403 779 1368 784 1068 834 1013 667 1515 1201 1375 851 579 654 0 
0 1123 412 1119 614 397 1322 450 1367 985 875 1371 1690 191 1462 1090 1390 1491 60 1292 564 
1138 0 964 518 502 1256 791 1156 253 1826 286 2171 2426 1282 826 43 373 2298 1159 2106 1544 
425 962 0 1038 575 463 1241 728 1254 1017 735 1389 1708 540 1381 920 1295 1509 448 1346 630 
1241 529 1179 0 644 1415 480 1246 289 1969 586 2314 2579 1362 570 566 735 2441 1262 2253 1694 
642 541 566 554 0 779 827 661 745 1372 274 1719 2057 754 862 499 793 1873 662 1684 955 
396 1166 413 1218 726 0 1421 699 1455 843 953 1307 1506 494 1561 1124 1478 1318 419 1055 319 
1449 767 1311 387 792 1625 0 1462 597 2166 760 2537 2803 1491 301 804 1020 2664 1433 2471 1914 
404 1168 692 1165 653 677 1368 0 1412 1287 924 1696 2012 337 1508 1137 1435 1824 405 1553 844 
1403 267 1201 270 764 1561 653 1408 0 2126 548 2475 2741 1462 783 304 458 2602 1404 2409 1852 
887 1768 919 1775 1383 849 2045 1200 2045 0 1607 1536 1867 1020 2151 1793 2091 1656 934 1514 896 
888 319 734 489 270 1048 762 910 564 1608 0 1920 2179 1020 797 277 638 2054 934 1904 1335 
1107 2006 1135 2022 1564 925 2266 1395 2313 1359 1824 0 312 1251 2372 2029 2303 188 1142 369 876 
1309 2258 1339 2269 1768 1313 2513 1597 2563 1529 2066 271 0 1453 2619 2239 2555 224 1344 532 1085 
176 1236 536 1265 748 504 1468 366 1502 1126 1023 1502 1829 0 1608 1194 1525 1622 129 1391 671 
1508 812 1358 513 837 1684 358 1521 800 2239 805 2645 2905 1550 0 849 1133 2768 1492 2579 1977 
1092 43 898 557 461 1206 830 1120 292 1765 245 2096 2345 1232 865 0 410 2223 1127 2067 1492 
1426 350 1277 705 812 1602 937 1439 453 2166 609 2512 2772 1468 1047 387 0 2639 1410 2446 1914 
1191 2117 1221 2128 1650 1091 2372 1479 2422 1414 1933 180 237 1335 2478 2107 2414 0 1226 325 978 
65 1125 462 1151 625 447 1354 461 1369 1057 886 1422 1741 132 1494 1110 1392 1542 0 1326 614 
1213 2158 1243 2169 1672 1216 2413 1501 2463 1454 1943 378 568 1357 2519 2117 2455 341 1248 0 816 
607 1391 624 1466 979 328 1669 910 1703 972 1172 1123 1327 705 1818 1349 1716 1133 630 857 0 
0 981 446 1012 566 394 1234 401 1220 924 891 1276 1459 227 1423 1031 1331 1375 60 1224 610 
1143 0 1075 603 590 1280 824 1170 308 1792 305 2027 2285 1223 976 43 490 2125 1178 2048 1456 
521 1004 0 1040 652 507 1262 731 1243 1012 833 1329 1512 645 1451 1037 1354 1428 529 1286 723 
1127 647 1112 0 671 1252 454 1138 384 1764 589 1994 2246 1199 584 673 918 2092 1162 2014 1428 
629 587 616 583 0 748 804 604 857 1269 337 1588 1771 751 958 548 964 1687 645 1593 968 
442 1102 427 1129 708 0 1351 652 1341 789 1024 1145 1305 543 1540 1152 1452 1244 450 1042 372 
1422 955 1409 592 976 1567 0 1421 825 2150 884 2323 2593 1476 423 1005 1280 2421 1446 2357 1743 
350 981 648 1012 571 596 1234 0 1220 1124 896 1446 1629 403 1423 1031 1331 1545 366 1451 812 
1451 417 1442 375 1000 1596 757 1454 0 2224 706 2323 2593 1509 967 443 563 2421 1479 2357 1772 
906 1544 919 1585 1219 775 1808 1161 1783 0 1567 1355 1538 1065 1987 1594 1882 1454 940 1348 868 
977 334 802 628 327 1080 849 955 639 1601 0 1868 2049 1085 1001 295 713 1916 1011 1853 1256 
1171 1778 1161 1828 1465 975 2065 1428 2080 1324 1811 0 341 1347 2240 1828 2118 232 1206 475 968 
1340 1984 1324 2008 1634 1130 2196 1597 2272 1486 1969 324 0 1516 2371 2011 2278 233 1375 628 1122 
205 1143 616 1171 759 564 1393 394 1382 1080 1084 1377 1560 0 1582 1193 1493 1476 183 1382 780 
1451 955 1442 607 992 1596 379 1454 986 2224 899 2323 2593 1509 0 1005 1306 2421 1479 2357 1772 
1192 43 1075 640 549 1337 861 1203 345 1891 264 2084 2354 1272 1041 0 527 2182 1227 2084 1513 
1371 395 1368 829 974 1516 1052 1380 576 2109 684 2249 2519 1435 1241 421 0 2347 1405 2290 1692 
1263 1909 1247 1928 1557 1079 2116 1520 2197 1437 1936 221 257 1439 2291 1936 2203 0 1298 419 1062 
79 1004 489 1040 588 437 1262 423 1243 981 927 1303 1486 175 1451 1054 1354 1402 0 1248 653 
1171 1778 1161 1828 1465 977 2065 1428 2080 1324 1811 469 719 1347 2240 1828 2118 462 1206 0 832 
695 1341 680 1382 972 363 1604 911 1580 946 1320 1176 1348 796 1793 1391 1691 1111 703 832 0 
0 975 481 1017 577 419 1209 440 1235 946 931 1113 1371 221 1329 1008 1209 1230 76 1147 585 
1091 0 1101 550 588 1235 787 1119 424 1755 363 1956 2215 1173 946 57 437 2075 1121 2027 1399 
601 1102 0 1174 633 539 1400 850 1429 1011 908 1165 1436 758 1520 1060 1421 1282 634 1207 705 
1075 632 1099 0 663 1235 433 1084 403 1755 640 1956 2215 1163 577 649 855 2075 1121 2027 1399 
590 622 665 645 0 744 882 615 951 1304 391 1425 1696 702 1014 580 917 1542 623 1489 915 
449 1116 482 1097 736 0 1323 698 1372 774 1103 888 1205 584 1443 1149 1365 992 482 985 313 
1315 876 1353 528 907 1471 0 1317 779 2027 884 2184 2431 1405 390 893 1129 2303 1334 2241 1635 
354 975 682 1017 577 620 1209 0 1235 1193 931 1311 1582 391 1329 1008 1209 1428 373 1400 786 
1315 404 1353 387 940 1471 779 1317 0 2027 743 2184 2431 1405 974 435 594 2303 1334 2241 1635 
948 1646 980 1640 1266 827 1900 1185 1930 0 1588 1243 1514 1118 2025 1679 1888 1360 1005 1308 845 
954 367 857 588 375 1119 825 977 784 1629 0 1868 2153 1078 975 325 708 1967 983 1935 1283 
1082 1776 1106 1770 1375 924 2064 1330 2057 1304 1697 0 349 1279 2128 1813 2000 217 1137 473 915 
1310 1936 1292 1986 1599 1163 2294 1558 2274 1496 1922 353 0 1507 2358 1972 2208 259 1365 658 1147 
242 1150 690 1159 777 597 1385 426 1406 1201 1119 1329 1600 0 1505 1183 1399 1446 204 1400 763 
1366 905 1404 568 945 1518 409 1368 982 2054 929 2231 2478 1456 0 936 1155 2350 1385 2288 1682 
1132 43 1075 581 548 1282 818 1120 463 1826 323 2018 2254 1205 974 0 470 2137 1151 2075 1446 
1252 404 1292 722 876 1408 957 1254 590 1940 717 2133 2380 1364 1077 435 0 2252 1271 2190 1572 
1210 1876 1192 1907 1499 1047 2215 1458 2200 1397 1838 207 239 1407 2279 1912 2148 0 1265 436 1019 
81 1008 556 1045 629 494 1271 492 1264 1011 976 1188 1459 145 1391 1041 1257 1305 0 1252 660 
1164 1843 1140 1859 1453 986 2163 1412 2174 1358 1775 408 647 1361 2227 1879 2099 423 1219 0 808 
679 1347 712 1341 972 342 1567 935 1603 887 1294 968 1247 814 1687 1380 1596 1039 712 851 0 
0 956 413 1015 584 389 1189 410 1266 946 880 1106 1332 221 1321 992 1192 1226 76 1150 598 
1099 0 1057 593 602 1263 800 1102 295 1787 299 2003 2241 1194 958 51 390 2173 1126 1967 1445 
480 956 0 1015 633 461 1220 692 1266 952 798 1131 1379 640 1352 992 1195 1251 503 1163 670 
1070 604 1057 0 703 1230 410 1074 373 1754 635 1974 2227 1158 557 646 860 2144 1097 1947 1412 
599 563 594 648 0 749 847 555 851 1299 335 1458 1689 714 1001 522 905 1578 622 1428 1015 
446 1047 436 1091 699 0 1296 658 1360 805 987 1088 1308 568 1428 1083 1297 1208 469 1093 365 
1364 893 1354 502 974 1517 0 1331 749 2037 907 2297 2536 1443 366 937 1157 2467 1391 2301 1699 
352 916 638 967 560 614 1166 0 1195 1146 856 1323 1554 371 1298 961 1192 1443 375 1315 823 
1371 360 1373 349 961 1524 759 1342 0 2038 655 2297 2536 1458 909 407 512 2467 1398 2303 1706 
887 1486 923 1536 1144 799 1741 1100 1799 0 1432 1246 1477 1055 1870 1522 1736 1366 919 1233 858 
954 329 750 558 353 1123 757 911 617 1647 0 1872 2113 1078 909 288 673 2042 966 1846 1305 
1108 1717 1152 1767 1374 924 1986 1317 2045 1355 1662 0 346 1263 2120 1753 1987 262 1135 406 969 
1339 1977 1365 2038 1605 1194 2223 1548 2260 1557 1896 310 0 1494 2357 2008 2253 263 1366 589 1164 
219 1070 568 1116 724 537 1321 385 1383 1089 1007 1253 1484 0 1453 1106 1320 1373 188 1246 746 
1364 896 1354 600 977 1517 381 1331 996 2037 911 2297 2536 1443 0 943 1157 2467 1391 2301 1699 
1123 49 972 619 560 1288 818 1102 334 1824 257 2017 2273 1203 977 0 420 2187 1150 1997 1470 
1289 428 1303 773 960 1442 975 1255 484 1991 676 2184 2423 1376 1118 475 0 2354 1316 2195 1624 
1200 1826 1226 1886 1466 1054 2070 1409 2134 1429 1754 225 277 1355 2204 1857 2077 0 1227 365 1007 
66 989 479 1042 621 455 1247 447 1302 1013 912 1180 1411 145 1379 1025 1239 1300 0 1165 664 
1096 1667 1118 1717 1324 873 1926 1305 1982 1299 1612 384 644 1251 2060 1703 1924 400 1123 0 742 
661 1257 651 1307 919 335 1512 873 1570 924 1205 1073 1234 783 1644 1293 1507 1051 684 791 0 
0 999 443 1040 596 399 1291 426 1287 897 883 1139 1311 209 1362 1030 1310 1227 78 1078 645 
1207 0 1021 641 548 1327 853 1228 346 1895 319 2059 2271 1333 970 50 418 2200 1242 2024 1487 
546 976 0 1013 631 501 1264 743 1264 946 791 1192 1357 696 1335 1007 1287 1279 565 1151 735 
1121 633 1119 0 722 1246 406 1156 418 1795 618 1984 2200 1209 523 669 906 2109 1152 1958 1406 
671 569 628 642 0 841 854 644 917 1363 308 1586 1756 774 970 530 900 1673 686 1546 1052 
470 1225 455 1212 754 0 1463 667 1513 801 1037 1023 1214 607 1534 1256 1536 1117 489 988 408 
1430 943 1440 518 1021 1538 0 1464 788 2052 942 2280 2469 1524 363 974 1237 2421 1467 2268 1698 
347 976 658 1013 573 614 1264 0 1264 1153 860 1345 1515 393 1335 1007 1287 1432 362 1309 860 
1437 393 1371 382 940 1545 723 1482 0 2052 712 2348 2537 1542 908 443 537 2489 1485 2336 1705 
918 1665 922 1652 1265 783 1901 1183 1979 0 1578 1282 1452 1066 2031 1696 1924 1369 987 1216 833 
975 337 810 558 321 1133 770 988 683 1682 0 1878 2120 1129 887 298 668 2002 1011 1839 1293 
1149 1899 1232 1926 1458 960 2114 1413 2166 1363 1771 0 329 1305 2252 1935 2242 204 1247 413 945 
1372 2071 1448 2133 1681 1158 2349 1636 2338 1562 2013 367 0 1528 2487 2107 2414 275 1470 645 1136 
243 1271 671 1258 811 615 1509 395 1559 1186 1117 1359 1529 0 1580 1302 1582 1446 164 1343 861 
1430 943 1440 623 1021 1538 392 1464 1041 2052 942 2280 2469 1524 0 974 1237 2421 1467 2268 1698 
1164 43 964 672 507 1289 884 1185 389 1848 278 2032 2225 1295 1010 0 461 2167 1199 1998 1449 
1430 438 1384 865 958 1538 1113 1464 545 2052 730 2280 2469 1524 1184 488 0 2421 1467 2268 1698 
1309 2002 1385 2061 1618 1074 2277 1573 2269 1476 1960 222 272 1465 2415 2038 2345 0 1407 371 1034 
87 1090 527 1089 648 483 1340 478 1378 981 946 1217 1387 131 1411 1121 1401 1304 0 1165 729 
1149 1899 1221 1926 1458 950 2114 1413 2166 1363 1771 479 682 1305 2252 1935 2242 421 1247 0 861 
684 1430 669 1417 972 334 1668 881 1718 924 1302 976 1214 821 1739 1461 1741 1065 703 819 0 
0 1045 428 1037 589 390 1262 427 1374 886 908 1171 1417 213 1401 1076 1343 1246 79 1252 654 
1183 0 1075 603 577 1342 848 1197 391 2010 346 2158 2361 1321 947 43 495 2307 1228 2149 1554 
494 1007 0 1073 663 461 1298 705 1386 924 743 1193 1439 663 1437 967 1380 1268 526 1274 725 
1183 669 1227 0 701 1322 447 1197 367 1964 613 2114 2317 1309 543 693 867 2263 1228 2129 1534 
650 554 694 674 0 813 908 616 931 1388 338 1549 1795 794 1031 513 926 1624 682 1619 1018 
447 1179 486 1181 715 0 1406 658 1506 727 1022 1156 1374 581 1545 1192 1477 1231 479 1056 426 
1727 1227 1777 569 1250 1904 0 1741 752 2512 1150 2661 2901 1906 345 1250 1257 2802 1772 2677 2130 
369 1045 704 1031 578 666 1256 0 1361 1254 892 1450 1696 465 1395 1076 1343 1525 401 1520 915 
1456 441 1475 384 1014 1618 736 1470 0 2276 778 2460 2663 1605 947 475 558 2609 1501 2453 1830 
876 1663 894 1681 1141 790 1914 1131 1966 0 1449 1288 1534 1043 2047 1623 2017 1363 919 1353 867 
923 343 812 546 288 1080 791 885 709 1649 0 1787 2072 1082 887 302 707 1900 960 1833 1292 
1138 1979 1146 2005 1440 981 2199 1408 2296 1388 1748 0 298 1310 2332 1940 2277 185 1186 522 984 
1318 2209 1326 2179 1620 1233 2373 1588 2466 1582 1912 316 0 1490 2506 2170 2480 247 1366 673 1202 
215 1215 621 1207 781 583 1432 406 1532 1175 1087 1403 1649 0 1571 1246 1513 1478 154 1473 847 
1727 1405 1893 833 1509 1856 425 1750 1009 2472 1409 2621 2839 1859 0 1428 1491 2782 1775 2637 2085 
1147 51 1021 627 535 1322 872 1161 411 1964 304 2114 2317 1309 975 0 513 2263 1192 2129 1534 
1383 433 1464 818 985 1545 1039 1397 538 2223 770 2340 2543 1532 1178 467 0 2489 1428 2345 1757 
1285 2128 1293 2179 1587 1133 2373 1555 2466 1505 1896 189 208 1457 2506 2089 2480 0 1333 458 1068 
61 1111 489 1108 640 451 1333 478 1433 952 979 1237 1483 182 1472 1124 1409 1312 0 1291 715 
1102 1944 1118 1961 1402 937 2155 1372 2248 1341 1710 450 627 1274 2288 1905 2229 435 1150 0 823 
684 1469 723 1461 952 353 1686 895 1786 894 1260 1071 1275 818 1853 1434 1767 1038 716 798 0 
0 1240 421 1265 685 518 1545 446 1544 1149 955 1219 1375 182 1665 1200 1576 1289 66 1241 667 
1267 0 964 626 513 1518 975 1338 335 1996 294 2180 2319 1365 1147 43 536 2252 1278 2187 1688 
527 1052 0 1237 685 564 1517 828 1422 1035 757 1150 1282 640 1637 1012 1362 1220 536 1172 676 
1201 611 1157 0 625 1476 484 1272 371 2085 542 2291 2430 1282 605 642 873 2363 1212 2279 1646 
731 622 573 717 0 1096 1027 708 949 1531 269 1637 1793 862 1147 583 926 1707 735 1659 1194 
504 1360 472 1550 975 0 1830 821 1730 876 1134 989 1132 617 1964 1320 1696 1059 529 938 318 
1614 1081 1573 505 1064 1912 0 1838 711 2488 1031 2676 2831 1662 322 1120 1160 2761 1605 2683 2099 
355 1233 646 1265 676 743 1545 0 1544 1311 945 1423 1579 333 1665 1193 1569 1493 359 1445 892 
1479 341 1311 294 851 1767 687 1692 0 2322 632 2524 2663 1527 899 380 537 2596 1470 2531 1953 
945 1860 919 2052 1420 846 2419 1268 2218 0 1620 1232 1388 1062 2594 1820 2190 1302 952 1254 794 
991 389 743 692 292 1282 1003 1016 715 1794 0 1956 2096 1112 1123 350 695 2028 1002 1938 1452 
1615 2462 1536 2674 2043 1328 2990 1920 2827 1747 2234 0 298 1677 3138 2423 2798 201 1626 355 1092 
1740 2567 1661 2793 2155 1399 3071 2038 2914 1881 2339 265 0 1804 3219 2528 2927 199 1751 539 1134 
210 1397 580 1458 867 634 1738 377 1737 1223 1164 1373 1529 0 1851 1357 1733 1443 148 1395 783 
1739 1267 1748 766 1368 2088 349 1810 934 2578 1321 2768 2920 1804 0 1306 1454 2842 1747 2780 2275 
1171 43 919 657 473 1473 1012 1242 377 1979 254 2124 2263 1292 1168 0 567 2196 1182 2135 1643 
1614 439 1351 871 912 1912 1164 1796 601 2376 692 2555 2694 1662 1398 478 0 2627 1605 2562 2099 
1623 2484 1544 2674 2043 1253 2990 1920 2851 1755 2256 180 209 1684 3138 2445 2823 0 1634 340 988 
71 1260 486 1315 719 583 1595 480 1594 1156 1004 1288 1444 131 1715 1220 1596 1358 0 1310 732 
1405 2255 1340 2412 1812 1025 2787 1741 2610 1571 2029 431 569 1456 2949 2216 2586 376 1433 0 762 
729 1575 697 1735 1160 352 2143 1091 1990 1011 1349 1023 1093 842 2318 1535 1919 912 754 714 0 
0 1041 391 1073 549 425 1321 392 1234 975 777 1058 1251 155 1413 1013 1266 1128 60 1099 596 
951 0 922 496 500 1129 722 981 253 1614 286 1732 1913 1065 834 43 360 1804 965 1726 1296 
435 960 0 1064 566 482 1312 677 1204 975 729 1061 1251 539 1404 920 1231 1131 439 1111 653 
971 507 968 0 535 1141 394 999 301 1630 497 1748 1931 1083 506 538 722 1818 986 1742 1308 
588 534 561 560 0 802 786 606 732 1270 257 1395 1569 703 898 494 822 1465 603 1389 975 
452 1170 443 1208 724 0 1456 694 1374 739 956 968 1120 524 1548 1155 1395 981 456 899 310 
1330 835 1316 378 891 1500 0 1323 572 1980 853 2119 2293 1438 300 872 1005 2189 1340 2177 1667 
322 1041 598 1073 546 632 1321 0 1226 1105 774 1263 1437 328 1413 1013 1266 1333 326 1263 803 
1140 263 1115 255 725 1310 579 1128 0 1824 544 1926 2105 1250 761 300 433 1996 1150 1933 1477 
805 1445 822 1483 1123 658 1731 1035 1649 0 1351 1107 1281 914 1833 1482 1670 1177 809 1155 751 
830 313 722 497 266 1042 723 848 562 1512 0 1630 1810 951 835 275 603 1700 845 1624 1209 
1163 1805 1190 1841 1475 989 2059 1378 2028 1349 1703 0 264 1278 2171 1842 2043 180 1178 348 915 
1355 2050 1382 2045 1667 1148 2260 1570 2237 1529 1902 265 0 1470 2372 2087 2270 199 1370 494 1051 
164 1146 516 1184 677 535 1432 329 1350 1024 911 1182 1356 0 1524 1138 1371 1252 104 1206 706 
1550 1077 1519 615 1163 1720 311 1526 809 2191 1099 2359 2533 1641 0 1114 1239 2429 1556 2417 1894 
987 43 880 527 459 1163 753 1006 290 1638 245 1756 1931 1096 865 0 397 1828 996 1750 1330 
1159 333 1138 673 751 1329 930 1156 436 1824 600 1942 2119 1269 1044 370 0 2012 1169 1939 1496 
1268 1923 1295 1963 1580 1056 2178 1483 2127 1424 1817 180 199 1383 2290 1960 2143 0 1283 301 857 
60 1059 446 1099 573 480 1347 416 1263 997 801 1131 1305 100 1439 1034 1284 1201 0 1155 651 
1034 1686 1106 1724 1359 849 1948 1249 1911 1258 1587 317 484 1149 2060 1723 1919 288 1049 0 658 
627 1271 621 1309 905 283 1557 869 1475 866 1135 892 1048 702 1649 1308 1496 918 631 692 0 
0 839 391 886 524 365 1088 364 1054 802 752 1019 1263 155 1200 876 1059 1089 60 1011 510 
929 0 931 457 497 1071 659 945 253 1486 286 1690 1954 1039 771 43 331 1760 939 1672 1216 
420 829 0 876 560 436 1088 636 1035 878 729 1085 1343 528 1200 866 1059 1155 435 1066 581 
971 504 957 0 534 1120 365 999 254 1536 496 1740 2005 1082 477 541 675 1812 982 1722 1265 
563 521 564 513 0 708 715 557 710 1181 257 1333 1592 673 827 494 732 1403 573 1315 853 
386 970 408 1022 662 0 1224 602 1174 602 890 845 1031 489 1336 1007 1184 918 401 789 284 
1167 730 1165 397 730 1312 0 1178 574 1720 692 1926 2181 1279 300 767 948 1996 1179 1911 1457 
308 818 584 865 503 558 1068 0 1035 997 731 1224 1483 328 1180 855 1036 1294 312 1184 703 
1110 257 1101 255 711 1255 573 1133 0 1663 536 1868 2132 1222 732 294 433 1942 1122 1864 1400 
781 1407 835 1442 1074 610 1644 999 1611 0 1315 1087 1343 896 1756 1444 1621 1157 796 1066 687 
805 313 731 454 266 956 656 799 562 1397 0 1579 1838 926 768 275 569 1649 815 1561 1099 
971 1575 1041 1610 1250 774 1830 1181 1779 1111 1491 0 264 1086 1927 1612 1789 180 990 339 764 
1138 1736 1167 1771 1411 956 1988 1353 1954 1272 1652 265 0 1253 2100 1773 1959 199 1155 485 940 
155 945 516 999 628 490 1201 329 1149 946 856 1129 1388 0 1313 981 1159 1199 104 1114 635 
1230 786 1221 498 786 1375 311 1232 750 1783 748 2007 2237 1342 0 823 998 2077 1242 1989 1520 
965 43 889 488 456 1112 690 981 290 1510 245 1714 1969 1071 802 0 368 1784 971 1696 1257 
1116 313 1112 646 723 1261 848 1133 436 1669 578 1889 2153 1228 961 350 0 1959 1128 1864 1406 
1039 1646 1106 1681 1321 849 1884 1254 1855 1181 1562 180 199 1154 1999 1683 1870 0 1056 292 839 
60 843 441 890 528 415 1152 368 1054 852 756 1058 1322 100 1264 880 1059 1128 0 1040 560 
971 1575 1041 1610 1250 775 1830 1181 1779 1111 1491 317 484 1086 1927 1612 1789 288 990 0 646 
564 1172 586 1207 840 283 1409 780 1376 730 1083 840 1031 667 1521 1209 1386 843 579 646 0 
