13
5
10800
0
2015
2076
2293
2589
2646
2287
2070
1829
2456
2690
2658
2215
0 1168 913 1380 926 41 1072 1767 309 175 753 988 435 
1183 0 393 1592 453 1217 963 2034 1021 1142 973 495 779 
930 406 0 1275 112 967 672 1670 731 876 648 174 530 
1344 1548 1225 0 1115 1331 798 1186 1398 1223 648 1057 1083 
953 477 114 1163 0 987 560 1574 755 891 536 67 554 
41 1212 945 1362 961 0 1099 1748 346 162 740 1007 456 
1090 960 672 826 562 1077 0 1229 950 952 381 526 756 
1738 1944 1610 1220 1500 1725 1245 0 1796 1617 1048 1442 1479 
308 1033 713 1450 728 345 948 1874 0 461 819 789 402 
175 1187 940 1286 948 162 1031 1670 462 0 660 921 546 
752 994 639 643 529 739 379 974 825 631 0 471 509 
968 510 182 1117 73 955 524 1498 823 842 487 0 622 
435 798 545 1117 560 456 730 1498 377 546 492 621 0 
0 1544 1188 1792 1175 41 1370 2094 492 223 991 1246 544 
1602 0 466 1954 512 1590 1263 2262 1379 1446 1164 626 1061 
1238 553 0 1566 156 1227 957 1883 991 1096 797 270 688 
1621 1923 1543 0 1369 1601 1053 1488 1747 1457 793 1281 1408 
1251 693 239 1410 0 1232 794 1721 1024 1088 641 114 709 
63 1574 1218 1766 1205 0 1387 2059 532 210 965 1276 580 
1337 1350 914 1056 730 1317 0 1488 1189 1173 465 652 861 
2018 2300 1927 1504 1764 2005 1500 0 2131 1814 1196 1676 1791 
461 1352 907 1792 927 498 1190 2094 0 684 991 998 513 
260 1544 1188 1640 1175 225 1302 1974 737 0 858 1192 765 
918 1238 802 753 636 917 501 1232 1074 714 0 528 671 
1157 699 274 1334 110 1140 743 1640 1057 1004 554 0 737 
553 1073 713 1410 719 590 1002 1721 528 711 643 812 0 
0 1360 1097 1597 1089 41 1336 1986 504 175 868 1140 518 
1505 0 449 1864 552 1492 1324 2237 1328 1346 1135 627 1040 
1105 491 0 1445 169 1098 948 1809 932 952 740 241 611 
1461 1742 1400 0 1232 1448 1094 1296 1642 1302 732 1140 1273 
1135 569 185 1301 0 1126 814 1670 969 980 608 99 659 
41 1360 1097 1558 1089 0 1381 1954 541 162 855 1121 555 
1191 1228 944 921 768 1178 0 1406 1198 1032 429 689 836 
1918 2223 1880 1424 1681 1905 1550 0 2065 1758 1195 1589 1725 
351 1198 877 1655 862 388 1187 2034 0 515 914 947 470 
212 1355 1076 1452 1068 199 1280 1814 695 0 743 1010 680 
786 1025 729 671 563 773 472 1068 1034 657 0 484 573 
1055 608 266 1244 96 1042 736 1578 1032 896 529 0 715 
468 960 693 1268 678 505 856 1668 441 632 571 743 0 
0 1730 1284 1662 1287 90 1409 2061 464 288 918 1210 551 
1586 0 474 1856 540 1573 1279 2240 1438 1418 1127 591 1118 
1172 453 0 1512 167 1159 918 1798 989 1004 771 234 698 
1548 1858 1434 0 1287 1535 1037 1414 1788 1380 773 1210 1395 
1148 521 176 1347 0 1135 748 1646 1022 980 604 67 732 
41 1663 1217 1633 1241 0 1387 2020 505 237 918 1185 592 
1316 1273 895 1020 723 1303 0 1461 1264 1148 485 704 892 
2057 2179 1919 1508 1713 2033 1516 0 2175 1824 1214 1636 1864 
470 1503 1050 1745 1074 512 1241 2136 0 680 1018 1127 550 
212 1554 1112 1535 1136 191 1286 1824 662 0 798 1086 760 
894 1176 775 797 603 876 476 1135 1108 713 0 528 703 
1092 553 250 1299 78 1079 697 1583 1084 924 553 0 787 
529 1128 710 1399 728 565 872 1678 521 683 658 795 0 
0 1316 983 1479 998 41 1137 1798 352 175 824 1060 470 
1312 0 393 1619 453 1301 963 1940 1066 1167 991 498 815 
1001 406 0 1362 112 1038 672 1652 752 924 667 174 560 
1406 1595 1298 0 1188 1393 833 1195 1557 1259 693 1130 1241 
1031 477 114 1247 0 1068 560 1549 778 946 555 67 586 
41 1353 1025 1467 1040 0 1162 1782 391 162 811 1102 502 
1127 960 672 883 562 1114 0 1284 1015 980 399 526 754 
1918 2121 1792 1351 1682 1905 1394 0 2042 1754 1193 1624 1713 
360 1090 737 1524 752 397 1001 1859 0 510 877 813 436 
175 1413 1094 1387 1065 162 1093 1707 469 0 718 1007 632 
803 994 659 711 549 790 383 1036 894 656 0 491 597 
1037 510 182 1214 73 1024 524 1512 846 888 506 0 654 
483 994 702 1262 717 506 754 1585 413 623 568 701 0 
