25
10
5400
0
1085
1005
908
1075
1392
1002
1266
900
1124
929
915
1161
1436
1202
1285
1219
923
1471
1102
1292
1293
1310
1363
905
0 1019 354 848 1001 1463 550 992 324 475 914 795 287 566 309 753 553 699 624 665 362 1248 395 931 265 
1089 0 838 1641 1787 2192 1355 1779 945 1232 1704 1615 1095 1323 853 1546 1358 1261 1417 1458 993 1961 1188 208 999 
537 887 0 1104 1250 1289 791 1241 222 685 1166 1066 446 776 107 1008 794 530 865 920 448 1084 636 787 276 
980 1866 1321 0 366 2512 781 924 1304 984 403 1103 1118 839 1272 451 673 1630 612 539 981 2306 820 1763 1245 
1065 1919 1344 375 0 2512 1076 1207 1352 1275 369 1370 1352 1129 1295 465 968 1653 656 498 1026 2306 1043 1831 1330 
1607 2079 1299 2149 2295 0 1858 2291 1192 1698 2231 2105 1411 1850 1304 2073 1861 1174 1935 1985 1475 617 1691 1961 1239 
552 1463 890 663 809 2108 0 593 876 315 786 409 587 212 841 734 118 1212 694 735 542 1814 398 1363 817 
929 1812 1272 916 1126 2427 647 0 1253 845 1086 502 1118 762 1223 1044 541 1581 1020 1097 914 2221 768 1712 1194 
598 1075 293 1168 1314 1105 833 1267 0 718 1201 1103 431 837 298 1043 836 457 926 955 467 929 678 998 261 
551 1266 733 755 903 1816 337 830 588 0 878 561 289 265 690 826 411 972 808 887 617 1599 500 1163 529 
800 1685 1157 403 387 2317 881 1148 1126 1000 0 1154 1089 858 1111 158 844 1469 349 246 771 2111 731 1585 1067 
729 1609 1071 840 991 2261 454 457 1056 557 964 0 829 569 1022 913 348 1388 871 920 719 2031 575 1509 1004 
444 1171 444 971 1126 1463 614 1108 299 291 1086 838 0 485 449 943 688 677 797 838 510 1248 493 1026 240 
487 1338 819 599 745 1955 203 760 771 274 722 576 472 0 770 670 258 1133 652 731 538 1739 394 1239 712 
532 882 107 1084 1230 1329 786 1218 259 680 1157 1066 483 771 0 1008 789 567 860 920 433 1131 631 782 313 
642 1537 997 454 483 2192 797 1098 971 920 158 1066 951 777 953 0 763 1325 268 88 613 1965 642 1437 911 
459 1338 797 570 716 1931 126 606 783 393 693 422 651 267 748 641 0 1107 601 642 449 1714 305 1239 724 
843 1311 537 1396 1542 1289 1110 1534 426 941 1455 1370 650 1084 542 1297 1113 0 1184 1209 712 1084 938 1204 474 
527 1421 881 614 673 2108 682 1031 851 824 348 932 814 683 836 262 669 1198 0 174 531 1814 527 1321 792 
554 1463 912 542 516 2120 709 1098 878 894 246 956 841 753 863 88 712 1229 181 0 525 1829 554 1363 819 
238 1011 434 770 917 1517 472 903 443 622 775 717 504 516 385 617 475 744 520 529 0 1302 317 900 498 
1438 1911 1130 1975 2121 620 1689 2117 1045 1551 2046 1948 1264 1677 1135 1888 1692 1086 1766 1793 1306 0 1522 1789 1099 
372 1266 726 609 755 1889 311 740 696 496 731 556 488 355 681 657 314 1049 550 604 411 1672 0 1152 637 
957 227 719 1517 1663 1987 1231 1655 825 1106 1580 1491 973 1198 734 1422 1234 1133 1293 1334 868 1759 1064 0 879 
481 1075 285 1043 1189 1289 735 1171 140 528 1101 981 241 722 290 943 738 477 809 850 460 1084 580 944 0 
0 1179 401 1100 1207 1923 718 1303 332 551 1242 1023 295 642 345 1029 717 746 802 893 498 1585 527 1091 273 
1340 0 874 2016 2167 2414 1678 2196 990 1481 2090 1936 1326 1622 917 1895 1664 1390 1718 1750 1142 2092 1466 208 1080 
640 966 0 1403 1510 1705 1045 1607 235 741 1530 1305 454 892 108 1328 1040 575 1150 1215 577 1410 819 849 299 
988 2102 1460 0 367 2973 730 976 1370 876 458 1023 1077 734 1357 485 673 1848 637 577 923 2644 697 1975 1323 
1083 2189 1555 392 0 3046 809 1208 1465 962 374 1103 1154 813 1452 476 796 1967 692 507 1097 2671 776 2094 1418 
1895 2242 1365 2575 2741 0 2251 2796 1268 1975 2671 2501 1604 2202 1378 2464 2271 1460 2320 2334 1703 650 2021 2163 1358 
726 1612 1066 784 858 2414 0 744 911 337 825 476 608 235 1032 804 144 1384 892 896 692 2092 454 1548 848 
1169 2242 1641 1057 1207 3147 712 0 1551 946 1242 523 1242 859 1538 1146 596 2097 1273 1263 1201 2792 871 2163 1504 
668 1179 300 1440 1547 1523 1042 1642 0 714 1545 1270 427 931 306 1343 1068 479 1201 1254 593 1273 847 1050 272 
621 1387 742 871 953 2137 356 946 591 0 949 572 292 286 748 891 433 1026 1024 1009 771 1797 531 1304 532 
988 2102 1460 512 387 2973 774 1149 1370 922 0 1072 1116 778 1357 169 761 1848 388 261 960 2644 741 1975 1323 
896 1931 1349 971 1048 2772 465 489 1193 589 1079 0 860 610 1266 986 349 1664 1090 1103 862 2448 624 1938 1140 
495 1276 450 1089 1196 1871 633 1252 299 291 1242 849 0 534 456 1146 710 713 1016 1069 645 1551 565 1187 240 
669 1459 906 700 774 2265 203 924 773 297 741 599 474 0 864 720 258 1251 829 812 658 1952 420 1393 714 
607 966 107 1369 1476 1838 1028 1586 276 782 1504 1289 495 887 0 1302 994 616 1121 1174 572 1526 786 844 340 
800 1758 1228 643 516 2611 808 1208 1176 962 222 1103 1153 812 1185 0 795 1568 299 92 793 2276 775 1694 1129 
619 1606 1058 677 751 2414 128 704 968 432 718 496 703 300 985 697 0 1388 785 789 585 2092 347 1542 892 
929 1417 574 1755 1879 1838 1301 1929 457 965 1814 1531 676 1221 580 1564 1392 0 1403 1435 866 1526 1154 1340 521 
656 1612 1093 749 739 2447 860 1251 994 1063 414 1157 973 905 1015 326 859 1427 0 199 649 2112 669 1548 939 
708 1680 1137 765 551 2505 933 1307 1046 1105 360 1208 1065 974 1068 138 919 1482 229 0 701 2170 721 1616 991 
348 1322 686 1063 1156 2077 655 1254 680 827 1150 962 643 744 649 820 654 1026 696 684 0 1759 464 1215 621 
1829 2189 1293 2529 2680 814 2205 2724 1196 1889 2578 2451 1532 2136 1306 2385 2225 1373 2227 2249 1631 0 1966 2094 1286 
446 1412 847 809 883 2237 424 976 778 574 850 719 609 467 791 829 423 1213 748 826 545 1914 0 1336 719 
1206 249 791 1824 2021 2340 1544 2078 911 1361 1940 1805 1202 1502 824 1745 1530 1298 1584 1616 1055 2017 1332 0 980 
481 1179 291 1247 1354 1690 851 1446 140 527 1390 1115 240 770 297 1167 850 517 953 1038 583 1395 660 1050 0 
0 1307 466 986 1180 1764 655 1246 389 568 1150 944 467 689 345 954 674 760 827 804 515 1521 444 1107 343 
1435 0 1157 2016 2231 2549 1712 2339 1264 1689 2220 2013 1495 1737 1218 2072 1761 1611 1910 1948 1368 2273 1543 289 1373 
653 1063 0 1221 1447 1594 929 1506 238 784 1396 1226 603 911 117 1229 992 556 1065 1117 569 1351 713 906 340 
1031 2077 1432 0 498 2691 916 1288 1421 1127 591 1226 1294 890 1354 710 943 1778 844 845 1049 2415 836 1928 1344 
1072 2118 1477 439 0 2732 976 1472 1466 1178 428 1274 1343 945 1399 578 1022 1834 862 682 1115 2462 899 1969 1385 
1747 2309 1405 2294 2509 0 1998 2583 1285 2007 2498 2257 1645 2092 1447 2338 2020 1403 2173 2214 1630 880 1858 2160 1394 
680 1812 1098 793 972 2344 0 825 1077 481 1016 492 860 300 1020 1005 143 1434 945 949 728 2076 506 1606 999 
1257 2309 1662 1256 1545 2954 895 0 1651 1135 1494 652 1492 1068 1584 1485 757 2036 1512 1570 1295 2661 1112 2160 1570 
750 1311 336 1320 1546 1440 1004 1585 0 872 1495 1305 610 988 340 1300 1053 481 1158 1188 616 1179 796 1121 339 
733 1626 933 986 1185 2142 425 1156 831 0 1150 655 402 380 876 1141 541 1234 1146 1191 864 1872 712 1426 754 
1048 2083 1453 552 450 2710 985 1483 1442 1182 0 1305 1347 945 1375 207 1034 1799 513 343 1049 2436 922 1934 1361 
929 1982 1316 1034 1260 2576 571 603 1305 676 1212 0 1035 650 1238 1203 433 1662 1158 1191 963 2300 743 1847 1242 
631 1459 603 1199 1425 1793 788 1480 429 439 1374 1116 0 683 607 1229 898 840 1065 1117 742 1550 669 1259 352 
715 1757 1038 761 941 2271 310 1106 1001 401 1005 653 658 0 983 954 389 1359 945 1026 763 2005 541 1557 997 
659 1087 165 1250 1476 1658 934 1531 340 821 1425 1251 687 935 0 1229 992 658 1065 1117 586 1415 719 951 442 
827 1919 1240 654 613 2522 979 1467 1229 1178 242 1279 1264 945 1159 0 1023 1586 359 136 914 2246 827 1759 1145 
566 1704 987 679 879 2265 169 864 961 556 884 531 908 361 911 860 0 1272 861 838 614 1921 392 1504 913 
984 1549 596 1545 1771 1609 1237 1824 464 1159 1720 1536 829 1259 600 1544 1286 0 1422 1432 863 1366 1068 1349 561 
679 1812 1108 805 852 2344 929 1438 1077 1143 481 1226 1106 911 1018 353 961 1434 0 225 811 2076 713 1606 999 
691 1866 1112 801 639 2383 949 1529 1096 1191 389 1251 1132 950 1033 147 992 1462 279 0 775 2097 725 1639 1005 
352 1377 630 916 1124 1847 610 1202 578 869 1087 881 800 644 538 798 629 870 752 651 0 1590 399 1177 684 
1677 2230 1335 2236 2451 939 1944 2529 1215 1922 2440 2203 1575 2009 1377 2252 1966 1361 2112 2135 1560 0 1763 2081 1324 
455 1566 867 691 891 2052 391 997 844 650 896 662 751 425 800 835 410 1168 746 734 474 1814 0 1366 798 
1302 257 1003 1888 2093 2417 1579 2185 1110 1556 2067 1868 1362 1604 1064 1924 1628 1457 1758 1784 1235 2113 1410 0 1219 
629 1311 354 1199 1425 1601 900 1480 180 794 1374 1200 361 929 358 1166 937 551 1038 1054 624 1358 689 1121 0 
0 1294 398 961 1134 1626 642 1215 357 651 1120 878 372 704 316 982 648 763 822 805 499 1329 451 1037 307 
1347 0 1097 2048 2148 2452 1682 2323 1219 1635 2146 1995 1413 1732 1124 1963 1692 1544 1829 1832 1310 2214 1484 357 1304 
641 1129 0 1212 1389 1481 896 1495 257 851 1400 1181 546 966 140 1251 909 606 1106 1094 549 1197 705 888 338 
944 1922 1315 0 468 2517 839 1184 1336 1085 566 1103 1239 841 1266 678 832 1646 856 839 954 2279 800 1798 1255 
1030 2023 1401 468 0 2616 958 1420 1422 1147 501 1189 1322 926 1352 644 939 1732 914 677 1007 2378 885 1907 1341 
1780 2287 1458 2512 2612 0 2110 2777 1354 2098 2592 2438 1682 2146 1465 2388 2157 1474 2344 2303 1692 794 1923 2212 1439 
702 1805 1081 814 1021 2312 0 800 1071 432 1042 468 813 317 1020 1024 156 1419 1021 1044 717 2065 562 1585 1018 
1160 2167 1531 1208 1438 2791 864 0 1552 1175 1462 645 1480 1072 1482 1444 740 1857 1437 1414 1138 2530 999 2060 1471 
763 1319 386 1289 1466 1340 1003 1566 0 926 1490 1252 555 1063 415 1320 1004 516 1217 1163 618 1025 781 1149 344 
712 1603 886 961 1108 2134 414 1065 885 0 1120 617 475 371 817 1117 543 1209 1156 1180 866 1855 711 1386 806 
1030 2023 1401 526 455 2616 916 1412 1422 1141 0 1181 1303 907 1344 206 909 1722 495 367 981 2378 872 1907 1341 
843 1866 1220 961 1134 2452 550 591 1239 650 1120 0 1044 650 1168 1149 435 1551 1163 1145 858 2214 703 1703 1158 
585 1423 633 1212 1389 1781 842 1461 437 448 1381 1134 0 718 623 1230 875 891 1075 1073 687 1484 644 1187 331 
676 1728 990 738 947 2225 293 1020 1037 425 949 699 702 0 928 931 387 1309 956 963 691 1990 510 1511 979 
640 1129 121 1212 1389 1543 892 1470 303 850 1400 1156 592 960 0 1237 898 652 1106 1080 538 1274 701 887 384 
890 1877 1261 632 602 2466 896 1397 1289 1132 245 1181 1278 898 1214 0 889 1592 352 161 794 2228 857 1744 1208 
556 1646 931 668 856 2174 158 834 916 539 900 502 850 409 867 854 0 1263 853 836 571 1903 416 1429 863 
985 1534 611 1523 1700 1464 1229 1824 458 1194 1724 1506 747 1279 640 1543 1239 0 1409 1386 845 1180 1031 1331 529 
683 1767 1066 833 858 2287 916 1420 1059 1171 514 1181 1043 960 1005 349 916 1395 0 241 720 2065 712 1550 986 
729 1866 1117 766 650 2326 993 1489 1115 1216 379 1229 1132 1046 1064 134 973 1442 279 0 637 2086 758 1614 1062 
339 1319 550 874 1089 1781 564 1128 549 853 978 800 690 626 481 762 570 896 728 628 0 1484 373 1094 640 
1617 2167 1295 2314 2414 778 1903 2534 1191 1920 2394 2231 1519 1960 1302 2226 1950 1323 2137 2096 1529 0 1746 2060 1276 
435 1524 815 712 900 2081 402 955 792 682 948 638 538 464 746 838 408 1143 767 754 453 1792 0 1301 742 
1112 252 844 1733 1908 2225 1439 2055 943 1404 1928 1716 1182 1489 890 1729 1449 1279 1595 1572 1032 1990 1241 0 1031 
681 1383 401 1261 1438 1519 973 1518 205 817 1445 1204 373 1028 430 1302 973 603 1149 1145 648 1226 745 1149 0 
0 1101 432 916 1115 1593 595 1168 400 549 1086 890 395 636 323 1034 613 758 800 896 464 1349 455 1044 296 
1148 0 897 1741 1908 2279 1433 2018 992 1336 1907 1685 1222 1489 940 1765 1454 1321 1623 1631 1120 2029 1280 230 1103 
601 977 0 1198 1374 1411 873 1500 242 797 1345 1157 562 940 164 1264 891 560 1125 1178 549 1204 733 934 338 
980 2001 1349 0 438 2612 853 1186 1328 1033 525 1122 1293 816 1263 666 849 1666 805 799 1051 2378 826 1854 1286 
1076 2101 1443 465 0 2674 944 1469 1422 1098 437 1204 1368 898 1357 578 935 1760 832 616 1116 2440 922 1999 1382 
1758 2287 1440 2360 2530 0 2058 2680 1355 1956 2524 2337 1648 2125 1459 2339 2080 1459 2209 2231 1688 802 1898 2250 1466 
692 1704 1050 778 970 2279 0 790 1031 336 914 542 746 278 960 1011 185 1369 989 1032 729 2067 540 1570 985 
1199 2218 1590 1155 1374 2821 878 0 1569 1134 1345 724 1535 1094 1504 1396 755 1947 1401 1481 1238 2588 1085 2125 1505 
623 1212 326 1205 1381 1284 886 1500 0 819 1352 1157 545 952 354 1236 907 467 1125 1137 526 1080 746 1085 320 
703 1513 881 953 1137 2087 405 1059 889 0 1092 594 425 323 801 1205 511 1202 1149 1233 819 1843 680 1379 769 
980 2001 1379 468 445 2612 864 1393 1360 1041 0 1157 1304 827 1293 185 860 1698 453 318 1022 2378 837 1854 1286 
897 1919 1274 991 1178 2499 565 597 1253 623 1121 0 1034 677 1188 1205 442 1591 1181 1233 973 2265 745 1780 1203 
626 1412 642 1182 1358 1724 799 1475 468 416 1329 978 0 667 639 1307 907 867 1125 1180 728 1480 715 1292 344 
660 1581 923 693 878 2189 256 990 946 309 823 618 634 0 854 907 345 1249 889 987 697 1914 508 1447 920 
592 966 156 1182 1358 1476 864 1500 306 788 1329 1157 626 905 0 1211 882 624 1112 1130 508 1260 724 909 402 
791 1866 1205 623 600 2447 929 1450 1176 1082 195 1204 1190 881 1119 0 907 1522 350 133 778 2213 805 1685 1101 
569 1581 918 655 840 2189 172 803 925 468 785 555 878 350 836 864 0 1231 838 897 606 1898 417 1447 865 
929 1493 612 1486 1662 1476 1178 1773 480 1084 1633 1430 800 1234 640 1529 1199 0 1399 1401 805 1260 1025 1359 532 
614 1657 1021 798 854 2279 795 1410 1016 1033 533 1068 1015 814 940 354 813 1336 0 233 663 2029 655 1523 911 
658 1690 1063 743 621 2317 839 1465 1046 1082 316 1122 1070 880 977 121 857 1412 249 0 645 2086 699 1556 954 
310 1075 490 832 1038 1635 520 1124 487 779 907 815 625 561 399 711 538 789 599 590 0 1391 380 1019 591 
1612 2174 1294 2209 2379 765 1871 2483 1209 1798 2373 2140 1502 1975 1313 2182 1895 1343 2059 2053 1542 0 1728 2105 1320 
471 1493 862 678 863 2087 366 924 859 651 808 661 626 407 771 887 384 1167 737 831 450 1829 0 1359 767 
1077 239 837 1670 1857 2202 1362 1941 942 1279 1822 1614 1165 1418 876 1694 1383 1272 1552 1560 1061 1996 1209 0 1052 
558 1212 380 1182 1358 1476 830 1445 206 776 1329 1102 364 871 408 1269 848 536 1079 1150 586 1260 690 1187 0 
0 1185 404 1009 1118 1537 671 1239 377 573 1177 1067 408 718 312 972 715 775 832 810 494 1487 465 1052 327 
1406 0 1125 2113 2286 2425 1807 2445 1225 1638 2212 2048 1449 1707 1195 1978 1814 1536 1814 1858 1318 2169 1565 418 1287 
605 1019 0 1282 1391 1377 967 1516 274 804 1445 1333 597 943 127 1271 994 589 1075 1136 623 1225 735 907 317 
1032 2079 1414 0 435 2570 934 1230 1402 1066 538 1307 1290 917 1333 649 967 1701 819 758 1051 2309 862 1981 1352 
1115 2149 1493 504 0 2659 1024 1564 1481 1163 438 1391 1377 975 1412 592 1044 1780 831 581 1111 2398 950 2041 1435 
1751 2267 1429 2403 2576 0 2073 2766 1297 1954 2530 2324 1627 2111 1421 2275 2080 1362 2170 2155 1616 764 1918 2175 1359 
751 1779 1144 817 998 2301 0 843 1096 353 1037 495 714 281 1068 1018 151 1436 1043 1050 787 2151 578 1648 999 
1320 2285 1719 1221 1399 2861 934 0 1706 1140 1475 735 1496 1080 1638 1437 804 2041 1470 1516 1318 2623 1154 2264 1640 
693 1191 362 1382 1491 1280 1111 1664 0 892 1543 1481 590 1031 355 1345 1115 506 1159 1210 669 1053 823 1058 310 
664 1552 906 891 1050 2015 413 1110 831 0 1148 611 422 366 838 1093 487 1209 1131 1178 823 1903 696 1420 705 
1050 2079 1454 544 439 2638 967 1491 1436 1081 0 1333 1310 923 1372 228 990 1741 516 337 1048 2377 885 1981 1370 
996 2059 1395 1088 1197 2547 610 660 1382 625 1309 0 989 706 1314 1275 482 1682 1241 1273 1003 2286 812 1952 1316 
543 1316 582 1232 1341 1612 810 1466 409 426 1368 1110 0 641 552 1185 884 804 1043 1050 702 1562 673 1268 283 
690 1676 1043 712 869 2221 275 1011 1045 377 891 657 645 0 959 899 349 1346 967 951 726 2074 517 1545 933 
609 1019 142 1309 1418 1453 981 1539 343 808 1448 1356 643 943 0 1271 994 658 1075 1136 616 1403 739 907 386 
813 1866 1225 623 599 2379 967 1513 1204 1081 200 1333 1220 927 1144 0 994 1512 359 109 854 2169 847 1728 1138 
662 1707 1073 728 885 2239 202 886 1021 528 907 564 889 387 982 923 0 1381 957 926 698 2105 489 1576 983 
984 1520 659 1681 1790 1475 1412 1955 528 1224 1842 1782 851 1289 652 1607 1411 0 1440 1472 925 1425 1170 1391 571 
703 1750 1112 744 828 2286 947 1466 1075 1075 438 1307 1134 917 1031 347 942 1409 0 209 752 2132 730 1619 1024 
704 1750 1112 761 619 2286 981 1509 1075 1163 338 1356 1134 968 1031 138 1002 1409 250 0 745 2132 746 1619 1027 
338 1185 526 918 1079 1683 615 1201 565 846 1105 898 681 684 447 818 659 874 798 682 0 1633 409 1052 622 
1647 2189 1325 2299 2472 876 1972 2620 1193 1894 2444 2223 1523 2032 1317 2196 1979 1281 2040 2076 1512 0 1799 2115 1255 
397 1360 788 690 847 1948 389 1011 774 621 869 672 598 458 709 877 433 1132 789 767 443 1824 0 1291 724 
1107 356 812 1777 1917 2112 1508 2081 936 1359 1927 1832 1170 1428 856 1703 1507 1250 1536 1568 1070 1973 1266 0 992 
517 1196 367 1232 1341 1391 853 1431 194 747 1346 1248 330 917 360 1185 897 571 1004 1050 666 1225 647 1093 0 
0 1221 474 979 1124 1718 706 1264 419 547 1138 1039 400 709 367 993 711 841 811 830 491 1505 493 1101 327 
1269 0 964 1955 2126 2277 1665 2280 1093 1445 2101 1928 1273 1539 998 1931 1687 1413 1754 1784 1284 2085 1440 247 1156 
628 1007 0 1272 1450 1508 994 1585 240 799 1447 1339 616 935 160 1340 1030 590 1143 1191 611 1300 791 906 331 
1339 2445 1727 0 428 2952 1148 1185 1751 1322 511 1564 1554 1105 1694 619 1002 2083 828 751 1331 2778 1137 2280 1722 
1304 2365 1633 492 0 2777 1471 1461 1609 1603 433 1818 1716 1386 1552 594 1348 1944 861 609 1283 2612 1386 2176 1686 
1777 2351 1377 2461 2632 0 2218 2834 1307 1923 2592 2467 1621 2087 1393 2434 2177 1447 2222 2303 1716 729 1974 2175 1370 
722 1653 1089 825 963 2320 0 773 1115 362 996 508 748 312 1044 1039 148 1439 1023 1040 735 2141 616 1578 1092 
1260 2365 1648 1157 1381 2843 871 0 1672 1105 1384 690 1477 1051 1615 1431 759 1997 1459 1530 1252 2679 1082 2186 1643 
666 1221 334 1314 1492 1331 1028 1622 0 837 1489 1374 605 965 361 1340 1053 500 1188 1193 600 1128 829 1101 320 
694 1443 869 946 1086 2079 399 1095 880 0 1113 621 456 345 816 1141 498 1213 1150 1221 848 1845 682 1368 812 
1116 2227 1504 629 497 2725 1290 1381 1528 1472 0 1671 1528 1255 1471 257 1247 1859 524 389 1057 2550 1038 2072 1499 
929 2010 1317 993 1173 2567 570 645 1341 639 1181 0 1020 680 1284 1251 461 1665 1234 1276 945 2398 818 1863 1312 
598 1335 713 1188 1366 1882 797 1489 530 421 1369 1043 0 699 693 1312 899 967 1129 1140 725 1651 654 1243 356 
717 1568 1012 764 918 2240 236 980 1008 354 959 681 673 0 960 987 331 1341 946 1040 730 2050 611 1493 1000 
617 1007 167 1272 1450 1603 974 1554 341 803 1441 1339 656 945 0 1315 1010 691 1141 1143 597 1390 780 931 432 
829 1941 1221 630 622 2457 1081 1381 1245 1286 186 1462 1244 1069 1188 0 1101 1569 347 132 786 2288 890 1743 1215 
611 1615 1012 714 861 2240 179 784 1028 516 900 552 915 412 976 907 0 1356 875 927 624 2085 505 1540 940 
957 1443 621 1675 1854 1571 1388 2029 492 1169 1762 1670 868 1260 648 1581 1410 0 1477 1482 888 1358 1147 1368 550 
685 1699 1089 766 856 2320 994 1518 1115 1204 483 1372 1082 989 1052 385 1018 1439 0 246 723 2141 790 1624 1047 
697 1699 1089 776 638 2340 994 1518 1133 1207 334 1372 1087 1000 1087 148 1030 1468 262 0 654 2198 802 1624 1047 
367 1294 646 924 1070 1882 651 1209 616 829 1027 995 767 673 552 795 656 967 717 663 0 1651 438 1170 694 
1670 2286 1270 2389 2560 835 2109 2755 1200 1838 2487 2327 1514 1978 1286 2324 2105 1344 2127 2208 1609 0 1865 2072 1263 
450 1443 860 705 852 2079 422 980 869 600 891 705 628 444 807 870 427 1213 720 784 499 1836 0 1357 777 
1147 267 852 1846 2022 2201 1543 2151 1004 1337 1963 1818 1165 1431 906 1795 1565 1323 1632 1662 1130 2016 1318 0 1067 
575 1221 388 1212 1390 1552 944 1525 205 788 1393 1312 371 945 415 1312 978 606 1109 1140 666 1339 738 1170 0 
0 1237 468 1332 1492 1603 881 1619 482 628 1244 1192 422 722 361 1176 981 940 936 1092 565 1418 573 1149 404 
1379 0 897 2159 2368 2246 1694 2280 1120 1386 2261 1901 1284 1549 923 2186 1762 1452 2039 2000 1435 2059 1491 208 1078 
688 1075 0 1561 1721 1462 1138 1836 318 876 1524 1392 531 981 118 1456 1196 718 1260 1331 815 1277 860 1061 296 
1226 2407 1624 0 396 2917 1036 1045 1677 1142 593 1398 1326 983 1539 705 926 2093 826 813 1260 2724 996 2443 1562 
1313 2269 1631 419 0 2995 1331 1396 1764 1477 421 1639 1663 1318 1588 562 1221 2161 795 585 1247 2764 1300 2296 1649 
2420 2766 1839 3156 3324 0 2597 3266 1779 2272 3150 2882 1965 2464 1852 2992 2707 1751 3013 2905 2355 676 2566 2783 1737 
844 1792 1156 946 1108 2337 0 880 1251 335 1145 536 659 249 1164 1179 163 1648 1085 1181 842 2152 699 1703 1070 
1456 2683 1854 1052 1326 3007 897 0 1825 1153 1358 649 1416 1106 1769 1384 819 2346 1499 1493 1490 2830 1253 2720 1792 
857 1287 365 1759 1908 1194 1200 1836 0 836 1750 1395 537 1110 378 1682 1296 596 1515 1531 994 1070 1064 1206 302 
716 1586 939 1193 1353 1872 387 1053 994 0 1408 607 354 320 957 1409 515 1290 1318 1411 849 1682 599 1497 725 
1040 2269 1438 432 454 2742 1223 1334 1491 1290 0 1559 1449 1131 1353 185 1113 1933 424 316 1019 2552 980 2264 1376 
1123 2241 1491 1166 1353 2641 541 525 1541 654 1408 0 980 677 1406 1434 482 1953 1393 1486 1151 2456 980 2277 1364 
684 1453 730 1332 1492 1734 718 1391 600 349 1518 958 0 566 676 1450 843 1026 1254 1368 848 1549 740 1364 377 
709 1586 1012 895 1065 2239 219 1060 1138 300 1095 653 540 0 1032 1107 337 1528 1055 1156 799 2046 539 1497 920 
684 1075 120 1561 1721 1443 1138 1824 394 880 1518 1386 607 981 0 1450 1196 794 1254 1331 808 1258 856 1026 372 
851 2137 1257 578 600 2549 1144 1361 1315 1187 186 1481 1274 1028 1172 0 1034 1759 325 131 793 2364 887 2006 1200 
746 1866 1186 790 956 2436 169 763 1226 454 981 558 778 349 1125 1002 0 1670 896 1004 744 2251 613 1733 1111 
1219 1586 675 1984 2193 1401 1489 2134 587 1124 2079 1683 800 1399 688 2004 1585 0 1846 1884 1309 1221 1396 1497 565 
673 1690 1113 673 783 2393 1001 1360 1167 1008 391 1355 1071 854 1047 300 895 1597 0 262 708 2208 725 1601 1071 
720 1792 1156 724 656 2442 1152 1499 1213 1187 373 1481 1124 1028 1074 205 1042 1655 235 0 697 2257 895 1703 1111 
368 1266 650 1246 1379 1908 921 1558 837 827 1138 1258 748 827 632 1070 899 1254 837 837 0 1721 471 1178 772 
2370 2766 1831 3145 3313 648 2597 3266 1771 2272 3133 2882 1965 2464 1839 2975 2707 1749 2961 2892 2339 0 2538 2783 1729 
422 1459 858 819 997 2042 482 1222 994 545 895 846 610 404 783 804 459 1367 703 848 444 1843 0 1370 826 
1219 257 810 2024 2233 2207 1599 2213 1027 1291 2079 1787 1181 1454 836 2004 1667 1384 1846 1884 1309 2012 1396 0 990 
708 1320 384 1563 1723 1406 1060 1691 249 687 1561 1253 342 905 397 1493 1156 657 1297 1368 872 1221 880 1223 0 
0 1075 361 1098 1224 1470 728 1252 332 491 968 978 287 582 309 871 739 763 690 774 429 1297 467 944 271 
1118 0 841 1787 1917 2094 1460 1892 955 1280 1851 1723 1145 1371 856 1684 1462 1278 1565 1596 1133 1872 1271 208 1009 
570 889 0 1328 1450 1325 948 1427 225 710 1222 1198 441 801 107 1124 996 590 973 1036 563 1159 724 789 276 
996 1888 1340 0 366 2378 781 924 1323 995 429 1158 1129 851 1291 463 673 1668 612 594 987 2208 825 1777 1264 
1114 2043 1468 375 0 2521 1095 1207 1441 1275 369 1386 1404 1134 1421 477 987 1798 656 504 1067 2351 1055 1898 1382 
1765 2189 1423 2347 2493 0 2088 2522 1337 1858 2417 2352 1556 2008 1428 2259 2075 1369 2211 2171 1715 617 1864 2083 1391 
586 1501 929 721 867 1971 0 658 911 315 843 503 587 212 879 803 124 1263 728 838 613 1797 415 1393 833 
980 1877 1321 924 1140 2367 656 0 1307 878 1149 505 1152 783 1272 1120 582 1649 1107 1199 987 2197 809 1761 1248 
641 1075 303 1359 1485 1194 1022 1455 0 723 1286 1287 436 872 308 1150 1025 493 1020 1062 587 987 795 998 271 
566 1311 752 827 983 1747 337 864 606 0 951 561 289 268 725 914 417 1049 834 948 682 1574 528 1239 535 
881 1778 1242 426 410 2290 924 1148 1215 1025 0 1208 1165 882 1197 170 848 1578 349 301 893 2120 734 1670 1156 
784 1690 1131 924 1066 2179 460 490 1122 557 1046 0 829 586 1082 1023 386 1459 926 1024 811 2012 613 1582 1063 
478 1237 463 1053 1180 1481 614 1142 317 291 1156 838 0 485 468 1086 694 754 882 998 594 1308 527 1118 246 
527 1404 849 662 808 1901 203 834 789 274 784 584 472 0 799 744 258 1198 669 779 611 1725 405 1294 718 
565 884 107 1328 1450 1355 947 1427 262 705 1222 1192 478 796 0 1116 995 627 946 1028 558 1211 719 784 313 
748 1674 1113 454 506 2179 836 1098 1086 946 158 1161 1055 801 1070 0 767 1448 268 131 724 2012 653 1566 1033 
493 1431 836 628 774 1889 126 663 825 393 750 514 665 267 786 710 0 1191 635 745 520 1712 322 1322 764 
929 1373 592 1560 1686 1293 1233 1664 464 969 1602 1496 680 1147 597 1445 1235 0 1305 1357 861 1116 1044 1294 509 
584 1499 946 614 696 2005 742 1031 916 848 348 1078 871 707 893 286 673 1290 0 199 610 1824 559 1391 855 
617 1544 980 551 568 2022 816 1130 946 929 255 1136 907 781 929 97 747 1317 185 0 593 1855 633 1436 888 
279 1075 474 993 1117 1579 640 1142 478 699 809 1009 566 625 424 651 649 841 556 554 0 1406 422 998 527 
1671 2137 1329 2265 2411 620 1959 2393 1243 1763 2340 2223 1462 1913 1334 2182 1943 1275 2090 2101 1621 0 1758 2006 1297 
374 1286 735 710 856 1810 373 874 706 504 756 719 517 402 683 694 382 1114 575 685 437 1633 0 1181 645 
1086 227 810 1747 1883 1987 1420 1859 919 1262 1807 1683 1127 1353 825 1644 1422 1245 1525 1556 1103 1814 1231 0 973 
491 1075 289 1263 1389 1299 850 1367 143 527 1125 1107 240 721 294 1063 914 534 868 998 568 1131 645 998 0 
0 1075 354 848 1001 1519 557 976 324 475 914 785 287 566 309 753 558 694 624 665 362 1249 395 998 265 
1089 0 838 1670 1817 2130 1385 1824 945 1232 1714 1627 1095 1323 853 1556 1390 1261 1427 1468 993 1843 1199 208 999 
537 894 0 1104 1250 1376 798 1217 222 685 1166 1048 441 776 107 1008 799 530 865 920 454 1112 636 832 276 
836 1728 1175 0 366 2253 720 924 1171 831 403 956 978 690 1126 451 692 1478 612 539 822 2031 690 1628 1112 
929 1812 1278 375 0 2350 810 1130 1253 929 374 1048 1059 780 1229 470 784 1581 661 503 915 2120 780 1708 1194 
1559 2065 1250 2119 2265 0 1822 2262 1167 1673 2252 2072 1386 1794 1257 2007 1841 1174 1902 1919 1423 617 1634 1920 1221 
581 1489 918 675 821 2016 0 587 886 315 798 397 587 212 868 746 120 1220 719 760 567 1767 435 1389 827 
957 1866 1296 916 1126 2378 645 0 1281 845 1086 502 1119 769 1247 1044 565 1599 1051 1097 959 2148 807 1736 1222 
602 1075 293 1168 1314 1147 849 1285 0 713 1233 1100 426 841 298 1086 850 457 936 998 478 943 687 998 261 
551 1289 733 755 903 1816 337 830 588 0 878 561 289 265 690 826 411 972 851 893 617 1541 501 1192 529 
807 1693 1167 403 387 2256 768 1098 1143 879 0 997 1023 738 1131 158 742 1483 349 246 789 2031 731 1593 1084 
765 1669 1101 859 1006 2209 457 468 1092 557 988 0 829 581 1052 930 377 1404 906 948 751 1961 619 1569 1033 
444 1179 444 971 1126 1519 614 1107 299 291 1086 838 0 485 449 943 688 677 797 838 510 1249 493 1106 240 
487 1374 819 599 745 1939 203 756 771 274 722 566 472 0 770 670 258 1125 695 737 548 1681 405 1274 712 
537 905 120 1104 1250 1424 798 1217 272 693 1166 1048 491 784 0 1008 799 580 865 920 440 1159 636 840 326 
649 1563 1004 454 483 2130 716 1039 975 827 158 947 951 686 959 0 690 1325 268 88 631 1869 647 1463 920 
479 1394 815 573 719 1931 126 600 803 393 696 410 654 267 766 644 0 1125 617 658 465 1668 333 1294 744 
845 1311 537 1396 1542 1351 1111 1538 426 934 1471 1353 645 1084 542 1313 1116 0 1184 1225 721 1084 938 1206 474 
537 1462 891 614 673 2016 697 1031 861 834 348 932 824 693 846 262 669 1212 0 174 568 1756 535 1362 802 
561 1489 918 542 516 2016 721 1098 885 899 246 956 848 758 870 88 722 1229 181 0 543 1767 559 1389 826 
238 1075 447 769 917 1582 478 896 449 622 775 706 504 515 398 617 479 750 520 529 0 1312 316 998 503 
1422 1877 1113 1971 2117 620 1683 2117 1030 1536 2111 1925 1249 1657 1120 1866 1688 1078 1760 1775 1286 0 1497 1768 1084 
372 1286 726 609 755 1889 318 736 696 496 731 546 488 355 681 657 319 1038 563 604 411 1614 0 1181 637 
984 227 725 1536 1682 1964 1251 1678 831 1128 1580 1493 979 1202 740 1422 1256 1145 1293 1334 880 1701 1065 0 885 
474 1075 285 1029 1175 1351 735 1170 140 527 1101 981 240 721 290 943 736 477 802 843 469 1084 573 998 0 
