15
5
10800
0
2015
2076
2293
2589
2646
2287
2070
1829
2456
2690
2658
2215
2440
2461
0 1117 951 999 1065 1446 915 1160 1186 1614 332 1220 945 1272 1074 
1154 0 1226 648 195 955 297 2240 333 1123 885 367 711 814 1145 
867 1172 0 1039 1120 1492 944 2060 1241 1660 663 1275 1014 1298 1145 
996 603 1038 0 551 713 435 2060 677 881 693 711 349 396 899 
1038 346 1148 455 0 745 366 2132 447 923 772 481 518 621 913 
1656 1213 1766 888 1141 0 1065 2960 1217 168 1398 1240 958 489 792 
932 318 981 448 405 730 0 2060 531 898 671 565 563 606 976 
1186 2354 2106 2151 2315 2680 2062 0 2442 2852 1486 2476 2087 2421 2220 
1184 293 1275 600 167 890 511 2272 0 1066 923 46 663 766 1074 
1693 1373 1808 980 1283 168 1231 2960 1361 0 1435 1384 983 656 816 
340 794 692 673 742 1133 589 1372 868 1301 0 915 620 947 747 
1218 327 1305 634 201 955 545 2333 46 1123 959 0 697 800 1093 
938 656 1012 339 604 955 548 2060 730 1001 669 764 0 470 781 
1257 858 1305 399 806 537 683 2333 947 656 966 981 480 0 804 
1049 1047 1149 950 995 810 941 2132 1116 816 782 1150 809 780 0 
0 1246 996 1080 1186 1642 1037 1564 1428 1844 314 1469 1098 1474 1168 
1368 0 1552 850 217 1204 411 2488 490 1405 1059 565 952 1021 1294 
1020 1409 0 1253 1349 1799 1165 2206 1591 1984 790 1632 1249 1631 1313 
1079 741 1299 0 686 870 509 2228 868 1075 815 949 514 520 1081 
1239 450 1438 633 0 964 474 2373 608 1165 934 683 740 769 1081 
1703 1107 1851 864 1047 0 878 3071 1289 186 1394 1330 1150 614 1075 
1056 403 1256 552 476 855 0 2228 658 1034 792 733 714 676 1081 
1354 2443 2259 2271 2395 2814 2246 0 2564 2996 1522 2619 2288 2686 2372 
1478 389 1671 858 236 1204 699 2607 0 1405 1169 75 952 1021 1294 
1949 1321 2090 1080 1261 200 1086 3227 1503 0 1629 1544 1334 814 1073 
421 967 802 796 917 1347 701 1756 1152 1548 0 1193 824 1179 839 
1513 423 1702 892 270 1231 733 2631 46 1432 1204 0 980 1083 1324 
1096 868 1299 531 813 1260 693 2233 1042 1324 829 1083 0 719 1076 
1480 977 1654 520 934 708 737 2607 1152 746 1171 1193 673 0 1081 
1342 1369 1585 1260 1309 991 1206 2463 1551 1012 1033 1592 1239 1179 0 
0 1175 1013 1036 1175 1502 965 1575 1310 1687 314 1344 997 1351 1124 
1359 0 1473 836 282 1117 352 2547 420 1302 1066 454 896 1020 1328 
1024 1382 0 1185 1382 1719 1121 2224 1517 1914 808 1551 1184 1504 1345 
1120 692 1245 0 697 835 488 2321 789 1059 819 823 424 586 1113 
1169 412 1328 590 0 879 453 2364 563 1069 896 597 650 749 1113 
1614 1024 1754 758 977 0 807 3124 1172 252 1321 1206 1051 576 952 
1033 461 1150 534 505 823 0 2224 597 1059 758 631 647 693 1113 
1325 2391 2207 2235 2364 2769 2206 0 2529 2966 1503 2563 2154 2627 2412 
1359 384 1504 761 248 1046 624 2547 0 1231 1066 46 821 942 1230 
1826 1218 1927 973 1218 185 1007 3124 1353 0 1511 1387 1239 761 994 
415 854 766 710 859 1213 656 1783 981 1398 0 1015 690 1084 893 
1391 418 1554 795 282 1080 658 2586 46 1265 1098 0 855 976 1295 
1053 755 1198 451 760 1117 629 2294 852 1182 756 886 0 716 1041 
1456 872 1554 510 877 638 668 2645 1034 838 1160 1068 615 0 1113 
1196 1227 1369 1115 1227 962 1088 2425 1362 984 942 1396 1075 1019 0 
0 1241 1025 1078 1272 1631 987 1433 1442 1854 318 1476 1102 1476 1140 
1389 0 1420 888 262 1159 380 2960 480 1373 1079 511 988 1107 1364 
1076 1391 0 1183 1499 1855 1108 2501 1669 2046 783 1703 1201 1581 1330 
1178 774 1235 0 752 869 595 2598 923 1088 852 957 482 496 1100 
1331 433 1343 640 0 867 464 2960 628 1088 990 659 747 798 1100 
2056 1533 2159 1166 1381 0 1342 3183 1458 196 1708 1495 1252 629 1035 
1086 421 1170 580 540 807 0 2501 704 1009 768 735 743 738 1100 
1239 2606 2242 2346 2648 2946 2212 0 2819 3137 1503 2853 2320 2666 2424 
1520 388 1572 845 221 1107 669 2960 0 1321 1207 46 952 1038 1313 
2056 1618 2159 1207 1544 168 1342 3183 1621 0 1707 1658 1200 787 1021 
499 958 841 778 983 1371 694 1618 1164 1585 0 1198 817 1223 886 
1561 438 1610 895 271 1159 719 2960 80 1373 1251 0 988 1107 1364 
1132 912 1203 462 880 1230 727 2571 1056 1280 808 1090 0 641 1023 
1554 1204 1603 566 1168 605 1006 2960 1279 775 1244 1316 707 0 1119 
1251 1308 1336 1106 1272 984 1112 2960 1442 961 918 1476 1112 1096 0 
0 1202 939 1044 1230 1601 915 1302 1340 1722 314 1374 1011 1297 1074 
1238 0 1278 674 195 1010 297 2272 360 1178 894 394 782 883 1158 
976 1261 0 1095 1294 1665 967 2060 1404 1841 663 1438 1039 1332 1184 
1124 646 1149 0 587 768 459 2202 775 941 750 809 451 396 1003 
1157 367 1192 480 0 814 392 2202 510 1001 817 544 588 689 976 
1849 1219 1851 888 1151 0 1065 2960 1217 168 1508 1240 979 489 809 
1034 318 1029 469 421 797 0 2060 599 979 690 633 628 672 1011 
1228 2365 2114 2190 2313 2653 2110 0 2443 2842 1492 2477 2179 2494 2263 
1299 302 1349 631 169 976 543 2333 0 1144 969 46 739 840 1158 
1905 1369 1893 980 1294 168 1240 2960 1361 0 1555 1384 1024 656 833 
414 900 712 729 950 1342 610 1512 1086 1510 0 1120 711 979 764 
1347 336 1377 665 203 1001 577 2385 46 1169 1011 0 773 874 1158 
1101 850 1104 352 791 994 683 2132 983 1046 727 1017 0 474 884 
1388 912 1408 399 852 537 707 2419 1032 671 1033 1061 483 0 841 
1157 1247 1218 1038 1220 846 1123 2202 1330 844 819 1364 945 797 0 
