25
15
3600
0
1167
960
1381
1415
1320
1467
920
1381
1152
1451
1424
1060
1458
1210
1437
1475
1275
946
1166
1387
1385
1128
1261
1298
0 446 969 920 821 750 1116 508 317 519 146 1775 1602 857 484 402 172 317 46 421 890 1026 843 106 416 
453 0 760 1018 892 595 1240 798 165 732 552 1937 1751 996 63 170 296 147 424 628 1037 1170 718 450 733 
1210 867 0 1353 1228 1402 1566 1360 932 1202 1229 2229 2069 1356 836 971 1103 951 1195 1415 1389 1522 562 1281 1365 
849 975 1351 0 291 1338 449 505 887 439 744 1064 925 317 981 1029 784 923 833 1017 350 317 925 872 575 
577 808 1178 514 0 1170 728 214 722 274 453 1388 1223 459 812 856 619 756 623 824 492 625 792 659 294 
751 595 1311 1355 1230 0 1568 1191 674 1115 832 2229 2069 1337 619 452 649 640 745 526 1370 1503 1248 648 1105 
1045 1160 1523 430 490 1511 0 589 1068 638 946 915 648 618 1164 1219 980 1102 1029 1201 651 705 1086 1070 657 
533 808 1178 491 513 1182 628 0 754 323 424 1246 1107 508 812 890 668 778 579 814 541 674 841 595 140 
320 165 793 897 771 676 1116 720 0 654 419 1775 1589 865 218 251 184 35 305 512 898 1032 692 362 655 
420 544 917 547 480 889 768 488 458 0 452 1411 1293 499 548 592 355 492 404 560 532 665 528 443 533 
162 565 933 797 747 810 1011 423 436 516 0 1673 1511 742 571 532 334 436 208 456 775 915 866 237 331 
1634 1746 2127 1009 1079 2105 867 1204 1672 1227 1532 0 1293 1197 1750 1808 1569 1706 1618 1787 1230 1320 1676 1656 1272 
1499 1611 1984 885 944 1962 659 1075 1537 1092 1397 1221 0 1082 1615 1670 1434 1571 1483 1652 1115 1188 1541 1521 1143 
886 1017 1415 336 328 1364 654 542 927 476 781 1281 1125 0 1025 1065 821 959 870 1054 85 262 965 912 622 
492 63 736 1047 926 619 1268 820 218 754 591 1937 1779 1038 0 194 334 185 462 666 1071 1204 708 488 755 
406 173 889 1062 944 449 1292 865 252 818 503 1973 1812 1038 197 0 352 218 400 481 1071 1204 822 303 773 
172 296 841 821 695 681 1037 644 184 578 318 1696 1511 789 334 348 0 167 142 352 822 963 717 192 579 
325 149 817 929 801 642 1142 750 35 684 424 1810 1658 895 187 217 167 0 295 505 945 1063 716 345 685 
46 424 962 933 806 734 1149 554 302 565 192 1810 1658 900 462 396 142 295 0 405 945 1070 828 100 462 
571 843 1351 1321 1196 698 1526 918 731 1059 553 2187 2042 1279 881 701 606 714 570 0 1312 1445 1225 519 823 
904 1037 1415 374 366 1383 692 580 942 514 819 1315 1182 85 1047 1088 838 977 887 1073 0 306 956 933 660 
987 1108 1487 321 426 1460 725 640 1023 574 879 1388 1293 265 1128 1168 930 1057 971 1150 305 0 1064 1019 720 
818 721 562 946 819 1255 1165 900 695 723 850 1828 1668 917 769 822 753 719 802 956 945 1080 0 841 983 
106 450 962 939 809 659 1149 566 351 625 204 1810 1658 905 488 299 189 334 100 330 945 1070 831 0 474 
442 745 1109 557 589 1091 694 136 691 399 335 1315 1182 584 749 799 611 715 488 723 617 750 917 504 0 
0 450 993 952 864 750 1116 508 321 519 146 1969 1748 888 488 418 172 321 46 422 958 1116 899 106 416 
453 0 764 1106 1040 595 1327 808 165 742 554 2184 1956 1072 63 170 296 147 424 635 1128 1299 718 474 743 
974 794 0 1462 1406 1363 1671 1147 830 1079 932 2627 2291 1400 765 926 906 854 958 1116 1456 1633 562 1031 1082 
883 1065 1460 0 306 1445 458 511 982 454 759 1195 1124 321 1113 1166 885 1014 933 1092 385 317 984 973 579 
577 824 1200 546 0 1229 728 214 770 274 453 1472 1355 490 851 926 697 794 623 886 554 692 800 659 294 
771 637 1424 1560 1504 0 1769 1209 716 1240 836 2683 2391 1498 661 494 695 682 765 510 1554 1731 1316 668 1111 
1083 1273 1666 432 497 1640 0 584 1184 645 960 964 758 623 1321 1374 1080 1217 1129 1287 687 705 1215 1155 652 
533 813 1195 493 515 1156 628 0 759 323 424 1361 1270 539 840 908 686 783 579 822 603 741 849 595 140 
320 165 800 1016 926 676 1208 738 0 672 421 2030 1828 969 218 251 184 35 305 513 1021 1191 692 362 673 
508 617 993 558 492 973 773 507 534 0 529 1532 1428 535 644 702 441 568 492 644 599 737 536 532 533 
162 565 949 829 749 792 1011 423 436 516 0 1820 1652 773 599 548 334 436 208 464 837 983 873 237 331 
1715 1979 2340 1044 1129 2363 882 1297 1914 1304 1584 0 1428 1237 2001 2065 1811 1938 1761 2019 1293 1345 1928 1790 1401 
1598 1844 2229 938 1012 2251 732 1188 1787 1180 1467 1361 0 1154 1888 1953 1683 1811 1644 1907 1210 1232 1805 1673 1294 
927 1105 1517 365 348 1494 681 562 1025 496 801 1456 1355 0 1153 1206 930 1058 973 1141 85 284 1056 1007 642 
492 63 740 1135 1051 619 1331 830 218 764 593 2184 1959 1103 0 194 334 185 462 673 1159 1336 710 512 765 
438 173 893 1214 1139 449 1423 898 252 846 536 2287 2054 1152 197 0 360 218 432 506 1208 1385 822 335 806 
172 296 864 913 840 681 1123 660 184 594 318 1969 1748 883 334 348 0 167 142 353 958 1116 771 192 588 
325 149 824 1035 995 642 1238 766 35 700 426 2060 1854 999 187 217 167 0 295 506 1063 1228 716 345 696 
46 424 977 1016 926 734 1165 554 306 565 192 1985 1800 969 462 412 142 295 0 406 1019 1169 884 100 462 
571 878 1436 1362 1340 690 1558 918 776 1071 553 2454 2195 1300 924 727 651 759 570 0 1356 1533 1383 519 823 
968 1166 1559 403 386 1547 719 600 1065 534 839 1497 1412 85 1214 1267 984 1098 1014 1194 0 311 1059 1074 680 
1025 1204 1597 321 441 1585 725 655 1128 589 894 1514 1428 265 1252 1305 1025 1161 1071 1232 305 0 1152 1110 735 
904 721 562 999 926 1261 1205 936 695 757 864 2030 1828 969 718 822 835 719 886 1058 1019 1191 0 938 1003 
106 466 1004 1018 926 658 1180 566 359 625 204 2030 1800 969 504 315 189 342 100 330 1019 1174 914 0 474 
442 750 1127 559 591 1064 694 136 696 399 335 1464 1323 615 777 815 614 716 488 731 679 817 929 504 0 
0 544 1124 988 1054 869 1240 573 397 809 146 2123 1854 891 591 570 238 387 46 438 999 1168 1179 152 472 
484 0 893 1483 1361 669 1701 1068 195 1106 608 2645 2296 1415 63 203 339 170 469 672 1509 1665 997 563 935 
1540 1057 0 1678 1556 1667 1908 1848 1153 1585 1610 2763 2429 1610 1021 1133 1385 1171 1524 1702 1704 1911 633 1526 1807 
1167 1328 1663 0 363 1735 573 691 1229 546 991 1430 1155 351 1330 1454 1140 1254 1168 1292 450 399 1229 1184 885 
761 1124 1455 632 0 1540 893 348 1063 436 655 1746 1453 518 1125 1248 969 1088 807 1118 617 773 1142 832 522 
854 710 1470 1762 1684 0 2027 1356 782 1373 911 2903 2555 1694 700 482 715 748 850 578 1788 2008 1545 711 1229 
1332 1487 1781 467 537 1942 0 762 1377 720 1190 1246 912 640 1489 1602 1288 1402 1316 1440 739 858 1331 1332 949 
657 1091 1455 582 616 1399 803 0 1026 434 550 1642 1380 673 1107 1159 880 1016 703 983 772 951 1142 716 229 
351 189 933 1327 1226 778 1566 909 0 1045 475 2492 2149 1259 242 304 206 35 336 539 1353 1509 1009 471 801 
629 802 1149 717 643 1183 991 708 677 0 695 1828 1549 603 804 953 593 712 614 743 702 858 699 675 777 
165 675 1149 917 881 884 1157 488 528 724 0 2021 1733 806 722 664 388 518 211 570 913 1081 1265 246 387 
1982 2168 2470 1218 1243 2604 1115 1474 2043 1439 1964 0 1552 1363 2166 2224 1914 2085 1964 2101 1457 1554 2076 1985 1641 
1943 2133 2435 1182 1207 2573 1004 1438 1994 1403 1906 1772 0 1327 2131 2193 1890 2036 1925 2070 1421 1518 2029 1954 1613 
1214 1383 1707 404 408 1779 795 756 1273 591 1053 1642 1380 0 1385 1498 1184 1298 1212 1336 102 314 1293 1228 937 
544 70 857 1483 1361 709 1701 1127 261 1149 668 2645 2296 1415 0 243 399 230 529 732 1509 1665 962 623 994 
574 282 1066 1535 1413 500 1753 1104 337 1190 642 2676 2296 1467 272 0 448 302 544 625 1561 1717 1160 442 971 
215 344 991 1187 1148 802 1440 773 197 1005 346 2332 2041 1119 391 400 0 187 187 371 1213 1369 1026 303 672 
333 177 949 1306 1226 744 1561 884 35 1023 457 2492 2149 1238 224 270 188 0 318 521 1332 1488 1027 453 783 
46 528 1106 1024 1101 853 1279 619 381 855 192 2194 1908 981 575 584 222 371 0 422 1067 1215 1163 169 518 
586 950 1455 1420 1421 772 1675 986 789 1136 553 2584 2226 1352 1013 823 690 779 620 0 1446 1602 1523 534 879 
1274 1429 1764 475 479 1860 866 827 1319 662 1127 1746 1453 126 1431 1544 1230 1344 1258 1382 0 385 1329 1274 1006 
1332 1487 1826 511 533 1942 922 881 1377 716 1182 1772 1505 364 1489 1602 1288 1402 1316 1440 409 0 1391 1332 1059 
1313 1091 662 1401 1312 1701 1652 1474 1044 1185 1329 2560 2195 1366 1066 1167 1268 1062 1297 1421 1388 1616 0 1313 1523 
144 563 1106 1069 1101 786 1295 631 416 867 204 2194 1908 981 610 426 290 406 178 355 1067 1215 1163 0 530 
488 942 1278 732 766 1224 965 150 851 579 381 1782 1519 742 921 996 711 841 534 883 841 1006 1265 559 0 
0 572 1173 1122 973 990 1323 674 412 798 153 2075 1880 1021 638 510 229 424 73 485 1121 1288 1111 159 547 
618 0 975 1228 1049 814 1449 1059 189 974 709 2193 2049 1174 71 261 374 167 540 739 1274 1426 1002 592 987 
1161 971 0 1611 1441 1722 1838 1396 1000 1339 1116 2568 2424 1531 956 1176 1061 1026 1126 1290 1631 1783 750 1162 1342 
1035 1167 1595 0 324 1669 482 658 1063 509 906 1321 1077 349 1216 1213 943 1108 1000 1167 454 423 1166 1039 746 
714 975 1408 594 0 1450 785 334 857 318 580 1593 1394 522 1021 1017 757 884 749 951 627 787 1002 736 422 
896 927 1735 1713 1543 0 1937 1475 957 1444 976 2689 2538 1633 887 670 807 929 900 592 1733 1908 1692 748 1375 
1200 1349 1773 466 511 1877 0 741 1225 696 1082 1162 873 645 1394 1375 1100 1270 1165 1329 750 744 1277 1201 867 
689 996 1433 657 624 1454 792 0 923 433 555 1593 1394 637 1048 1044 826 958 724 1015 742 917 1111 711 198 
503 192 933 1132 945 898 1351 1010 0 862 582 2112 1910 1058 258 345 259 45 425 624 1158 1325 981 477 897 
584 670 1060 635 531 1149 826 648 559 0 526 1666 1406 563 690 743 459 586 530 652 668 828 720 545 710 
223 735 1173 959 850 1001 1144 521 575 645 0 1924 1716 863 792 600 411 587 258 547 948 1128 1202 249 394 
1870 2026 2412 1219 1244 2550 1116 1492 1951 1417 1909 0 1488 1397 2049 2114 1788 1989 1858 1998 1497 1639 1966 1891 1614 
1710 1861 2235 1046 1066 2377 850 1348 1735 1239 1705 1546 0 1224 1860 1932 1610 1780 1675 1852 1324 1445 1783 1711 1470 
1071 1229 1628 382 366 1723 700 700 1115 551 962 1529 1284 0 1249 1267 970 1160 1036 1221 106 310 1215 1093 788 
681 63 933 1249 1070 847 1470 1083 252 1031 770 2208 2049 1205 0 294 437 230 603 802 1305 1457 1002 655 1017 
596 326 1148 1446 1267 603 1667 1194 355 1168 666 2408 2308 1370 283 0 451 321 600 659 1470 1622 1211 448 1080 
266 437 1060 1089 869 888 1263 912 251 790 391 2032 1818 979 503 416 0 242 188 387 1081 1253 1002 240 785 
466 210 975 1156 973 924 1377 1026 35 892 557 2118 1975 1119 276 320 222 0 388 587 1219 1371 982 440 930 
85 545 1148 1137 973 968 1351 739 385 833 218 2112 1910 1086 611 481 198 397 0 458 1186 1337 1111 130 612 
636 1017 1623 1527 1421 875 1748 1121 850 1223 585 2548 2365 1447 1070 784 712 841 640 0 1547 1699 1590 597 999 
1140 1280 1704 452 436 1771 770 770 1168 621 1028 1593 1394 115 1325 1315 1040 1213 1105 1269 0 380 1250 1141 858 
1230 1373 1797 441 525 1911 859 859 1255 710 1116 1666 1449 354 1418 1405 1130 1300 1195 1359 413 0 1339 1231 974 
1098 1011 688 1187 1014 1729 1408 1160 972 918 1116 2169 1975 1119 1066 1200 998 1017 1063 1227 1219 1371 0 1099 1286 
150 569 1222 1179 1014 868 1400 741 460 865 220 2169 1975 1119 635 352 254 451 154 367 1219 1371 1139 0 614 
600 922 1351 769 684 1361 971 179 841 493 466 1739 1562 697 942 943 741 868 635 934 802 946 1202 622 0 
0 616 1139 1139 1012 978 1320 727 434 858 197 2028 1932 1074 687 604 252 437 80 487 1171 1281 1117 167 649 
668 0 917 1216 1081 796 1400 1061 192 988 763 2108 2012 1137 72 255 404 212 590 784 1234 1361 928 651 1010 
1509 1207 0 1611 1392 1918 1737 1639 1314 1452 1480 2518 2348 1534 1170 1389 1448 1339 1472 1626 1631 1758 658 1529 1703 
982 1123 1475 0 329 1570 506 596 1003 487 963 1308 1145 362 1141 1207 874 1036 945 1068 434 550 1125 987 707 
779 996 1335 598 0 1414 794 267 859 341 640 1635 1461 511 1003 1047 728 878 788 937 583 754 973 800 378 
986 825 1609 1696 1509 0 1867 1573 916 1452 1056 2591 2464 1617 827 591 849 908 979 670 1714 1876 1707 831 1482 
1196 1325 1691 510 561 1824 0 728 1211 719 1176 1168 889 675 1343 1442 1135 1244 1159 1313 747 921 1335 1216 867 
770 1066 1411 672 596 1508 847 0 943 415 631 1635 1461 585 1058 1130 802 954 802 1006 657 828 1117 791 202 
476 207 933 1074 971 885 1270 963 0 829 580 1980 1872 997 278 317 212 35 398 596 1103 1223 894 509 884 
540 657 1038 647 520 1086 843 594 537 0 556 1635 1474 560 665 731 406 556 466 599 632 803 642 512 694 
237 740 1114 1006 926 1019 1186 564 602 695 0 1905 1785 905 748 695 421 605 269 531 970 1134 1117 258 486 
1885 2009 2422 1249 1251 2496 1113 1506 1936 1428 1866 0 1535 1404 2043 2197 1839 1967 1865 2014 1501 1629 1973 1912 1632 
1699 1822 2224 1045 1055 2315 824 1316 1714 1232 1642 1499 0 1200 1840 1976 1638 1747 1662 1836 1297 1425 1829 1719 1442 
995 1157 1525 401 370 1623 707 637 1014 528 995 1499 1328 0 1175 1244 946 1047 963 1121 124 380 1163 1010 748 
740 80 917 1216 1081 851 1400 1061 264 988 788 2108 2012 1137 0 310 476 284 662 844 1234 1361 928 727 1010 
612 291 1114 1350 1180 587 1525 1190 369 1111 665 2242 2129 1271 324 0 494 360 597 638 1368 1495 1194 450 1122 
286 429 1038 1038 897 906 1218 909 266 773 390 1972 1825 928 501 423 0 253 208 406 1039 1187 929 319 828 
467 188 949 1110 1000 850 1296 993 35 856 571 2011 1912 1012 260 282 203 0 389 587 1109 1246 927 500 928 
79 587 1114 1110 1000 947 1296 768 405 863 238 2011 1912 1045 658 578 223 408 0 458 1142 1246 1043 141 690 
613 1029 1525 1495 1347 875 1673 1076 841 1211 562 2388 2290 1416 1121 825 703 828 598 0 1513 1640 1540 550 1010 
1083 1225 1591 483 452 1704 789 719 1116 610 1054 1566 1417 166 1243 1331 1022 1149 1046 1202 0 441 1271 1105 830 
1116 1262 1628 417 489 1735 826 756 1145 647 1087 1635 1461 379 1280 1362 1055 1178 1079 1233 412 0 1294 1136 867 
1013 1002 647 1153 1025 1649 1329 1102 917 938 1071 2037 1932 1074 1021 1162 954 952 976 1147 1171 1297 0 1050 1239 
165 629 1148 1153 1032 874 1340 783 466 938 253 2047 1980 1074 701 439 252 453 150 374 1171 1297 1117 0 705 
671 1010 1351 792 716 1411 953 192 900 535 507 1672 1535 705 1003 1098 786 927 703 960 777 963 1207 692 0 
0 631 1246 1026 946 960 1229 656 424 764 209 2005 1820 969 685 591 238 425 80 498 1039 1189 1207 176 585 
591 0 933 1235 1135 908 1454 1065 204 993 752 2196 2146 1166 80 316 413 195 564 830 1244 1396 951 678 1020 
1184 945 0 1578 1414 1650 1791 1391 1002 1328 1135 2508 2452 1509 892 1123 1143 1020 1177 1296 1587 1739 691 1183 1345 
987 1173 1539 0 324 1601 518 584 1029 504 918 1248 1080 347 1152 1260 990 1061 970 1119 423 417 1122 1001 706 
778 980 1332 563 0 1409 790 260 816 309 584 1514 1404 487 957 1091 734 851 769 954 563 764 982 798 382 
1031 829 1644 1673 1573 0 1890 1509 908 1423 995 2605 2567 1604 800 582 823 874 1002 627 1682 1842 1622 866 1404 
1209 1368 1745 530 528 1816 0 725 1260 708 1118 1154 865 676 1358 1461 1168 1292 1202 1321 752 795 1274 1208 837 
714 1040 1395 630 556 1447 796 0 883 376 529 1519 1404 554 1019 1155 801 918 749 1006 630 831 1088 743 191 
414 216 949 1127 1014 940 1341 979 0 876 575 2124 1973 1044 276 325 250 35 387 653 1122 1268 886 501 940 
508 679 1051 614 537 1133 841 586 528 0 562 1570 1404 538 643 798 446 563 481 662 614 815 701 510 678 
242 764 1131 900 826 995 1131 538 565 646 0 1852 1684 824 738 701 419 566 277 560 900 1078 1135 281 475 
1852 2035 2372 1222 1228 2447 1098 1466 1904 1394 1755 0 1518 1364 2022 2097 1810 1942 1832 1968 1442 1577 1947 1870 1587 
1764 1935 2306 1141 1145 2367 941 1383 1816 1311 1672 1570 0 1283 1894 2025 1723 1852 1757 1888 1361 1504 1851 1763 1503 
1084 1236 1613 416 390 1680 765 650 1092 570 994 1514 1404 0 1226 1338 1043 1127 1077 1198 124 363 1196 1085 772 
657 68 885 1235 1135 894 1454 1054 269 986 800 2196 2146 1166 0 302 481 263 630 876 1244 1396 928 724 1007 
652 304 1103 1369 1269 631 1588 1212 352 1119 800 2371 2277 1300 275 0 404 318 625 659 1378 1530 1135 536 1174 
248 416 1027 1026 891 924 1210 845 200 768 418 1988 1793 969 470 446 0 201 221 436 1013 1166 995 284 794 
405 234 962 1127 1014 924 1341 979 43 886 566 2124 1973 1072 291 291 236 0 378 644 1150 1283 905 492 947 
73 612 1228 1098 1014 940 1279 712 405 820 265 2039 1890 999 666 550 219 406 0 479 1086 1239 1204 135 641 
634 1016 1572 1465 1426 842 1684 1057 805 1198 599 2392 2398 1396 1050 828 681 806 634 0 1474 1626 1484 566 986 
1154 1306 1683 491 470 1748 840 730 1205 650 1076 1586 1416 116 1296 1406 1113 1237 1147 1266 0 443 1217 1153 852 
1209 1368 1745 494 538 1816 913 798 1260 718 1130 1657 1504 381 1358 1461 1168 1292 1202 1321 449 0 1325 1208 928 
1045 1006 651 1127 1014 1650 1341 1074 953 878 1075 2124 1973 1044 993 1189 1021 971 1038 1168 1122 1275 0 1055 1215 
185 622 1137 1098 1014 862 1279 717 406 825 270 2039 1890 1008 676 421 227 407 185 391 1086 1239 1118 0 646 
595 1019 1380 795 721 1351 946 196 931 541 410 1657 1504 719 1003 1029 788 966 630 944 795 963 1207 624 0 
0 546 1137 1112 944 960 1341 700 392 818 155 2114 1955 1016 609 478 229 378 74 492 1062 1198 1069 150 510 
573 0 876 1207 1012 810 1405 1099 187 975 677 2206 1993 1154 63 281 419 207 549 765 1200 1336 936 622 979 
1124 962 0 1550 1355 1703 1748 1421 1004 1317 1093 2568 2341 1484 935 1190 1045 1022 1102 1244 1530 1666 661 1137 1300 
983 1144 1521 0 378 1593 497 631 1029 524 906 1271 1136 397 1158 1250 935 1061 961 1115 430 431 1115 1006 736 
694 952 1313 561 0 1384 773 261 847 318 533 1490 1422 495 948 957 726 865 742 932 528 690 999 701 366 
1011 797 1605 1664 1485 0 1907 1499 862 1404 997 2641 2456 1588 779 568 823 844 966 664 1634 1770 1622 852 1362 
1124 1270 1658 485 523 1722 0 737 1160 669 1030 1207 895 675 1295 1391 1045 1194 1102 1244 708 783 1235 1137 858 
689 1024 1400 677 651 1417 804 0 936 479 520 1559 1422 656 1023 1059 858 971 744 983 689 851 1162 696 195 
419 180 883 1064 871 866 1258 977 0 829 523 2044 1876 1002 243 307 232 35 394 612 1056 1192 888 436 863 
468 650 993 637 550 1049 849 595 539 0 560 1657 1478 571 633 646 418 557 434 608 604 766 672 488 691 
232 682 1079 947 873 987 1176 593 528 681 0 1966 1765 878 704 572 389 514 287 529 912 1081 1083 244 417 
1782 1930 2370 1151 1191 2371 1017 1345 1823 1344 1698 0 1478 1323 1963 2084 1703 1857 1760 1914 1369 1505 1878 1795 1518 
1646 1784 2172 1012 1055 2222 877 1210 1685 1208 1562 1485 0 1184 1811 1925 1567 1719 1624 1766 1230 1366 1739 1659 1383 
970 1138 1521 370 363 1573 694 616 1029 509 888 1485 1301 0 1158 1250 935 1061 937 1095 89 338 1101 999 721 
626 63 840 1221 1026 806 1419 1115 240 992 730 2221 2029 1154 0 277 472 260 602 818 1200 1336 958 675 979 
596 292 1119 1376 1181 560 1574 1147 323 1118 620 2416 2143 1302 280 0 498 289 559 593 1348 1484 1192 407 979 
253 408 1054 1044 862 924 1258 912 228 820 371 2028 1854 1002 462 394 0 214 219 454 1056 1192 991 261 726 
420 199 933 1095 926 833 1316 1004 37 865 524 2084 1910 1045 262 273 233 0 395 630 1091 1227 907 437 879 
71 529 1119 1098 926 960 1316 749 373 837 204 2084 1910 1045 592 470 202 359 0 484 1091 1227 1052 142 559 
672 1000 1548 1552 1373 885 1766 1125 849 1257 591 2568 2341 1476 1049 821 706 835 656 0 1522 1658 1510 598 957 
996 1156 1548 406 399 1617 730 652 1049 545 917 1485 1344 95 1185 1286 969 1078 974 1139 0 335 1154 1032 757 
1100 1234 1622 431 491 1698 820 744 1141 637 1003 1657 1478 385 1259 1367 1021 1175 1078 1220 345 0 1242 1113 849 
970 1012 641 1112 926 1575 1341 1096 950 866 1027 2114 1955 1045 985 1187 935 980 946 1097 1091 1227 0 999 1220 
196 565 1147 1122 944 801 1341 764 441 882 220 2114 1955 1073 611 333 264 427 159 347 1119 1255 1083 0 574 
566 952 1313 791 720 1315 897 209 843 548 397 1657 1478 725 948 910 746 863 621 858 758 923 1254 573 0 
0 548 1115 1107 1021 994 1287 651 381 814 154 2055 1947 1009 586 537 223 399 56 468 1074 1229 1062 153 505 
548 0 949 1265 1135 831 1533 1120 205 1009 670 2256 2156 1165 63 268 386 178 529 748 1230 1385 1051 586 1012 
1199 986 0 1613 1487 1708 1903 1415 1006 1336 1142 2598 2493 1513 966 1177 1100 1020 1165 1297 1578 1733 660 1201 1343 
1008 1118 1517 0 318 1597 498 584 1047 510 884 1276 1153 346 1169 1205 940 1074 974 1096 440 389 1089 1004 693 
773 961 1361 623 0 1479 803 266 888 363 566 1567 1483 531 1012 1077 775 924 806 949 625 767 974 806 375 
981 813 1596 1674 1548 0 1974 1426 924 1397 999 2663 2554 1574 795 624 806 887 985 617 1639 1794 1587 811 1318 
1185 1308 1667 489 504 1784 0 637 1205 696 1104 1118 871 638 1335 1388 1086 1232 1151 1283 732 737 1237 1187 778 
682 1032 1468 655 621 1463 767 0 980 445 542 1535 1428 613 1083 1077 857 1014 732 997 707 849 1056 713 201 
378 211 933 1096 978 924 1287 942 0 867 500 2055 1947 1001 249 319 237 35 359 599 1074 1229 999 441 840 
501 648 1069 622 525 1136 802 560 564 0 534 1567 1483 530 674 756 451 599 482 629 624 766 644 510 669 
212 706 1097 942 867 1052 1125 516 540 668 0 1901 1812 858 732 628 405 566 262 548 959 1137 1080 244 389 
1918 2071 2432 1237 1268 2572 1054 1491 1957 1441 1833 0 1600 1395 2125 2200 1838 1991 1894 2065 1460 1615 2030 1960 1599 
1770 1905 2250 1051 1095 2401 892 1261 1790 1268 1665 1513 0 1209 1932 2017 1671 1825 1736 1881 1274 1402 1814 1772 1369 
1036 1138 1544 391 347 1638 696 613 1073 539 919 1513 1361 0 1189 1242 948 1094 1002 1137 139 366 1136 1041 722 
587 63 898 1250 1102 812 1518 1082 250 993 709 2256 2155 1150 0 249 425 217 568 787 1215 1370 989 625 966 
568 251 1097 1345 1219 602 1613 1115 345 1053 622 2368 2226 1245 279 0 406 311 550 580 1310 1465 1227 406 971 
218 343 1045 1028 894 887 1216 838 206 805 341 1992 1863 971 381 375 0 194 196 380 1038 1193 950 232 692 
382 177 962 1121 1021 887 1372 978 35 897 504 2143 2039 1044 215 285 220 0 363 582 1109 1264 1009 420 855 
62 521 1097 1131 1021 973 1374 700 366 863 203 2133 2039 1044 559 520 196 372 0 453 1109 1264 1049 136 554 
620 936 1483 1503 1395 881 1771 1053 792 1210 566 2502 2358 1403 982 816 662 780 614 0 1468 1623 1431 569 905 
1093 1234 1593 456 412 1694 761 678 1148 604 1008 1536 1483 109 1261 1298 994 1175 1059 1193 0 375 1167 1097 787 
1155 1294 1653 411 459 1754 808 725 1173 651 1059 1653 1489 376 1321 1358 1056 1200 1121 1253 364 0 1237 1157 834 
1041 922 625 1147 1021 1638 1415 1119 866 917 1076 2181 2087 1044 963 1114 953 900 1007 1137 1109 1264 0 1041 1264 
168 541 1097 1121 1021 861 1372 701 404 864 217 2143 2039 1044 579 386 228 392 150 354 1109 1264 1044 0 555 
542 961 1361 768 734 1314 880 187 890 564 410 1653 1530 732 1012 987 742 918 592 877 826 1012 1180 573 0 
0 570 1176 1123 1040 973 1315 632 400 791 176 2108 1882 1045 614 502 246 394 48 466 1120 1289 1159 135 529 
597 0 934 1300 1152 779 1494 1137 215 1043 742 2294 2114 1208 63 281 446 198 584 812 1283 1449 1009 642 1061 
1543 1095 0 1692 1513 1808 1887 1625 1203 1443 1488 2656 2554 1600 1084 1242 1431 1221 1508 1659 1675 1886 656 1546 1702 
1018 1156 1532 0 332 1607 514 569 1020 511 917 1274 1067 363 1180 1256 930 1056 983 1138 443 439 1148 1025 697 
742 977 1348 587 0 1419 796 237 827 324 580 1554 1354 520 1019 1041 756 865 779 951 600 696 975 760 365 
977 799 1643 1707 1540 0 1916 1511 896 1458 1021 2675 2605 1615 818 595 815 848 984 657 1690 1909 1630 831 1400 
1184 1329 1705 508 509 1769 0 727 1238 688 1094 1139 843 661 1353 1418 1086 1274 1149 1300 741 807 1276 1187 849 
711 1067 1479 718 642 1426 841 0 958 455 550 1645 1409 651 1091 1125 887 994 748 1061 731 827 1117 729 202 
408 192 917 1123 1013 841 1315 980 0 851 553 2108 1882 1045 239 297 270 38 395 625 1120 1266 935 501 916 
507 673 1048 649 551 1170 858 611 526 0 547 1645 1409 582 689 729 455 564 494 640 662 758 659 516 739 
226 681 1059 957 876 960 1148 476 579 635 0 1973 1713 885 697 611 433 573 263 503 966 1087 1090 244 414 
1934 2118 2465 1263 1276 2522 1130 1483 1962 1443 1831 0 1485 1390 2089 2227 1899 1998 1913 2075 1465 1614 2039 1987 1551 
1772 1937 2285 1080 1099 2352 850 1300 1827 1266 1647 1507 0 1207 1892 2028 1674 1863 1737 1905 1282 1418 1846 1775 1368 
1050 1190 1566 387 368 1630 723 605 1069 547 966 1507 1283 0 1214 1279 961 1105 1015 1161 101 337 1183 1048 733 
637 91 892 1258 1124 773 1452 1100 258 1000 777 2244 2058 1166 0 275 490 242 624 851 1241 1407 982 674 1027 
619 267 1117 1391 1231 549 1585 1138 364 1142 662 2406 2269 1299 286 0 442 316 611 617 1374 1540 1230 440 1027 
217 397 1048 1085 983 881 1253 838 291 798 382 2043 1818 975 434 391 0 245 204 376 1043 1212 1015 252 735 
423 187 950 1152 1040 812 1340 1011 49 879 568 2130 1903 1074 224 263 258 0 410 614 1149 1310 975 490 923 
56 555 1151 1191 1066 960 1361 677 385 836 221 2164 1959 1103 599 491 227 379 0 447 1178 1344 1117 127 574 
636 983 1532 1509 1396 849 1703 1027 850 1236 569 2551 2394 1417 1036 808 665 843 655 0 1492 1658 1484 564 935 
1106 1260 1636 448 429 1691 784 666 1155 608 1008 1535 1354 111 1284 1340 1008 1191 1071 1222 0 368 1236 1109 794 
1184 1329 1705 513 505 1769 860 742 1238 684 1093 1645 1409 376 1353 1418 1086 1274 1149 1300 399 0 1307 1187 870 
1047 972 709 1126 1023 1630 1315 1090 886 859 1080 2108 1882 1045 1017 1218 961 924 1012 1161 1120 1289 0 1048 1214 
187 621 1176 1195 1080 853 1381 686 500 845 230 2173 1959 1103 650 369 302 491 171 348 1178 1344 1159 0 583 
564 942 1319 831 755 1294 953 208 855 556 406 1663 1468 764 987 975 771 893 601 841 844 942 1197 582 0 
0 533 1206 1056 977 925 1238 633 377 782 151 2047 1968 977 603 566 241 366 46 486 1032 1188 1175 151 530 
608 0 893 1361 1198 783 1547 1122 214 1077 731 2397 2271 1276 70 264 433 184 577 827 1331 1487 992 637 1033 
1543 1098 0 1677 1450 1678 1829 1709 1284 1533 1482 2611 2511 1601 1062 1190 1487 1297 1523 1704 1656 1815 679 1573 1687 
1086 1240 1678 0 382 1722 511 642 1142 559 921 1339 1056 408 1216 1411 1059 1171 1095 1276 464 474 1214 1097 769 
703 1051 1474 631 0 1448 839 260 939 368 532 1651 1445 529 1020 1180 852 968 744 1016 585 832 1071 715 387 
998 816 1711 1740 1576 0 1970 1496 893 1494 1044 2739 2619 1655 808 599 825 859 966 653 1710 1892 1659 799 1347 
1220 1402 1840 510 522 1894 0 776 1309 699 1059 1171 797 653 1378 1567 1215 1338 1251 1432 709 877 1299 1231 933 
729 1096 1542 721 646 1448 886 0 994 458 567 1674 1535 619 1074 1198 941 1021 770 1016 675 923 1175 741 226 
419 201 883 1162 1024 848 1362 976 0 957 542 2192 2082 1091 271 320 261 35 393 646 1146 1302 926 470 921 
567 701 1120 667 535 1134 875 572 582 0 577 1651 1492 565 676 809 498 607 541 704 621 868 696 572 699 
208 687 1139 934 841 947 1116 498 531 647 0 1868 1728 814 713 666 424 520 254 532 870 1017 1140 258 421 
1994 2211 2533 1257 1289 2699 1143 1504 2083 1494 1817 0 1609 1428 2258 2362 2057 2117 2040 2275 1483 1602 2075 2027 1629 
1738 1963 2274 1019 1039 2472 858 1262 1862 1244 1577 1505 0 1174 2010 2123 1775 1896 1798 1991 1229 1337 1796 1749 1387 
1066 1230 1668 407 360 1707 749 620 1120 537 892 1572 1422 0 1206 1396 1044 1149 1080 1261 115 365 1214 1077 747 
690 100 857 1329 1189 793 1515 1122 299 1049 788 2334 2232 1244 0 274 515 266 659 938 1299 1455 1003 719 1019 
663 306 1178 1468 1306 577 1654 1228 383 1215 742 2538 2353 1383 298 0 537 349 629 665 1438 1594 1223 482 1109 
239 390 1120 1133 976 886 1321 852 249 897 370 2152 2048 1061 460 383 0 228 199 449 1116 1254 1029 260 749 
424 187 921 1212 1024 814 1389 1018 35 984 547 2207 2108 1127 257 286 251 0 395 645 1182 1338 972 460 928 
56 510 1187 1133 1041 900 1292 681 354 830 199 2119 2007 1015 580 561 217 343 0 463 1078 1226 1127 158 578 
644 1024 1598 1506 1418 857 1692 1083 844 1215 571 2538 2394 1421 1073 775 688 833 610 0 1476 1632 1518 581 951 
1121 1278 1716 469 422 1760 811 682 1189 599 966 1651 1445 105 1254 1449 1097 1218 1133 1314 0 427 1244 1132 809 
1203 1364 1822 413 507 1860 830 767 1271 684 1042 1670 1504 417 1340 1529 1177 1300 1213 1394 381 0 1322 1214 894 
1144 1098 648 1212 1066 1678 1395 1134 1061 1018 1165 2236 2128 1127 1062 1190 1088 1079 1124 1305 1182 1338 0 1174 1255 
183 634 1206 1162 1066 837 1359 744 478 893 262 2192 2082 1091 704 415 279 467 149 400 1146 1302 1178 0 641 
544 935 1349 828 753 1264 962 212 836 565 387 1698 1550 726 911 1004 760 859 585 830 782 981 1277 556 0 
0 514 1173 1126 1198 958 1371 579 377 817 154 1958 1912 1245 552 537 183 360 46 498 1252 1275 1223 135 447 
579 0 933 1445 1327 828 1746 1121 209 1103 693 2493 2440 1550 63 324 380 178 557 782 1548 1582 1075 613 1000 
1249 940 0 1770 1599 1615 2129 1453 982 1486 1161 2834 2779 1864 923 1113 1139 1001 1237 1484 1787 1881 688 1331 1323 
1168 1489 1872 0 382 1904 502 669 1366 685 966 1308 1269 407 1542 1588 1298 1392 1207 1427 471 408 1322 1191 801 
744 1138 1569 653 0 1514 1032 287 1030 385 582 1815 1705 628 1191 1234 941 1056 790 1040 692 799 1105 829 419 
1020 832 1601 1957 1844 0 2261 1445 839 1614 992 2937 2837 2011 800 576 810 804 1006 717 2026 2072 1735 860 1312 
1398 1707 2117 515 653 2126 0 797 1584 948 1245 1131 977 724 1760 1841 1532 1610 1444 1657 788 829 1598 1421 893 
678 1143 1569 759 745 1429 913 0 1008 491 534 1637 1511 734 1196 1126 854 1013 724 938 798 915 1219 732 181 
413 207 949 1269 1173 837 1578 944 0 988 527 2275 2274 1394 246 304 230 35 397 632 1382 1426 1032 474 820 
664 812 1173 617 556 1268 965 590 674 0 640 1741 1630 657 775 943 599 707 648 817 721 828 781 690 665 
199 672 1246 1025 1066 947 1238 467 535 703 0 1870 1767 1008 710 668 375 518 245 570 1047 1167 1343 266 354 
2202 2662 3019 1341 1583 2896 1130 1586 2520 1748 2047 0 1680 1670 2669 2667 2396 2539 2253 2478 1677 1652 2451 2284 1702 
1962 2285 2684 1044 1285 2652 875 1305 2112 1450 1781 1476 0 1373 2292 2380 2090 2145 2011 2235 1380 1355 2152 2044 1434 
1171 1489 1872 373 387 1904 729 674 1366 690 966 1626 1457 0 1542 1591 1298 1392 1207 1430 93 373 1335 1194 806 
620 63 917 1430 1309 786 1731 1107 254 1089 734 2493 2426 1535 0 282 421 219 598 823 1538 1567 1018 654 1020 
594 269 1019 1557 1475 533 1855 1107 263 1250 653 2493 2472 1662 237 0 376 228 562 641 1660 1694 1157 446 961 
235 377 1075 1156 1142 884 1519 789 255 947 364 2203 2168 1354 415 381 0 228 203 428 1350 1386 1157 278 657 
401 174 962 1316 1219 803 1611 950 35 1020 515 2348 2293 1472 212 270 218 0 385 620 1423 1501 1080 462 808 
56 499 1173 1196 1219 925 1451 624 362 862 199 2055 1979 1301 537 523 142 345 0 464 1308 1333 1219 131 492 
638 946 1611 1581 1626 828 1815 1008 816 1198 565 2422 2399 1686 984 823 677 794 635 0 1693 1718 1711 590 857 
1215 1500 1872 423 437 1937 779 724 1377 740 1017 1626 1487 101 1553 1625 1325 1403 1261 1474 0 335 1306 1238 856 
1291 1603 2011 428 531 2009 808 818 1480 834 1097 1641 1516 362 1656 1711 1428 1506 1337 1550 408 0 1475 1314 958 
1205 942 727 1249 1173 1630 1561 1179 908 1004 1139 2256 2274 1354 938 1128 1070 927 1193 1475 1291 1386 0 1308 1295 
179 570 1212 1196 1256 844 1451 634 439 872 210 2055 1979 1301 608 404 280 417 156 388 1308 1333 1306 0 502 
525 1006 1472 868 890 1243 943 160 861 636 381 1626 1498 879 1044 979 701 844 571 883 959 1056 1343 579 0 
0 461 1286 1130 1038 881 1370 529 328 775 152 1942 1828 1143 528 517 199 343 57 447 1218 1305 1189 114 430 
466 0 962 1265 1200 639 1628 941 169 1014 556 2319 2077 1320 67 185 339 162 450 677 1384 1488 1045 547 834 
1107 820 0 1590 1399 1438 1967 1253 880 1348 1040 2616 2418 1603 802 959 1039 911 1153 1355 1583 1771 599 1213 1163 
1068 1340 1784 0 363 1761 661 547 1254 653 911 1214 1142 457 1377 1441 1221 1288 1114 1331 474 350 1268 1102 631 
648 1021 1527 710 0 1403 1112 287 935 461 547 1637 1591 767 1058 1118 825 959 698 988 784 854 1190 738 370 
879 736 1503 1804 1671 0 2075 1341 842 1517 949 2768 2567 1865 728 547 735 808 854 584 1854 2014 1444 733 1251 
1209 1576 2012 516 649 1904 0 649 1501 918 1067 991 829 818 1613 1603 1381 1504 1255 1472 835 758 1543 1243 733 
533 961 1477 714 688 1263 891 0 837 536 426 1510 1418 878 998 1021 710 852 583 858 895 970 1304 603 140 
336 166 1018 1174 1069 741 1519 803 0 918 426 2158 2019 1225 233 260 200 35 320 547 1286 1393 1012 409 704 
621 704 1288 694 613 1197 1051 550 593 0 570 1583 1502 776 741 827 558 627 605 784 793 863 811 654 633 
162 599 1288 1009 978 887 1257 438 466 652 0 1777 1722 1044 666 648 339 481 212 500 1119 1187 1226 245 339 
2117 2399 2769 1387 1613 2785 1084 1586 2326 1759 1986 0 1668 1748 2403 2504 2270 2360 2163 2400 1757 1657 2344 2187 1654 
1744 2060 2425 1014 1240 2413 891 1204 1993 1379 1603 1304 0 1375 2064 2115 1908 2027 1790 2021 1384 1279 2007 1778 1272 
1068 1340 1784 371 365 1761 877 652 1254 655 917 1424 1365 0 1377 1441 1225 1288 1114 1331 94 271 1268 1102 735 
519 63 949 1306 1221 677 1669 978 222 1090 609 2319 2178 1341 0 223 377 212 503 730 1405 1509 1045 586 887 
529 216 1018 1378 1325 481 1741 971 301 1214 598 2369 2190 1432 208 0 388 267 504 549 1507 1600 1095 383 876 
182 327 1217 1127 1021 812 1482 702 208 834 325 2116 1994 1187 393 351 0 199 142 378 1255 1355 1104 221 603 
348 169 1042 1184 1069 707 1535 815 35 918 438 2167 2025 1225 235 226 190 0 318 554 1299 1393 1023 399 716 
56 444 1272 1174 1070 861 1422 576 311 780 199 2028 1898 1187 511 516 179 326 0 427 1262 1355 1167 113 477 
613 935 1625 1462 1428 773 1740 941 811 1246 563 2383 2231 1475 984 776 655 802 593 0 1550 1643 1599 571 841 
1103 1358 1817 405 399 1796 913 686 1272 689 945 1510 1418 97 1395 1459 1246 1306 1149 1366 0 306 1242 1137 769 
1180 1477 1925 339 478 1885 900 765 1402 768 1003 1510 1456 349 1514 1574 1349 1428 1226 1443 372 0 1394 1214 848 
1115 877 562 1138 1021 1477 1509 1037 837 955 1075 2158 2007 1213 917 998 996 871 1116 1336 1208 1381 0 1207 1119 
154 515 1312 1200 1097 776 1451 600 393 846 223 2028 1898 1213 581 407 212 384 129 342 1288 1381 1239 0 501 
447 880 1475 815 818 1166 977 155 751 567 340 1510 1430 980 917 943 624 766 497 772 1032 1107 1310 517 0 
0 452 1065 946 859 790 1164 508 327 559 146 1779 1701 917 490 402 172 323 46 429 945 1096 951 106 416 
454 0 789 1101 980 595 1333 858 169 832 554 1981 1876 1095 63 170 296 147 424 627 1130 1263 790 456 793 
1240 871 0 1470 1354 1396 1702 1448 940 1265 1246 2358 2231 1433 863 972 1120 959 1225 1410 1468 1601 562 1288 1408 
917 1138 1482 0 320 1545 514 507 1106 484 789 1176 1094 338 1186 1239 1007 1130 963 1202 371 317 1011 998 575 
593 868 1318 549 0 1296 820 247 803 308 469 1433 1355 512 911 976 723 827 639 894 545 706 934 675 327 
762 616 1404 1419 1303 0 1651 1230 695 1183 861 2313 2231 1375 619 452 679 661 756 525 1410 1543 1347 659 1156 
1126 1339 1695 485 538 1709 0 619 1270 702 1007 990 805 683 1349 1403 1171 1304 1172 1366 716 740 1191 1188 687 
533 841 1290 510 566 1212 705 0 776 360 424 1388 1246 590 878 890 696 800 579 814 623 784 1003 595 140 
334 179 843 973 844 676 1196 770 0 744 433 1810 1727 965 221 251 184 35 312 532 1001 1134 739 362 703 
596 671 1080 556 494 1170 839 523 634 0 549 1438 1355 531 708 761 531 658 580 776 564 725 638 629 533 
162 571 1038 827 776 854 1095 423 446 534 0 1687 1609 790 609 532 334 442 208 456 823 987 926 237 331 
1767 1875 2254 1092 1160 2238 977 1271 1800 1324 1643 0 1408 1278 1881 1948 1701 1835 1752 1902 1313 1394 1805 1784 1353 
1572 1673 2078 887 1005 2070 707 1075 1604 1134 1488 1283 0 1102 1683 1737 1505 1638 1556 1700 1137 1199 1607 1588 1157 
940 1168 1487 341 346 1578 719 593 1133 510 815 1388 1254 0 1212 1270 1040 1160 986 1235 113 266 1038 1031 673 
492 63 765 1077 980 633 1311 834 219 808 592 1923 1854 1064 0 208 334 185 462 665 1099 1232 785 494 769 
412 194 933 1107 1021 449 1339 873 262 884 511 1981 1879 1095 197 0 356 228 406 480 1130 1263 942 309 781 
172 296 917 864 737 723 1116 663 184 637 318 1738 1660 857 334 348 0 167 142 362 890 1056 823 192 588 
325 149 867 973 843 642 1196 769 35 743 425 1810 1727 965 187 217 167 0 295 515 1001 1134 763 345 695 
46 424 1050 973 844 778 1196 554 312 605 192 1810 1727 965 462 396 142 295 0 417 1001 1134 934 100 462 
578 864 1475 1371 1268 746 1553 925 768 1098 560 2204 2081 1320 906 713 643 751 577 0 1355 1488 1324 526 830 
996 1225 1519 396 401 1619 774 648 1180 565 870 1408 1355 85 1252 1313 1081 1212 1042 1276 0 321 1072 1076 728 
1050 1288 1593 321 453 1674 764 700 1235 617 924 1433 1355 266 1304 1368 1136 1264 1096 1331 305 0 1160 1131 780 
926 732 614 1026 930 1249 1263 992 695 806 874 1891 1812 1002 769 822 852 719 905 1092 1037 1170 0 965 1011 
106 450 1065 987 859 687 1216 566 359 665 204 1819 1740 965 488 299 189 342 100 326 1001 1134 951 0 474 
442 776 1218 576 632 1125 771 136 711 436 335 1398 1355 666 813 799 614 722 488 723 699 860 1085 504 0 
0 446 975 946 842 812 1133 508 317 519 146 1729 1583 967 484 409 172 317 46 428 1000 1134 896 106 416 
453 0 762 1038 926 595 1263 804 165 738 552 1864 1717 1066 63 170 296 147 424 633 1078 1232 732 450 739 
987 786 0 1368 1237 1336 1570 1136 841 1067 932 2176 2025 1340 757 913 930 860 968 1123 1373 1506 562 1019 1069 
881 1017 1415 0 304 1411 462 502 932 454 757 1064 918 316 1019 1065 819 963 868 1027 350 317 965 912 570 
577 830 1195 554 0 1289 788 214 768 307 453 1372 1278 555 825 943 672 802 623 878 589 722 870 659 302 
709 595 1311 1388 1257 0 1590 1169 674 1132 803 2206 2069 1356 619 452 637 640 703 465 1389 1522 1248 606 1079 
1075 1192 1562 430 490 1580 0 584 1104 640 946 915 646 617 1227 1241 1010 1138 1061 1196 651 705 1108 1092 652 
551 819 1178 491 518 1250 646 0 757 338 435 1263 1094 616 814 926 675 791 597 832 650 783 914 613 140 
320 165 795 939 815 676 1173 747 0 681 419 1753 1607 967 218 251 184 35 305 519 973 1134 717 363 682 
442 570 933 547 480 1003 796 488 486 0 467 1377 1278 563 565 625 377 520 426 590 597 730 575 469 533 
162 565 949 837 789 864 1049 423 436 516 0 1643 1494 838 573 539 334 436 208 456 872 1011 905 237 331 
1678 1827 2194 1027 1101 2194 913 1204 1741 1249 1554 0 1278 1215 1859 1905 1649 1775 1700 1848 1248 1344 1714 1731 1272 
1521 1667 2044 874 944 2061 659 1075 1584 1092 1397 1220 0 1064 1702 1723 1492 1618 1543 1678 1097 1198 1550 1574 1143 
952 1082 1437 361 369 1470 692 583 996 519 822 1304 1169 0 1129 1143 884 1030 935 1086 93 300 1029 986 671 
492 63 738 1062 944 619 1286 828 218 762 591 1886 1740 1103 0 194 334 185 462 671 1100 1262 708 488 763 
406 173 891 1107 971 449 1309 865 252 840 503 1923 1763 1115 197 0 356 218 400 486 1132 1281 847 303 773 
172 296 855 843 722 756 1077 654 184 588 318 1663 1517 867 334 348 0 167 142 359 880 1039 776 193 588 
325 149 819 950 828 642 1182 760 35 694 424 1780 1634 975 187 217 167 0 295 512 989 1141 741 346 694 
46 424 962 950 827 809 1173 554 302 565 192 1763 1617 973 462 403 142 295 0 412 989 1141 881 100 462 
571 861 1415 1345 1257 731 1526 918 763 1061 553 2138 1994 1292 899 710 638 746 570 0 1325 1458 1276 519 823 
926 1052 1415 374 382 1462 705 596 967 532 835 1306 1169 85 1066 1098 857 1001 909 1078 0 306 972 950 684 
1019 1160 1530 321 442 1534 725 656 1067 592 895 1372 1278 316 1195 1195 961 1101 1009 1150 305 0 1105 1046 744 
836 721 562 961 846 1249 1195 900 705 727 856 1789 1643 996 709 822 771 730 820 996 989 1154 0 863 988 
106 457 975 961 840 709 1182 566 351 625 204 1780 1634 996 495 306 189 334 100 332 1000 1165 894 0 474 
442 756 1112 557 604 1140 712 136 696 414 335 1306 1169 692 751 806 612 716 488 723 726 859 985 504 0 
0 446 975 911 851 744 1116 508 317 519 146 1718 1572 853 484 404 172 317 46 407 888 1026 855 112 416 
454 0 760 1047 926 595 1238 807 165 741 552 1839 1690 994 63 170 296 147 424 620 1037 1170 732 474 742 
961 786 0 1361 1224 1351 1556 1134 830 1059 924 2172 2011 1332 764 926 892 854 945 1083 1367 1500 562 986 1069 
879 1006 1415 0 305 1334 449 502 917 456 758 1064 918 315 1054 1048 812 949 861 1003 350 317 956 899 570 
594 819 1195 513 0 1170 720 214 733 274 453 1372 1177 455 843 866 630 767 638 821 490 623 792 662 294 
784 595 1311 1393 1256 0 1588 1197 674 1132 832 2215 2045 1374 619 452 654 640 778 506 1409 1542 1277 678 1105 
1045 1191 1554 430 493 1505 0 584 1088 644 946 899 646 616 1227 1219 980 1122 1029 1174 651 705 1111 1070 652 
554 808 1178 491 518 1163 628 0 754 323 424 1246 1094 504 832 890 674 778 598 814 539 672 841 598 140 
322 165 796 911 799 676 1116 722 0 656 419 1718 1572 871 218 251 184 35 305 498 906 1041 742 362 657 
433 559 933 547 483 894 760 488 469 0 463 1372 1278 495 583 602 366 503 415 557 530 663 528 453 533 
183 567 949 796 764 803 1009 423 440 516 0 1608 1459 738 591 532 344 440 227 456 773 915 868 240 331 
1638 1762 2127 1037 1101 2095 891 1204 1676 1249 1554 0 1278 1213 1798 1811 1573 1710 1622 1764 1248 1325 1705 1660 1272 
1475 1599 1963 874 944 1937 659 1075 1513 1092 1397 1220 0 1062 1635 1646 1410 1547 1459 1601 1097 1177 1542 1497 1143 
922 1052 1415 341 348 1377 659 562 960 499 801 1274 1142 0 1099 1098 855 992 905 1046 85 262 1002 944 642 
492 63 736 1069 944 619 1263 824 218 758 591 1864 1715 1036 0 194 334 185 462 658 1071 1204 708 512 759 
444 173 889 1143 1012 449 1338 906 252 845 541 1942 1790 1092 197 0 360 218 438 506 1127 1260 861 341 811 
172 296 852 838 728 675 1049 651 184 585 318 1643 1503 800 334 348 0 167 142 338 835 970 732 192 586 
325 149 820 941 831 642 1149 754 35 688 424 1753 1607 905 187 217 167 0 295 491 945 1080 766 345 689 
46 424 962 955 836 728 1165 554 302 565 192 1753 1607 899 462 403 142 295 0 391 945 1070 840 110 462 
571 852 1415 1337 1215 706 1526 918 740 1059 553 2140 1997 1269 890 716 615 723 570 0 1304 1437 1250 519 823 
922 1052 1415 374 381 1377 692 595 957 532 834 1306 1169 85 1099 1098 853 991 905 1046 0 306 972 943 675 
1016 1160 1523 321 441 1476 725 655 1054 592 894 1372 1209 317 1196 1190 961 1088 1000 1145 305 0 1100 1041 735 
833 721 562 971 850 1249 1173 900 695 723 857 1779 1633 917 717 822 766 719 815 976 945 1080 0 853 983 
106 450 969 966 845 659 1165 566 351 625 204 1763 1617 917 488 299 189 334 100 322 958 1080 849 0 474 
463 745 1112 557 606 1075 694 136 691 399 335 1306 1169 580 769 799 611 715 507 723 615 748 917 507 0 
