11
15
3600
0
2564
1964
2664
1816
2395
2112
2476
2468
1935
1841
0 362 1362 693 764 522 491 456 1207 586 767 
405 0 1508 578 649 430 399 535 1353 496 846 
1252 1376 0 1766 1845 1610 1579 1135 497 1498 925 
798 579 1924 0 209 420 492 944 1749 767 1250 
839 620 1992 209 0 493 565 980 1818 808 1296 
577 358 1696 423 538 0 187 719 1541 587 1052 
555 336 1674 493 608 192 0 697 1519 451 1052 
362 547 1161 912 980 738 707 0 1017 550 565 
1175 1299 480 1689 1760 1533 1502 1044 0 1421 847 
531 462 1546 787 858 589 451 536 1391 0 925 
714 839 911 1226 1297 1074 1043 599 839 971 0 
0 362 1494 766 860 522 491 496 1269 700 803 
426 0 1634 695 789 435 404 590 1409 633 936 
1338 1536 0 1991 2087 1747 1785 1170 526 1587 907 
862 633 2228 0 209 420 492 1040 1972 878 1402 
872 643 2228 209 0 493 565 1048 1972 888 1411 
592 363 1952 423 545 0 187 756 1677 634 1122 
570 341 1952 502 624 202 0 734 1677 498 1098 
363 593 1335 1003 1108 753 722 0 1127 552 598 
1247 1445 480 1887 2016 1656 1694 1106 0 1523 843 
634 605 1811 1003 1108 792 604 593 1579 0 1098 
739 942 943 1406 1508 1154 1192 619 892 1008 0 
0 548 1870 1020 1061 680 635 517 1580 720 998 
491 0 2018 918 966 578 533 657 1710 783 1144 
1447 1734 0 2200 2237 1954 1878 1352 648 1800 1177 
1143 827 2625 0 278 668 762 1355 2362 1069 1877 
1235 873 2635 272 0 696 808 1394 2372 1104 1877 
937 646 2376 671 804 0 252 1096 2113 874 1563 
937 623 2376 797 939 257 0 1096 2113 704 1563 
447 794 1647 1259 1308 945 881 0 1373 694 751 
1304 1591 693 2059 2096 1796 1719 1209 0 1657 1073 
841 726 2177 1248 1290 895 702 755 1930 0 1340 
860 1177 1270 1593 1640 1356 1279 729 1206 1209 0 
0 484 1608 827 884 631 568 486 1394 661 876 
460 0 1750 747 804 581 518 631 1536 676 1030 
1413 1628 0 2047 2097 1882 1839 1352 667 1700 1101 
973 786 2209 0 255 547 675 1152 2016 959 1504 
973 777 2203 278 0 629 710 1149 1981 947 1478 
689 525 1922 578 682 0 258 860 1713 784 1215 
630 466 1878 736 837 266 0 801 1651 622 1156 
433 719 1448 1123 1145 891 828 0 1234 726 661 
1317 1532 686 1953 1989 1787 1748 1256 0 1604 1018 
621 607 1761 964 1006 785 606 664 1547 0 1087 
849 1078 1187 1492 1520 1337 1298 740 1094 1137 0 
0 411 1622 771 814 607 546 516 1371 607 887 
446 0 1758 699 742 557 496 626 1507 566 1058 
1391 1610 0 2038 2066 1844 1844 1319 655 1705 1109 
912 696 2094 0 274 537 637 1082 1894 896 1499 
912 697 2094 254 0 605 691 1082 1894 897 1499 
659 445 1952 578 686 0 237 839 1701 740 1256 
625 411 1921 711 778 255 0 805 1667 603 1227 
385 654 1386 1028 1094 854 793 0 1163 676 649 
1294 1513 695 1912 1970 1743 1718 1222 0 1608 978 
664 600 1873 925 958 784 617 680 1612 0 1170 
820 1042 1129 1420 1500 1269 1244 712 967 1149 0 
0 439 1473 829 862 636 595 491 1280 636 893 
453 0 1643 697 730 537 470 629 1450 569 1033 
1326 1503 0 1946 2032 1747 1713 1262 613 1593 1021 
975 741 2164 0 228 540 650 1124 1968 934 1483 
975 733 2164 264 0 609 719 1124 1968 930 1483 
622 410 1822 532 638 0 228 798 1619 681 1152 
595 383 1789 697 788 269 0 771 1596 562 1145 
385 615 1325 1075 1105 876 835 0 1117 701 719 
1270 1447 625 1898 1933 1691 1657 1206 0 1537 947 
651 547 1714 963 995 802 660 595 1521 0 1101 
784 955 1136 1430 1452 1209 1175 732 958 1073 0 
0 435 1486 773 813 597 562 485 1282 627 865 
487 0 1577 683 723 520 459 619 1373 563 991 
1396 1591 0 1949 2056 1792 1789 1301 655 1663 1108 
937 782 2183 0 253 561 640 1084 1950 902 1467 
973 805 2197 287 0 628 707 1103 1983 930 1492 
647 504 1938 606 696 0 234 822 1697 708 1199 
600 457 1880 701 758 232 0 775 1653 661 1169 
450 714 1327 1081 1137 913 868 0 1151 645 688 
1309 1504 619 1888 1982 1705 1702 1214 0 1576 1043 
545 552 1628 875 919 741 649 603 1424 0 1056 
782 958 1126 1381 1432 1178 1175 708 1002 1068 0 
0 445 1568 800 858 605 564 466 1343 643 817 
531 0 1708 712 770 548 507 633 1483 667 1018 
1458 1689 0 2117 2139 1898 1870 1360 609 1753 1103 
984 746 2259 0 247 623 716 1102 2046 930 1523 
976 735 2238 271 0 607 700 1086 1989 919 1500 
709 480 1848 525 616 0 253 811 1629 747 1166 
656 427 1811 638 729 254 0 758 1579 602 1144 
418 701 1331 1067 1142 861 820 0 1086 718 607 
1327 1558 640 1967 2009 1769 1715 1229 0 1622 988 
628 552 1719 932 983 756 659 582 1494 0 1037 
758 1033 1158 1424 1454 1219 1165 671 955 1034 0 
0 485 1572 806 879 603 550 505 1360 622 872 
454 0 1710 730 803 531 478 624 1498 613 1046 
1426 1700 0 2078 2115 1906 1868 1337 656 1722 1132 
996 798 2210 0 252 595 737 1170 1990 941 1540 
974 771 2176 265 0 602 721 1131 1974 919 1519 
672 493 1868 582 672 0 261 842 1672 722 1228 
601 422 1822 706 796 251 0 771 1607 598 1194 
425 748 1339 1079 1128 867 814 0 1154 673 676 
1324 1598 662 1983 2019 1822 1749 1235 0 1620 995 
644 606 1796 929 993 759 635 603 1584 0 1121 
771 1076 1172 1442 1460 1294 1212 729 972 1052 0 
0 463 1602 862 893 732 614 547 1416 684 925 
602 0 1720 777 808 633 512 682 1534 635 1076 
1439 1734 0 2202 2277 1922 1906 1325 682 1760 1159 
1109 805 2333 0 241 553 703 1184 2074 992 1576 
1122 831 2333 290 0 609 759 1211 2074 1002 1599 
821 513 1943 609 699 0 251 904 1728 786 1304 
752 444 1864 793 849 275 0 832 1668 628 1230 
441 719 1389 1122 1166 974 870 0 1203 679 680 
1319 1614 626 2080 2141 1799 1758 1205 0 1640 1033 
689 636 1787 1003 1048 941 742 740 1601 0 1179 
824 1118 1110 1562 1606 1300 1259 740 965 1133 0 
0 538 1778 1038 1122 760 712 547 1579 725 1042 
491 0 1843 880 919 596 548 608 1633 668 1092 
1830 2144 0 2769 2833 2396 2438 1559 624 2195 1093 
1133 885 2449 0 246 618 769 1346 2251 1068 1785 
1060 816 2376 283 0 602 753 1267 2178 1031 1718 
755 521 2101 568 632 0 247 872 1865 813 1424 
689 455 2055 666 730 229 0 806 1857 655 1349 
468 847 1444 1319 1407 1039 1019 0 1245 752 726 
1658 1975 596 2595 2643 2231 2273 1392 0 2005 1159 
772 701 2007 1268 1356 930 744 725 1797 0 1240 
954 1311 1047 1795 1887 1555 1535 736 918 1279 0 
0 571 1632 999 1133 833 873 568 1449 760 1052 
408 0 1647 777 872 531 523 645 1464 672 1097 
1937 2072 0 2543 2614 2369 2306 1620 566 2182 1092 
987 772 2222 0 236 596 766 1204 2077 1137 1652 
976 748 2213 250 0 603 773 1186 2068 1092 1636 
662 444 1924 496 596 0 259 899 1716 803 1346 
626 408 1868 607 707 260 0 863 1681 601 1310 
459 858 1336 1266 1374 1100 1111 0 1153 731 800 
1793 2001 570 2427 2498 2298 2235 1512 0 2058 1246 
682 690 1822 1179 1287 986 776 623 1629 0 1259 
988 1281 1004 1733 1845 1565 1576 793 918 1324 0 
0 407 1466 860 984 567 628 483 1311 606 879 
421 0 1516 728 826 464 443 564 1361 552 997 
1456 1656 0 2015 2091 1914 1846 1315 512 1699 913 
878 645 1924 0 209 442 521 1014 1752 839 1360 
872 639 1924 209 0 493 572 1014 1752 833 1357 
662 429 1757 423 545 0 194 805 1602 694 1213 
620 387 1712 497 619 192 0 763 1557 548 1175 
395 622 1242 1086 1187 782 843 0 1116 615 651 
1422 1622 498 1979 2055 1895 1841 1281 0 1665 1050 
573 550 1597 987 1054 740 611 584 1442 0 1052 
762 997 976 1342 1419 1313 1201 651 866 1032 0 
0 417 1354 738 781 527 532 460 1202 617 791 
405 0 1463 619 662 432 427 551 1311 512 882 
1232 1358 0 1806 1893 1595 1564 1118 497 1505 907 
832 630 1876 0 209 420 492 978 1719 806 1296 
850 648 1893 209 0 494 566 997 1733 824 1309 
577 386 1667 423 538 0 187 731 1515 620 1084 
555 364 1631 502 617 202 0 709 1479 568 1059 
362 568 1161 972 1011 756 761 0 1017 550 578 
1151 1277 480 1721 1819 1514 1483 1044 0 1430 860 
554 476 1513 840 883 664 553 536 1361 0 955 
714 846 911 1284 1374 1108 1077 599 838 977 0 
0 362 1354 708 801 522 491 459 1301 613 763 
421 0 1463 595 688 430 399 536 1410 509 840 
1232 1379 0 1740 1819 1593 1562 1128 497 1494 907 
824 589 1843 0 209 470 544 950 1778 788 1256 
861 626 1876 209 0 541 598 1001 1818 825 1296 
593 358 1631 423 547 0 189 717 1578 629 1052 
571 336 1605 497 621 192 0 695 1552 526 1052 
362 562 1161 947 1033 755 724 0 1017 596 565 
1175 1322 480 1683 1754 1536 1505 1055 0 1432 853 
575 472 1508 816 918 665 634 544 1455 0 925 
731 840 911 1250 1321 1108 1077 599 839 980 0 
