15
10
5400
0
2234
2224
2425
2560
1991
2333
1951
2310
1829
2005
2090
2463
2174
2690
0 1024 872 1006 1125 1442 1423 1393 1152 765 1231 837 1083 1064 491 
949 0 755 875 343 802 762 440 432 463 544 1607 362 418 1274 
912 919 0 124 1081 1335 1316 1298 1075 704 1121 1596 1006 954 1263 
885 899 199 0 1056 1318 1299 1269 1040 685 1106 1596 971 939 1263 
1104 341 970 1088 0 1126 1096 445 704 649 816 1756 634 730 1423 
1444 771 1247 1364 1093 0 437 939 546 933 488 2088 553 535 1763 
1395 724 1223 1340 1048 409 0 949 566 881 496 2071 536 488 1714 
1373 436 1159 1276 426 980 1075 0 545 814 657 2045 475 696 1692 
1159 438 1013 1130 708 546 600 530 0 676 119 1870 75 207 1478 
713 468 571 691 603 888 848 839 604 0 671 1378 535 504 982 
1159 516 1013 1130 818 490 580 639 111 673 0 1870 185 247 1478 
837 1666 1518 1635 1773 2080 2038 2041 1787 1409 1866 0 1718 1699 852 
1104 368 939 1061 638 553 655 459 75 622 190 1756 0 262 1423 
1071 435 895 1016 752 516 476 651 207 592 253 1723 236 0 1390 
587 1271 1125 1242 1376 1680 1661 1641 1390 1017 1469 970 1321 1302 0 
0 1167 869 1016 1414 1851 1582 1644 1426 838 1471 1083 1345 1322 880 
1154 0 870 1016 376 1039 1000 512 553 662 668 1881 478 573 1491 
1061 1160 0 133 1315 1858 1602 1637 1385 812 1471 1792 1304 1271 1437 
1007 1090 199 0 1315 1728 1566 1561 1319 777 1364 1764 1238 1216 1391 
1508 395 1241 1374 0 1459 1327 529 906 954 1025 2213 830 945 1848 
1872 1033 1594 1727 1435 0 581 1061 552 1270 494 2575 563 600 2206 
1549 977 1371 1504 1327 444 0 1048 580 1102 497 2243 567 502 1880 
1675 524 1377 1510 482 1039 1084 0 594 1102 709 2441 519 687 2010 
1428 743 1163 1296 1065 548 695 573 0 872 119 2110 86 248 1765 
875 565 666 799 802 1266 1133 1101 823 0 875 1657 748 714 1314 
1428 753 1163 1296 1124 490 653 682 111 869 0 2110 196 257 1765 
991 2046 1676 1809 2189 2634 2540 2508 2277 1723 2355 0 2175 2179 1045 
1364 657 1089 1222 934 564 749 518 75 803 190 2073 0 304 1701 
1342 672 1089 1222 1045 623 552 696 207 788 255 2012 260 0 1679 
818 1627 1311 1444 1834 2215 2121 2070 1869 1340 1903 1243 1769 1747 0 
0 1232 946 1046 1318 1705 1606 1647 1311 891 1406 1130 1228 1227 623 
1186 0 880 1009 474 1117 991 646 664 695 770 1870 573 621 1390 
1186 1248 0 133 1385 1724 1625 1663 1330 980 1425 1870 1247 1246 1390 
1151 1232 229 0 1353 1708 1609 1647 1314 944 1409 1870 1231 1230 1355 
1340 485 1113 1237 0 1485 1386 648 1027 784 1171 2020 933 1010 1544 
1847 1182 1594 1718 1577 0 668 1310 813 1305 721 2589 855 801 2123 
1740 1088 1448 1572 1493 604 0 1310 770 1224 698 2377 787 723 1983 
1661 597 1369 1493 613 1294 1284 0 725 1156 856 2295 634 890 1868 
1420 659 1156 1280 1092 684 810 622 0 845 131 2111 95 346 1624 
893 614 703 836 768 1237 1097 1106 792 0 870 1785 714 721 1250 
1483 714 1195 1319 1155 651 769 716 122 878 0 2127 193 348 1687 
1062 1890 1617 1741 1910 2308 2272 2302 1937 1533 2042 0 1849 1819 976 
1340 577 1069 1193 872 733 853 554 98 763 229 2020 0 439 1544 
1340 615 1113 1237 966 707 614 778 292 779 299 2020 310 0 1544 
749 1530 1261 1385 1603 1995 1959 1946 1576 1191 1671 1303 1493 1492 0 
0 1119 939 1042 1278 1654 1576 1583 1228 840 1344 977 1138 1141 567 
1151 0 939 1042 380 1101 979 609 724 571 797 1891 586 581 1421 
1030 1034 0 132 1211 1593 1515 1498 1167 786 1283 1747 1077 1080 1275 
992 1034 199 0 1210 1593 1515 1497 1143 766 1259 1712 1053 1080 1246 
1295 425 1128 1253 0 1456 1378 602 1007 769 1120 2069 916 932 1565 
1714 1034 1470 1595 1457 0 537 1291 719 1193 661 2478 750 699 1995 
1588 951 1344 1469 1326 515 0 1167 670 1100 605 2408 627 576 1878 
1550 581 1306 1431 531 1273 1217 0 751 1086 828 2319 613 781 1823 
1377 685 1136 1261 1039 732 705 684 0 843 163 2180 120 293 1647 
886 589 684 806 764 1121 1044 1081 773 0 845 1621 649 629 1106 
1377 734 1136 1261 1083 658 691 777 119 839 0 2180 213 291 1647 
1083 1934 1729 1859 2073 2479 2404 2421 2097 1681 2129 0 2029 1950 1100 
1295 571 1054 1179 839 782 767 599 188 760 267 2069 0 404 1565 
1251 620 1015 1140 934 645 520 804 252 725 324 2069 277 0 1521 
823 1483 1277 1402 1636 2055 1988 1946 1621 1240 1737 1163 1531 1534 0 
0 1119 891 1024 1235 1607 1460 1498 1205 801 1289 885 1127 1098 543 
1137 0 947 1041 397 1072 979 613 682 575 799 1870 613 588 1455 
997 1077 0 129 1168 1524 1377 1441 1125 769 1206 1686 1047 1015 1250 
949 1047 198 0 1145 1497 1350 1421 1092 740 1179 1634 1014 988 1250 
1220 398 1044 1156 0 1334 1187 595 918 677 1020 1940 844 819 1538 
1651 1077 1445 1557 1384 0 574 1155 646 1169 615 2410 724 660 1981 
1601 1003 1390 1502 1313 508 0 1155 709 1116 616 2406 676 603 1981 
1512 543 1278 1390 532 1244 1152 0 680 1059 797 2221 602 775 1835 
1294 632 1126 1238 934 673 714 656 0 829 119 2001 116 260 1612 
789 534 593 722 687 1072 973 1008 671 0 788 1511 602 577 1078 
1294 725 1126 1238 1003 626 715 754 111 830 0 2001 214 276 1612 
920 1789 1561 1673 1860 2290 2116 2196 1847 1485 1938 0 1778 1749 982 
1220 536 1044 1156 835 733 790 560 91 750 208 1940 0 337 1538 
1197 613 1017 1129 895 657 575 775 265 718 313 1897 263 0 1515 
712 1428 1213 1325 1480 1896 1741 1818 1486 1115 1570 1101 1408 1379 0 
0 1184 938 1071 1302 1797 1742 1617 1330 935 1430 1006 1264 1228 594 
1116 0 837 972 417 1086 1084 584 625 605 748 1797 534 580 1362 
1037 1056 0 124 1230 1658 1593 1489 1191 824 1291 1701 1125 1089 1266 
945 1025 206 0 1179 1658 1543 1458 1191 799 1291 1701 1125 1089 1266 
1337 439 1123 1257 0 1526 1526 544 935 769 1077 2059 856 945 1583 
1765 1108 1546 1680 1472 0 572 1280 676 1265 628 2477 734 720 2001 
1713 1025 1469 1603 1402 536 0 1280 701 1192 635 2414 731 646 1933 
1595 614 1331 1465 540 1273 1278 0 690 1143 813 2305 599 791 1850 
1445 720 1166 1300 943 717 764 672 0 894 163 2136 97 317 1691 
807 656 624 748 722 1144 1151 1048 764 0 861 1533 680 662 1127 
1445 759 1166 1300 1083 651 750 783 111 894 0 2136 208 321 1691 
1055 1929 1669 1806 2071 2602 2354 2332 2111 1623 2159 0 2053 1984 971 
1358 623 1092 1226 839 775 810 587 106 797 229 2059 0 363 1604 
1334 639 1050 1184 952 691 577 773 295 774 343 2059 274 0 1580 
778 1533 1283 1417 1624 2272 2024 1953 1672 1235 1772 1234 1606 1570 0 
0 1185 938 1044 1349 1876 1688 1623 1438 887 1492 879 1308 1307 740 
1135 0 855 989 507 1129 1100 596 712 605 792 1785 610 612 1383 
1082 1107 0 134 1334 1721 1598 1545 1333 850 1387 1754 1203 1202 1329 
1046 1073 216 0 1334 1641 1552 1510 1253 812 1307 1699 1123 1122 1290 
1456 505 1177 1300 0 1519 1476 616 1125 799 1183 2101 995 998 1704 
1850 1080 1542 1665 1511 0 603 1255 738 1252 636 2486 771 692 2133 
1761 1013 1442 1565 1445 548 0 1255 709 1187 645 2416 697 617 2013 
1672 630 1353 1476 643 1229 1452 0 832 1090 954 2350 724 962 1929 
1514 654 1177 1300 1042 670 753 663 0 912 160 2173 82 300 1762 
951 602 702 836 782 1214 1177 1094 812 0 892 1616 727 712 1243 
1523 752 1207 1330 1122 610 753 771 119 926 0 2182 190 314 1771 
1021 1926 1634 1757 1995 2599 2441 2340 2113 1614 2174 0 2057 2001 968 
1456 572 1131 1254 961 739 799 581 109 852 231 2101 0 346 1704 
1417 653 1093 1216 1061 672 585 820 272 823 320 2092 293 0 1665 
769 1518 1246 1369 1666 2192 2069 1951 1771 1206 1829 1101 1641 1640 0 
0 1609 1101 1222 1706 2023 1743 1958 1676 1251 1755 970 1601 1522 594 
1228 0 967 1063 491 1227 1232 467 586 634 704 1897 488 721 1469 
1161 1410 0 128 1431 1959 1684 1747 1515 1050 1583 1870 1440 1361 1402 
1088 1296 208 0 1421 1904 1611 1633 1437 979 1498 1757 1362 1283 1329 
1656 438 1205 1326 0 1605 1606 531 957 822 1072 2382 878 1116 1984 
2106 1400 2056 2178 1740 0 593 1221 739 1566 641 2808 813 821 2383 
1833 1292 1722 1849 1659 552 0 1418 711 1292 611 2504 795 645 2121 
1812 583 1633 1754 561 1248 1464 0 766 1132 884 2504 668 974 2121 
1680 785 1337 1458 1088 656 802 728 0 958 120 2382 98 266 1984 
1144 833 831 965 898 1563 1327 1169 1050 0 1098 1870 975 906 1385 
1752 897 1552 1673 1190 565 710 836 121 999 0 2436 210 287 2004 
915 2239 1745 1873 2266 2710 2386 2598 2289 1812 2356 0 2223 2166 1020 
1592 687 1205 1326 947 682 898 639 98 848 216 2356 0 362 1868 
1667 864 1278 1399 1201 856 684 945 273 869 300 2382 328 0 1922 
1010 2175 1665 1786 2192 2639 2316 2564 2208 1728 2304 1348 2142 2071 0 
0 1034 861 1006 1156 1536 1482 1413 1227 784 1311 872 1158 1142 538 
1121 0 841 971 367 888 1039 436 441 572 553 1735 371 584 1314 
1036 979 0 124 1133 1520 1408 1340 1211 758 1295 1641 1142 1126 1220 
1036 979 200 0 1116 1520 1389 1323 1211 741 1295 1630 1142 1103 1209 
1248 368 1034 1158 0 1158 1265 443 704 720 816 1870 634 884 1441 
1563 919 1290 1414 1233 0 514 969 576 1022 509 2186 593 557 1756 
1503 865 1258 1382 1158 414 0 1018 590 990 527 2142 566 507 1696 
1486 439 1209 1333 477 980 1159 0 545 940 657 2115 475 725 1679 
1302 527 1079 1203 729 546 708 558 0 789 119 1940 75 219 1495 
872 557 627 746 669 1140 1088 860 757 0 848 1469 687 673 1078 
1302 636 1079 1203 838 490 651 667 111 794 0 1940 185 259 1495 
889 1779 1544 1668 1860 2180 2154 2173 1870 1454 1956 0 1810 1785 923 
1248 456 1007 1131 658 553 763 487 75 718 190 1870 0 274 1441 
1248 600 1007 1131 884 598 587 717 219 708 265 1870 265 0 1441 
768 1431 1194 1318 1494 1858 1814 1829 1522 1106 1606 1040 1453 1437 0 
0 1005 850 974 1133 1424 1383 1379 1129 747 1206 871 1060 1039 495 
959 0 795 917 343 803 757 436 441 463 553 1602 371 423 1220 
915 919 0 124 1096 1341 1300 1302 1075 710 1121 1587 1006 954 1209 
894 899 199 0 1081 1323 1282 1273 1040 691 1106 1567 971 939 1209 
1137 341 1034 1156 0 1126 1078 434 704 602 816 1784 634 735 1402 
1426 798 1273 1395 1121 0 434 950 546 958 488 2076 553 542 1691 
1383 756 1226 1348 1077 409 0 980 585 912 519 2071 555 500 1648 
1325 439 1178 1300 426 939 962 0 537 832 649 2001 467 627 1590 
1159 442 1034 1156 737 546 590 519 0 686 119 1870 75 207 1424 
726 468 615 735 604 884 838 828 604 0 671 1405 535 504 1016 
1159 530 1034 1156 847 490 568 628 111 683 0 1870 185 247 1424 
852 1624 1456 1578 1719 2052 2006 2000 1744 1353 1829 0 1675 1654 802 
1128 372 1007 1129 667 553 645 448 75 645 190 1775 0 262 1393 
1084 449 965 1088 766 512 466 652 207 602 253 1731 248 0 1349 
586 1279 1108 1230 1378 1698 1657 1653 1403 1017 1480 1001 1334 1313 0 
