13
10
5400
0
2234
2224
2425
2560
1991
2333
1951
2310
1829
2005
2090
2463
0 1120 1120 842 1189 803 1281 738 847 1071 1285 1296 625 
1155 0 670 372 666 757 898 725 851 982 1250 1199 747 
1092 677 0 543 426 981 572 531 525 1283 1448 1498 685 
885 391 596 0 694 580 824 530 777 875 1072 1085 484 
1196 668 439 696 0 1083 862 684 815 1395 1550 1610 789 
814 781 1016 596 1087 0 1299 792 1155 694 526 905 603 
1278 1266 648 1132 950 1524 0 768 496 1859 2017 2066 1131 
751 732 573 545 667 739 789 0 370 1040 1215 1261 385 
846 996 559 807 849 1117 526 384 0 1434 1584 1649 712 
1196 1063 1322 930 1401 780 1550 1123 1458 0 1250 634 884 
1315 1202 1434 1016 1513 508 1662 1212 1572 1104 0 1319 1010 
1280 1142 1388 986 1467 847 1616 1198 1532 430 1332 0 949 
606 695 694 470 762 587 954 381 709 831 1072 1048 0 
0 1877 1564 1502 1888 1050 1448 1091 1081 1661 1538 1870 939 
1466 0 728 379 668 810 954 921 888 1072 1380 1263 794 
1409 747 0 580 450 1147 582 752 528 1483 1709 1701 715 
1282 431 639 0 742 706 853 704 799 1072 1275 1298 607 
1566 683 439 755 0 1352 916 996 859 1698 1955 1917 852 
872 920 1277 743 1421 0 1505 1046 1451 803 595 1040 658 
1316 1004 648 830 931 1500 0 790 540 1866 2111 2084 971 
992 1000 792 756 897 944 861 0 445 1292 1509 1510 544 
967 924 606 757 856 1361 585 415 0 1720 1955 1928 878 
1408 1095 1592 1021 1741 786 1854 1291 1780 0 1367 713 1107 
1396 1501 1741 1293 1946 558 1979 1440 1940 1244 0 1462 1177 
1563 1280 1730 1256 1946 944 1962 1429 1924 558 1509 0 1259 
784 993 951 711 1000 761 1165 579 1002 1094 1351 1298 0 
0 1528 1377 1140 1510 967 1630 1066 1227 1324 1542 1543 818 
1482 0 912 625 809 996 1155 1032 1153 1339 1580 1558 953 
1309 882 0 648 557 1143 661 675 707 1456 1727 1675 723 
1199 597 714 0 898 711 960 718 957 1062 1282 1291 585 
1562 920 524 973 0 1411 1085 982 1068 1753 1961 1977 1004 
891 1032 1174 695 1312 0 1427 960 1394 780 672 982 662 
1552 1204 766 923 1134 1394 0 935 595 1743 1955 1977 1004 
1079 1062 767 744 1031 888 1003 0 567 1226 1495 1445 523 
1221 1195 749 900 1126 1394 638 541 0 1743 1955 1977 980 
1398 1344 1490 1053 1623 826 1743 1334 1710 0 1419 727 953 
1740 1759 1783 1417 1934 711 2069 1620 2006 1483 0 1702 1323 
1454 1448 1549 1134 1682 887 1816 1387 1769 511 1495 0 1017 
802 920 837 630 974 685 1085 511 964 951 1262 1199 0 
0 1390 1280 1095 1501 899 1540 974 1203 1265 1400 1509 720 
1390 0 897 598 895 949 1146 1071 1111 1265 1498 1509 953 
1221 871 0 664 621 1093 685 698 675 1394 1649 1638 707 
1122 584 681 0 893 629 959 663 966 956 1184 1194 550 
1395 894 555 876 0 1262 1094 1029 1072 1583 1816 1835 891 
1089 1046 1166 762 1359 0 1426 988 1441 802 642 1047 658 
1462 1161 752 921 1130 1331 0 956 616 1652 1889 1893 973 
1019 1051 776 734 1024 870 1038 0 528 1200 1427 1444 490 
1179 1087 695 866 1079 1277 643 530 0 1598 1836 1848 939 
1304 1369 1417 1088 1653 829 1677 1275 1693 0 1386 701 948 
1528 1557 1660 1214 1901 664 1929 1465 1932 1313 0 1557 1200 
1404 1531 1541 1171 1777 949 1816 1381 1816 528 1503 0 1077 
726 894 806 588 1009 669 1050 540 962 943 1222 1177 0 
0 1239 1240 1036 1507 821 1460 1003 1089 1212 1396 1441 713 
1349 0 836 546 745 925 1079 1058 1052 1157 1483 1386 870 
1220 784 0 703 536 1129 672 715 588 1411 1667 1640 738 
1109 504 704 0 865 653 973 755 886 989 1229 1207 612 
1463 794 546 987 0 1363 1062 949 988 1651 1943 1919 982 
826 846 1101 696 1319 0 1321 990 1310 751 612 988 668 
1463 1008 736 922 1088 1346 0 949 512 1651 1943 1919 971 
983 880 725 668 958 837 983 0 567 1159 1388 1388 501 
1109 976 672 898 1061 1313 616 499 0 1601 1876 1834 918 
1299 1165 1389 991 1652 807 1609 1272 1598 0 1368 687 939 
1331 1385 1595 1160 1890 695 1816 1447 1811 1291 0 1538 1163 
1383 1306 1501 1093 1764 930 1721 1357 1710 499 1483 0 1035 
733 769 765 586 877 591 1019 622 940 870 1196 1126 0 
0 1400 1380 1115 1672 989 1689 1019 1220 1286 1521 1503 740 
1354 0 796 555 799 895 1112 972 1080 1235 1495 1452 831 
1246 802 0 708 569 1122 635 709 606 1453 1706 1670 726 
1117 500 653 0 918 669 916 700 877 1027 1248 1229 606 
1544 828 592 995 0 1414 1147 970 1102 1722 2022 1943 1032 
1019 896 1162 821 1400 0 1471 907 1416 765 614 999 685 
1522 1080 734 987 1244 1389 0 954 558 1700 1981 1925 1007 
966 953 763 736 1080 884 1045 0 528 1235 1495 1452 536 
1125 1047 662 956 1188 1345 666 563 0 1663 1952 1878 946 
1377 1282 1534 1067 1818 819 1881 1272 1785 0 1418 719 1009 
1486 1419 1650 1211 1915 588 1922 1388 1890 1251 0 1468 1204 
1523 1439 1662 1223 1915 989 1948 1400 1911 551 1573 0 1180 
730 836 821 593 1080 650 1143 541 956 942 1201 1176 0 
0 1362 1329 1177 1571 954 1475 1086 1194 1345 1424 1586 737 
1392 0 769 507 807 865 1023 986 998 1226 1426 1467 829 
1359 829 0 735 556 1198 651 712 682 1595 1754 1848 797 
1194 468 750 0 1046 698 999 774 979 1062 1265 1310 622 
1583 930 554 1009 0 1444 1067 1052 1060 1863 2001 2124 1027 
888 858 1153 726 1401 0 1415 978 1400 819 606 1046 684 
1542 1570 786 1473 1119 1895 0 991 596 2392 2464 2646 1459 
1046 1022 801 761 1092 873 973 0 517 1226 1426 1467 519 
1223 1410 687 1171 1032 1401 652 554 0 1798 1958 2081 975 
1392 1215 1556 1075 1798 833 1854 1307 1762 0 1399 741 1002 
1550 1382 1748 1246 2040 645 2072 1499 1982 1341 0 1582 1204 
1508 1363 1679 1227 1968 950 1976 1430 1886 551 1500 0 1095 
760 849 821 670 1087 683 1067 608 1027 983 1254 1238 0 
0 1479 1541 1153 1744 933 1380 1091 1031 1576 1416 1895 743 
1585 0 935 410 846 996 1215 1200 1231 1165 1508 1451 1122 
1463 723 0 604 452 1419 687 715 697 1716 1931 1965 819 
1268 458 771 0 994 826 1111 825 1057 1204 1348 1490 719 
1815 810 481 954 0 1782 1062 1108 1042 1971 2396 2235 1208 
900 981 1436 797 1636 0 1742 1202 1528 915 648 1241 822 
1543 1441 736 1313 1051 2150 0 930 638 2204 2737 2459 1445 
1109 863 714 744 895 996 856 0 413 1468 1508 1777 547 
1139 1262 657 1091 971 1640 591 510 0 1924 2275 2181 975 
1662 1239 1848 1249 2042 996 2340 1736 2067 0 1508 817 1331 
1327 1384 1824 1205 2062 622 2205 1759 2084 1386 0 1727 1331 
1711 1333 1909 1319 2093 1100 2340 1920 2249 528 1612 0 1419 
818 1018 1082 686 1273 779 1394 776 1017 1290 1339 1576 0 
0 1245 1329 981 1407 856 1306 861 918 1194 1318 1462 673 
1196 0 720 395 666 805 973 751 928 1071 1305 1343 736 
1135 689 0 560 444 1051 599 531 554 1327 1518 1595 651 
1013 391 645 0 751 622 895 581 835 995 1117 1226 544 
1248 676 439 727 0 1138 891 734 846 1455 1605 1723 778 
871 818 1216 633 1296 0 1470 886 1245 807 526 978 639 
1299 1292 655 1163 950 1555 0 775 503 1899 2029 2088 1246 
839 756 580 563 667 830 789 0 370 1170 1305 1438 464 
945 1018 559 825 849 1191 526 384 0 1532 1658 1800 830 
1196 1049 1403 937 1481 767 1657 1142 1512 0 1250 658 880 
1400 1336 1622 1173 1700 597 1883 1448 1798 1274 0 1542 1127 
1331 1185 1491 1083 1569 898 1745 1317 1681 535 1375 0 1007 
658 856 875 531 942 627 1125 500 799 961 1117 1170 0 
0 1161 1179 891 1231 823 1281 809 851 1118 1305 1326 662 
1155 0 670 372 666 793 898 773 851 1018 1260 1196 717 
1124 703 0 569 426 1051 585 602 538 1277 1516 1485 678 
881 391 596 0 712 616 824 530 777 875 1117 1109 461 
1210 668 439 708 0 1127 862 739 815 1377 1592 1585 774 
823 793 1040 608 1104 0 1299 804 1166 715 565 943 594 
1281 936 652 802 879 1254 0 768 496 1524 1719 1732 953 
810 742 573 545 667 788 789 0 370 1049 1260 1289 491 
846 860 561 726 803 1127 526 384 0 1404 1592 1612 790 
1174 1041 1299 894 1380 761 1527 1090 1450 0 1250 607 839 
1324 1206 1456 1016 1537 514 1684 1215 1575 1118 0 1326 1006 
1281 1128 1407 980 1488 846 1635 1198 1537 430 1332 0 953 
652 697 696 472 765 609 954 431 759 823 1117 1050 0 
