23
5
10800
0
997
902
1080
1317
1270
1097
1397
1179
1442
1284
1303
1174
1324
1183
936
1172
1339
919
1268
1052
921
1496
0 1335 1200 1675 669 1212 1005 1233 1938 1014 1395 845 622 1455 1105 1112 1000 786 1126 1015 795 1442 960 
1247 0 1215 605 941 1227 1434 1248 929 768 1410 513 893 1470 1097 1125 499 971 1125 1285 738 1185 975 
1195 1407 0 1747 882 118 864 123 2025 1068 285 919 868 344 436 555 1053 690 408 715 756 1472 350 
1621 523 1609 0 1326 1621 1825 1642 1288 1146 1823 889 1290 1866 1512 1514 875 1331 1535 1674 1132 1558 1369 
647 1066 893 1406 0 919 896 926 1667 771 1088 613 355 1085 792 690 749 197 813 747 549 1185 647 
1273 1470 118 1812 944 0 925 183 2064 1104 295 979 930 404 509 615 1116 750 483 775 816 1516 410 
940 1914 1208 2243 863 1220 0 1182 2470 1531 1149 1405 1208 1026 1049 661 1552 859 1051 253 1228 1966 880 
1247 1418 123 1758 891 183 873 0 2025 1068 162 925 877 254 458 564 1064 699 473 724 765 1472 359 
1800 967 1788 1312 1505 1800 2008 1821 0 1332 1983 1078 1457 2052 1652 1693 1074 1510 1680 1859 1303 1744 1548 
1007 790 994 1122 720 1006 1247 1027 1333 0 1189 338 553 1243 830 886 395 731 858 1098 481 667 729 
1365 1572 285 1914 1054 312 1059 162 2176 1225 0 1083 1044 227 620 641 1218 861 635 886 936 1637 521 
897 564 876 896 612 886 1098 921 1095 373 1083 0 498 1142 764 787 215 623 792 949 382 784 630 
669 957 854 1300 358 864 1082 887 1535 553 1049 498 0 1125 753 765 583 409 774 930 448 1003 608 
1366 1585 344 1956 1075 404 925 252 2176 1242 219 1096 1057 0 627 510 1231 868 642 771 936 1654 528 
1113 1215 433 1555 769 451 729 474 1829 871 636 759 755 681 0 420 900 577 40 580 426 1299 208 
1113 1325 632 1665 691 642 451 665 1924 966 633 831 785 510 471 0 967 568 469 302 624 1396 299 
1012 534 1013 866 723 1025 1247 1046 1074 495 1208 217 622 1267 875 914 0 734 906 1098 526 916 755 
754 1054 727 1392 197 737 890 760 1630 746 923 588 406 938 626 567 724 0 647 741 407 1157 481 
1113 1256 404 1596 790 414 765 437 1847 900 599 787 776 653 40 456 929 598 0 616 454 1326 229 
982 1712 1013 2076 815 1025 229 973 2334 1372 937 1223 1182 808 843 456 1358 811 838 0 1046 1784 675 
824 820 562 1189 515 572 782 595 1359 483 757 363 504 816 420 473 512 381 448 633 0 894 316 
1427 1201 1382 1541 1132 1394 1596 1415 1790 589 1577 736 981 1637 1229 1287 793 1132 1257 1447 879 0 1142 
940 1124 338 1464 629 348 611 371 1703 791 533 661 615 592 208 299 797 437 229 462 495 1209 0 
0 1554 1434 2019 842 1456 1131 1527 2191 1309 1720 1005 869 1783 1329 1310 1188 1104 1335 1206 1096 1772 1131 
1403 0 1421 732 1123 1443 1644 1514 1273 922 1707 584 1033 1770 1313 1297 591 1205 1322 1463 893 1366 1118 
1507 1737 0 2224 1204 127 1145 249 2377 1413 431 1188 1120 518 610 814 1371 1000 574 964 1111 1868 517 
1796 614 1817 0 1493 1829 2023 1895 1618 1363 2134 990 1409 2170 1703 1684 990 1574 1709 1903 1287 1830 1505 
822 1281 1159 1685 0 1181 1257 1252 1924 1026 1445 805 479 1508 1039 1030 958 323 1048 1076 801 1489 857 
1572 1766 148 2251 1234 0 1187 276 2407 1435 338 1217 1185 545 634 840 1400 1022 598 1006 1121 1921 543 
1178 1783 1075 2251 1143 1097 0 1168 2481 1458 1360 1234 1185 1199 950 579 1417 1040 963 290 1111 1922 767 
1493 1728 195 2224 1150 218 1133 0 2366 1407 208 1179 1106 325 683 797 1362 957 655 952 1102 1868 500 
2126 1176 2111 1580 1767 2078 2307 2169 0 1632 2399 1274 1683 2451 1984 1985 1269 1853 1990 2187 1561 2068 1779 
1212 895 1196 1338 930 1218 1419 1289 1625 0 1482 457 725 1545 1055 1072 487 995 1096 1238 644 868 906 
1650 1893 353 2366 1333 332 1298 168 2528 1550 0 1340 1263 316 841 932 1523 1145 813 1117 1220 1990 658 
1063 634 1085 1092 801 1107 1298 1178 1426 510 1371 0 655 1451 977 953 253 829 982 1117 516 968 784 
807 1101 1022 1503 486 1044 1298 1115 1753 768 1308 618 0 1385 954 912 728 539 936 1117 640 1194 736 
1661 1906 527 2366 1344 557 1298 355 2528 1557 291 1347 1274 0 851 735 1530 1145 823 1102 1253 1990 668 
1311 1455 564 1906 957 528 827 676 2118 1125 807 954 916 915 0 516 1089 727 55 664 656 1583 267 
1311 1500 792 1938 930 756 541 881 2152 1193 817 966 916 673 677 0 1134 715 649 378 844 1656 424 
1212 584 1257 1030 957 1279 1466 1350 1395 634 1543 275 779 1606 1096 1119 0 1000 1137 1285 692 1083 952 
940 1261 960 1665 307 930 1162 1029 1904 1004 1222 786 534 1289 848 823 939 0 849 981 695 1449 644 
1339 1528 521 1968 968 485 862 633 2185 1193 764 981 949 869 58 551 1162 762 0 699 707 1656 287 
1261 1783 1045 2251 1131 1067 295 1138 2481 1458 1275 1234 1185 1114 944 568 1417 1028 963 0 1102 1922 756 
1032 923 718 1373 701 682 898 830 1645 657 976 475 670 1089 612 587 618 468 613 735 0 1124 408 
1779 1584 1763 2033 1476 1785 1982 1857 2242 811 2096 1071 1346 2130 1658 1639 1130 1557 1664 1859 1220 0 1460 
1143 1327 441 1731 792 405 707 553 1970 1026 684 844 761 779 311 396 975 572 323 544 736 1489 0 
0 1472 1349 1924 832 1340 1145 1431 2148 1109 1607 949 764 1673 1297 1274 1128 1064 1270 1250 981 1606 1079 
1365 0 1289 710 1048 1280 1501 1371 1031 808 1547 530 945 1613 1237 1214 550 1068 1210 1351 763 1307 1019 
1514 1677 0 2108 1170 124 1083 205 2353 1292 380 1165 1120 494 589 786 1333 952 573 924 1071 1789 499 
1864 669 1810 0 1539 1796 2037 1917 1543 1336 2076 1057 1464 2224 1753 1730 1095 1603 1726 1888 1286 1846 1535 
833 1236 985 1682 0 974 1144 1064 1934 888 1240 716 478 1277 887 893 913 342 890 994 647 1382 694 
1480 1651 141 2108 1135 0 1073 225 2329 1279 358 1139 1088 514 570 770 1307 952 554 916 1071 1776 483 
1188 1684 1017 2108 1099 1008 0 1099 2370 1324 1275 1172 1125 1176 860 567 1340 988 898 287 1100 1823 715 
1463 1601 198 2066 1124 250 1027 0 2277 1241 175 1089 1054 289 646 735 1257 877 623 873 1027 1738 448 
2067 1157 2004 1650 1749 2012 2240 2120 0 1516 2279 1267 1674 2415 1963 1925 1294 1841 1982 2091 1496 2104 1745 
1183 859 1072 1340 845 1063 1269 1154 1470 0 1330 403 577 1394 1012 983 440 836 969 1119 524 800 783 
1620 1784 374 2217 1296 358 1253 185 2463 1424 0 1272 1226 257 819 750 1440 1088 796 1103 1209 1945 621 
1036 616 1017 1049 739 1008 1253 1099 1237 420 1275 0 538 1311 910 910 272 730 923 1103 463 904 713 
770 1028 929 1461 455 919 1123 963 1710 571 1139 501 0 1212 824 830 661 591 827 973 523 1088 631 
1594 1758 462 2193 1264 514 1059 293 2442 1381 290 1246 1200 0 786 595 1414 1068 763 900 1156 1937 588 
1338 1390 548 1833 970 536 865 598 2075 1014 773 878 930 851 0 546 1070 741 49 684 653 1526 273 
1286 1429 748 1894 937 736 520 798 2099 1070 839 903 890 647 607 0 1085 704 571 339 836 1567 361 
1183 611 1119 1049 859 1110 1334 1201 1237 564 1377 293 682 1443 1070 1047 0 850 1018 1184 583 1047 833 
924 1176 856 1631 286 844 1073 921 1871 840 1097 668 539 1172 765 757 864 0 768 916 555 1345 572 
1338 1472 510 1924 976 498 880 560 2148 1105 735 949 936 813 98 561 1128 749 0 699 722 1602 278 
1188 1651 969 2108 1030 952 270 1016 2329 1286 1177 1139 1088 1008 821 528 1307 952 859 0 1071 1783 676 
970 882 623 1340 677 611 857 673 1538 516 848 384 620 951 532 538 580 427 535 676 0 1022 339 
1650 1416 1551 1862 1331 1542 1763 1633 2075 734 1823 893 1128 1885 1499 1476 934 1394 1472 1613 1016 0 1281 
1093 1236 413 1682 755 401 701 463 1934 895 638 723 710 734 264 382 919 524 268 520 685 1383 0 
0 1580 1528 2077 869 1541 1154 1595 2254 1241 1783 1031 735 1880 1356 1370 1218 1127 1403 1255 1079 1695 1196 
1438 0 1595 695 1133 1576 1764 1662 1146 854 1832 616 1045 1971 1264 1437 592 1186 1311 1600 856 1362 1263 
1522 1756 0 2237 1174 136 1065 181 2481 1369 400 1207 1127 493 623 774 1394 985 635 916 1114 1853 478 
1847 618 1964 0 1542 1965 2222 2048 1547 1324 2210 996 1459 2316 1675 1845 1013 1638 1722 2009 1301 1778 1658 
801 1322 1138 1781 0 1151 1130 1205 1961 1013 1393 831 495 1492 1000 1006 1009 351 1047 966 778 1492 812 
1551 1792 166 2243 1202 0 1095 262 2481 1405 347 1243 1156 592 641 805 1430 1049 663 933 1134 1901 509 
1218 2377 1540 2823 1164 1553 0 1418 2959 1923 1339 1739 1552 1221 1348 870 1909 1145 1395 289 1648 2371 1206 
1527 1777 219 2237 1174 253 1084 0 2481 1390 224 1228 1132 392 720 783 1415 985 712 916 1124 1863 487 
2147 1180 2304 1681 1838 2310 2521 2421 0 1599 2560 1298 1734 2659 2008 2155 1311 1935 2054 2308 1584 2072 1976 
1258 964 1264 1470 966 1277 1438 1331 1683 0 1519 483 760 1618 1039 1111 548 1008 1086 1274 620 790 926 
1683 1970 404 2376 1334 332 1277 234 2622 1540 0 1378 1288 310 874 844 1565 1136 866 1113 1252 1995 641 
1099 674 1138 1103 815 1151 1301 1205 1342 439 1393 0 640 1492 948 1006 303 861 995 1137 494 936 802 
774 1112 1090 1582 511 1103 1277 1157 1730 650 1345 622 0 1444 933 944 763 626 970 1113 667 1175 750 
1720 2013 481 2419 1371 515 1127 301 2633 1582 258 1420 1325 0 906 686 1607 1154 896 963 1271 2072 671 
1350 1483 540 1965 1019 497 874 577 2149 1091 796 931 945 867 0 568 1121 806 95 695 712 1545 278 
1377 1605 849 2104 1019 806 540 834 2276 1241 791 1056 972 651 647 0 1243 819 670 361 911 1695 433 
1258 598 1301 1029 936 1314 1475 1368 1282 578 1556 288 779 1655 1057 1148 0 1008 1104 1311 651 1071 969 
951 1266 962 1725 320 972 1127 1049 1896 905 1237 781 541 1336 840 838 956 0 881 963 602 1393 641 
1390 1551 551 2011 1047 508 937 588 2236 1137 807 988 1001 878 74 628 1189 842 0 755 772 1591 318 
1218 2239 1409 2656 1136 1422 271 1259 2806 1800 1180 1638 1513 1062 1165 685 1813 1106 1212 0 1465 2280 1008 
1040 930 768 1406 710 725 925 805 1589 535 1003 431 635 1097 612 615 572 486 658 742 0 1065 418 
1673 1414 1750 1876 1354 1763 1983 1821 2088 727 1983 907 1175 2077 1449 1592 975 1418 1496 1755 1061 0 1418 
1135 1322 434 1781 807 391 701 471 1961 952 690 837 732 735 256 387 1034 592 297 522 732 1463 0 
0 1541 1395 1859 742 1400 1005 1438 1978 1161 1600 973 758 1659 1294 1297 1110 1017 1315 1057 968 1571 1148 
1321 0 1368 674 1041 1373 1605 1411 995 858 1573 552 996 1632 1159 1270 532 1075 1188 1471 804 1244 1121 
1314 1563 0 1886 997 125 976 150 2025 1161 312 1003 970 371 455 640 1132 786 427 827 865 1571 400 
1670 527 1684 0 1396 1689 1927 1727 1328 1168 1894 897 1333 1954 1556 1586 877 1437 1568 1787 1165 1578 1437 
809 1292 1145 1608 0 1150 925 1188 1728 948 1254 717 453 1131 1002 763 843 335 1028 756 689 1327 833 
1373 1612 126 1960 1055 0 1027 191 2048 1189 308 1052 1019 412 511 681 1181 827 483 868 914 1599 441 
964 1936 1212 2300 924 1217 0 1182 2465 1559 1149 1433 1342 1026 1077 668 1575 922 1051 260 1293 1975 887 
1313 1541 148 1859 962 205 967 0 1978 1161 162 985 958 254 478 619 1110 765 493 806 844 1571 379 
2013 1237 2052 1553 1743 2052 2273 2085 0 1516 2247 1263 1681 2306 1876 1951 1246 1784 1906 2124 1515 1931 1784 
1185 874 1168 1292 817 1204 1444 1242 1437 0 1404 384 612 1463 887 1109 423 879 922 1310 546 668 963 
1456 1704 293 2025 1148 310 1082 162 2139 1273 0 1144 1126 227 629 641 1273 942 644 944 1018 1683 530 
1042 613 1071 1055 674 1076 1322 1114 1164 421 1276 0 577 1323 791 960 217 736 819 1188 396 786 805 
822 1115 1070 1426 442 1075 1322 1113 1568 637 1275 546 0 1334 948 987 633 541 969 1188 518 1003 801 
1471 1734 369 2046 1171 426 950 252 2176 1305 219 1174 1141 0 658 510 1303 942 667 800 1064 1715 559 
1185 1364 433 1680 815 490 792 545 1800 966 707 793 801 681 0 456 919 619 40 643 466 1334 215 
1185 1418 705 1734 789 688 478 667 1864 1014 634 857 819 511 481 0 1000 631 469 329 676 1441 299 
1185 590 1173 1032 777 1178 1418 1216 1148 495 1378 217 701 1437 894 1083 0 839 922 1284 553 923 921 
940 1267 971 1583 253 948 925 1013 1683 905 1073 674 493 951 775 576 800 0 800 761 497 1299 639 
1185 1392 405 1708 836 460 828 515 1829 978 677 822 822 653 40 473 955 640 0 679 494 1369 236 
997 1804 1047 2129 870 1052 229 973 2236 1401 937 1242 1226 808 853 456 1371 861 838 0 1078 1823 675 
1026 870 805 1292 631 788 1010 843 1437 560 1008 370 608 1008 454 638 513 430 482 848 0 936 490 
1573 1402 1587 1718 1299 1592 1825 1630 1839 678 1792 845 1106 1853 1389 1489 884 1340 1418 1690 1015 0 1340 
1114 1292 412 1608 696 395 669 450 1728 931 612 720 682 612 215 299 846 500 236 520 563 1299 0 
